sr#,problem_code,date_initiated,description,category,dispatch_to,address,zone,keymap,zip_code,status,initiated_date,initiated_time
169937,Tree Trim,2020-01-01 12:29 PM,Tree Trim Inspection,TREEMAINTENANCE,"PATINO, ARNULFO",700 W DREW ST,"2, ZONE",493N,77006,CLOSED,2020-01-01,12:29 PM
169938,Tree Removal,2020-01-02 12:10 AM,Tree Removal Inspection,TREEMAINTENANCE,"PATINO, ARNULFO",5803 CHEENA DR,"7, ZONE",531S,77096,CLOSED,2020-01-02,12:10 AM
169940,Tree Trim,2020-01-02 08:54 AM,Tree Trim Inspection,TREEMAINTENANCE,"BLANCHETTE, PETER",1709  MARSHALL ,"2, ZONE",492V,5356a,CLOSED,2020-01-02,08:54 AM
169942,Tree Removal,2020-01-02 10:46 AM,Tree Removal Inspection,TREEMAINTENANCE,"PATINO, ARNULFO",425 HEIGHTS BLVD,"3, ZONE",493E,77007,CLOSED,2020-01-02,10:46 AM
169943,Tree Trim,2020-01-02 11:01 AM,Tree Trim Inspection,TREEMAINTENANCE,"BLANCHETTE, PETER",10119  GLENMAWR ,"6, ZONE",576S,5751a,CLOSED,2020-01-02,11:01 AM
169946,Tree Trim,2020-01-02 02:46 PM,Tree Trim Inspection,TREEMAINTENANCE,"UF - JONES, CODY",2513  JUDIWAY ,"3, ZONE",452N,5260c,CLOSED,2020-01-02,02:46 PM
169947,Tree Trim,2020-01-02 03:57 PM,Tree Trim Inspection,TREEMAINTENANCE,"UF - JONES, CODY",1300  WAVERLY & 700 W 13TH ,"3, ZONE",452Z,5359c,CLOSED,2020-01-02,03:57 PM
169948,Tree Stump Grinding,2020-01-02 05:02 PM,Tree Stump Inspection,TREEMAINTENANCE,"BLANCHETTE, PETER",804 W MAIN ,"2, ZONE",493S,5356b,CLOSED,2020-01-02,05:02 PM
169951,Tree Trim,2020-01-03 07:52 AM,Tree Trim Inspection,TREEMAINTENANCE,"PATINO, ARNULFO",BRIAR FOREST DR & RIVERVIEW DR,"2, ZONE",489N,77077,CLOSED,2020-01-03,07:52 AM
169956,Tree Trim,2020-01-03 09:51 AM,Tree Trim Inspection,TREEMAINTENANCE,"PATINO, ARNULFO",2415 DUNLAVY ST,"2, ZONE",492V,77006,CLOSED,2020-01-03,09:51 AM
169958,Tree Removal,2020-01-03 11:29 AM,Tree Removal Inspection,TREEMAINTENANCE,"PATINO, ARNULFO",11127 WINDMARK DR,"2, ZONE",529X,77099,CLOSED,2020-01-03,11:29 AM
169959,Tree Removal,2020-01-03 11:34 AM,Tree Removal Inspection,TREEMAINTENANCE,"PATINO, ARNULFO",3014 CHENEVERT ST,"2, ZONE",493U,77004,CLOSED,2020-01-03,11:34 AM
169960,Tree Trim,2020-01-03 12:50 PM,Tree Trim Inspection,TREEMAINTENANCE,"BLANCHETTE, PETER",6531  AVENUE C ,"5, ZONE",494V,5556a,CLOSED,2020-01-03,12:50 PM
169961,Tree Removal,2020-01-03 02:19 PM,Tree Removal Inspection,TREEMAINTENANCE,"PATINO, ARNULFO",4823 CHANTILLY LN,"3, ZONE",451L,77092,CLOSED,2020-01-03,02:19 PM
169962,Tree Removal,2020-01-03 02:46 PM,Tree Removal Inspection,TREEMAINTENANCE,"PATINO, ARNULFO",8507 ROCKMONT CT,"7, ZONE",610G,77489,CLOSED,2020-01-03,02:46 PM
169963,Tree Trim,2020-01-04 12:42 PM,Tree Trim Inspection,TREEMAINTENANCE,"BLANCHETTE, PETER",1355 W GRAY ,"2, ZONE",493N,5357c,CLOSED,2020-01-04,12:42 PM
169964,Tree Trim,2020-01-04 12:44 PM,Tree Trim Inspection,TREEMAINTENANCE,"BLANCHETTE, PETER",1135 W GRAY ,"2, ZONE",493N,5357c,CLOSED,2020-01-04,12:44 PM
169965,Tree Removal,2020-01-04 01:45 PM,Tree Removal Inspection,TREEMAINTENANCE,"BLANCHETTE, PETER",8317  BRANIFF ,"6, ZONE",575L,5652c,CLOSED,2020-01-04,01:45 PM
169966,Tree Removal,2020-01-04 02:10 PM,Tree Removal Inspection,TREEMAINTENANCE,"PATINO, ARNULFO",4038 OSBY DR,"7, ZONE",532S,77025,CLOSED,2020-01-04,02:10 PM
169967,Tree Removal,2020-01-04 03:19 PM,Tree Removal Inspection,TREEMAINTENANCE,"BLANCHETTE, PETER",8202  CONCORD ,"5, ZONE",535K,5655c,CLOSED,2020-01-04,03:19 PM
169969,Tree Trim,2020-01-06 07:26 AM,Tree Trim Inspection,TREEMAINTENANCE,"BLANCHETTE, PETER",6318  HAMBLEN ,"4, ZONE",375W,5564b,CLOSED,2020-01-06,07:26 AM
169970,Tree Trim,2020-01-06 08:55 AM,Tree Trim Inspection,TREEMAINTENANCE,"BLANCHETTE, PETER", 1300 CULLEN BLVD & 4100 POLK ST,"5, ZONE",494S,5456b,CLOSED,2020-01-06,08:55 AM
169971,Tree Trim,2020-01-06 09:10 AM,Tree Trim Inspection,TREEMAINTENANCE,"UF - JONES, CODY", 2100 DU BARRY LN & 2000 EBONY LN,"3, ZONE",452N,5260c,CLOSED,2020-01-06,09:10 AM
169972,Tree Trim,2020-01-06 09:32 AM,Tree Trim Inspection,TREEMAINTENANCE,"UF - JONES, CODY",1550  DIPLOMAT ,"3, ZONE",412P,5262a,CLOSED,2020-01-06,09:32 AM
169973,Tree Removal,2020-01-06 09:49 AM,Tree Removal Inspection,TREEMAINTENANCE,"PATINO, ARNULFO",5602 HAZEN ST,"7, ZONE",531J,77081,CLOSED,2020-01-06,09:49 AM
169974,Tree Trim,2020-01-06 10:16 AM,Tree Trim Inspection,TREEMAINTENANCE,"BLANCHETTE, PETER",3806  KASHMERE ,"4, ZONE",454X,5559c,CLOSED,2020-01-06,10:16 AM
169976,Tree Trim,2020-01-06 12:05 PM,Tree Trim Inspection,TREEMAINTENANCE,"BLANCHETTE, PETER",6746  CROSSWELL ,"6, ZONE",574C,5553c,CLOSED,2020-01-06,12:05 PM
169978,Tree Trim,2020-01-06 01:07 PM,Tree Trim Inspection,TREEMAINTENANCE,"BLANCHETTE, PETER",619  LEICESTER ,"5, ZONE",617A,5850b,CLOSED,2020-01-06,01:07 PM
169979,Tree Trim,2020-01-06 01:23 PM,Tree Trim Inspection,TREEMAINTENANCE,"BLANCHETTE, PETER",9202 E AVENUE O ,"5, ZONE",535C,5656d,CLOSED,2020-01-06,01:23 PM
169980,Tree Trim,2020-01-06 01:40 PM,Tree Trim Inspection,TREEMAINTENANCE,"PATINO, ARNULFO",1932 BISSONNET ST,"7, ZONE",492Z,77098,CLOSED,2020-01-06,01:40 PM
169981,Tree Removal,2020-01-06 02:08 PM,Tree Removal Inspection,TREEMAINTENANCE,"UF - JONES, CODY",11055  TIMBERLINE ,"3, ZONE",449X,4858b,CLOSED,2020-01-06,02:08 PM
169982,Tree Trim,2020-01-06 02:44 PM,Tree Trim Inspection,TREEMAINTENANCE,"PATINO, ARNULFO",6414 VERIDIAN GROVE DR,"2, ZONE",528H,77072,CLOSED,2020-01-06,02:44 PM
169983,Tree Trim,2020-01-06 03:02 PM,Tree Trim Inspection,TREEMAINTENANCE,"UF - JONES, CODY",525  HEIGHTS ,"3, ZONE",493A,5358c,CLOSED,2020-01-06,03:02 PM
169984,Tree Trim,2020-01-06 03:07 PM,Tree Trim Inspection,TREEMAINTENANCE,"UF - JONES, CODY",547  HEIGHTS ,"3, ZONE",493A,5358c,CLOSED,2020-01-06,03:07 PM
169985,Tree Trim,2020-01-06 03:39 PM,Tree Trim Inspection,TREEMAINTENANCE,"BLANCHETTE, PETER",301  FANNIN ,"1, ZONE",493M,5457a,CLOSED,2020-01-06,03:39 PM
169986,Tree Trim,2020-01-06 05:01 PM,Tree Trim Inspection,TREEMAINTENANCE,"PATINO, ARNULFO",12731 VILLAWOOD LN,"2, ZONE",528M,77072,CLOSED,2020-01-06,05:01 PM
169991,Tree Trim,2020-01-07 08:53 AM,Tree Trim Inspection,TREEMAINTENANCE,"BLANCHETTE, PETER", 1500 FRANKLIN ST & 200 LA BRANCH ST,"1, ZONE",493M,5457a,CLOSED,2020-01-07,08:53 AM
169992,Tree Trim,2020-01-07 09:18 AM,Tree Trim Inspection,TREEMAINTENANCE,"BLANCHETTE, PETER",23230  FAIRLAKE ,"4, ZONE",338R,6068a,CLOSED,2020-01-07,09:18 AM
169993,Tree Stump Grinding,2020-01-07 11:20 AM,Tree Stump Inspection,TREEMAINTENANCE,"PATINO, ARNULFO",3303 AUDLEY ST,"2, ZONE",492T,77098,CLOSED,2020-01-07,11:20 AM
169994,Tree Code Violation,2020-01-07 11:28 AM,Tree Code Violation Inspection,TREEPROTECTION,"PATINO, ARNULFO", 2300 BARTLETT ST & 4300 GREENBRIAR DR,"7, ZONE",492Y,5256d,CLOSED,2020-01-07,11:28 AM
169999,Tree Stump Grinding,2020-01-07 12:08 PM,Tree Stump Inspection,TREEMAINTENANCE,"BLANCHETTE, PETER",10303  SCOFIELD ,"7, ZONE",531U,5153b,CLOSED,2020-01-07,12:08 PM
170004,Tree Trim,2020-01-07 12:51 PM,Tree Trim Inspection,TREEMAINTENANCE,"PATINO, ARNULFO",1700 MISSOURI ST,"2, ZONE",492V,77006,CLOSED,2020-01-07,12:51 PM
170006,Tree Trim,2020-01-07 02:29 PM,Tree Trim Inspection,TREEMAINTENANCE,"PATINO, ARNULFO",BRAEBURN GLEN BLVD & JASON ST,"7, ZONE",530P,77074,CLOSED,2020-01-07,02:29 PM
170007,Tree Trim,2020-01-07 02:51 PM,Tree Trim Inspection,TREEMAINTENANCE,"PATINO, ARNULFO",5545 JUDALON LN,"2, ZONE",491X,77056,CLOSED,2020-01-07,02:51 PM
170008,Tree Removal,2020-01-07 03:21 PM,Tree Removal Inspection,TREEMAINTENANCE,"BLANCHETTE, PETER",3409  SADLER ,"4, ZONE",454F,5460b,CLOSED,2020-01-07,03:21 PM
170009,Tree Removal,2020-01-07 06:03 PM,Tree Removal Inspection,TREEMAINTENANCE,"BLANCHETTE, PETER",6621  BROWNSVILLE ,"4, ZONE",494D,5558b,CLOSED,2020-01-07,06:03 PM
170017,Tree Trim,2020-01-08 07:07 AM,Tree Trim Inspection,TREEMAINTENANCE,"PATINO, ARNULFO",438 HIGHWAY 6 S,"2, ZONE",488A,77094,CLOSED,2020-01-08,07:07 AM
170019,Tree Planting,2020-01-08 07:43 AM,Tree Planting Inspection,TREEPROTECTION,"PATINO, ARNULFO",6204 ARNOT ST,"2, ZONE",492F,77007,CLOSED,2020-01-08,07:43 AM
170020,Tree Trim,2020-01-08 09:12 AM,Tree Trim Inspection,TREEMAINTENANCE,"BLANCHETTE, PETER",3815  IRVINGTON ,"4, ZONE",453Y,5459c,CLOSED,2020-01-08,09:12 AM
170021,Tree Removal,2020-01-08 09:29 AM,Tree Removal Inspection,TREEMAINTENANCE,"BLANCHETTE, PETER",3515 E PINE BROOK ,"5, ZONE",578Y,6051c,CLOSED,2020-01-08,09:29 AM
170022,Tree Trim,2020-01-08 09:30 AM,Tree Trim Inspection,TREEMAINTENANCE,"BLANCHETTE, PETER",1511  COMMON ,"4, ZONE",493H,5458c,CLOSED,2020-01-08,09:30 AM
170023,Tree Planting,2020-01-08 09:30 AM,Tree Planting Inspection,TREEPROTECTION,"BLANCHETTE, PETER",3515 E PINE BROOK ,"5, ZONE",578Y,6051c,CLOSED,2020-01-08,09:30 AM
170024,Tree Removal,2020-01-08 10:41 AM,Tree Removal Inspection,TREEMAINTENANCE,"PATINO, ARNULFO",3815 LEMON TREE LN,"3, ZONE",411V,77088,CLOSED,2020-01-08,10:41 AM
170025,Tree Trim,2020-01-08 11:16 AM,Tree Trim Inspection,TREEMAINTENANCE,"PATINO, ARNULFO",1816 BOLSOVER ST,"7, ZONE",532D,77005,CLOSED,2020-01-08,11:16 AM
170026,Tree Trim,2020-01-08 12:22 PM,Tree Trim Inspection,TREEMAINTENANCE,"BLANCHETTE, PETER",7575  GULF ,"5, ZONE",535P,5654a,CLOSED,2020-01-08,12:22 PM
170027,Tree Trim,2020-01-08 12:37 PM,Tree Trim Inspection,TREEMAINTENANCE,"BLANCHETTE, PETER", 800 CAPLIN ST & 6300 IRVINGTON BLVD,"4, ZONE",453R,5459a,CLOSED,2020-01-08,12:37 PM
170028,Tree Trim,2020-01-08 01:43 PM,Tree Trim Inspection,TREEMAINTENANCE,"BLANCHETTE, PETER",3733  BLARNEY ,"6, ZONE",573Q,5451a,CLOSED,2020-01-08,01:43 PM
170033,Tree Trim,2020-01-08 03:29 PM,Tree Trim Inspection,TREEMAINTENANCE,"BLANCHETTE, PETER",321  GENOA RED BLUFF ,"5, ZONE",577N,5852c,CLOSED,2020-01-08,03:29 PM
170034,Tree Trim,2020-01-08 05:13 PM,Tree Trim Inspection,TREEMAINTENANCE,"BLANCHETTE, PETER", 4206 HAIN ST,"4, ZONE",453Y,5459c,CLOSED,2020-01-08,05:13 PM
170035,Tree Trim,2020-01-09 02:43 AM,Tree Trim Inspection,TREEMAINTENANCE,"BLANCHETTE, PETER", 2302 MONTROSE BLVD,"2, ZONE",493N,5357c,CLOSED,2020-01-09,02:43 AM
170036,Tree Trim,2020-01-09 06:35 AM,Tree Trim Inspection,TREEMAINTENANCE,"PATINO, ARNULFO",904 S SHEPHERD DR,"2, ZONE",492M,77019,CLOSED,2020-01-09,06:35 AM
170037,Tree Trim,2020-01-09 09:26 AM,Tree Trim Inspection,TREEMAINTENANCE,"UF - JONES, CODY", 10032 FULTON ST & 100 TURNER DR,"4, ZONE",453B,5361d,CLOSED,2020-01-09,09:26 AM
170038,Tree Trim,2020-01-09 10:12 AM,Tree Trim Inspection,TREEMAINTENANCE,"BLANCHETTE, PETER",11011  SEGREST ,"6, ZONE",573G,5452a,CLOSED,2020-01-09,10:12 AM
170043,Tree Removal,2020-01-09 12:25 PM,Tree Removal Inspection,TREEMAINTENANCE,"BLANCHETTE, PETER",8210  VENNARD ,"5, ZONE",576F,5752a,CLOSED,2020-01-09,12:25 PM
170044,Tree Removal,2020-01-09 12:49 PM,Tree Removal Inspection,TREEMAINTENANCE,"BLANCHETTE, PETER", 17300 W LINKAGE RD ,"5, ZONE",618M,6049b,CLOSED,2020-01-09,12:49 PM
170045,Tree Trim,2020-01-09 12:50 PM,Tree Trim Inspection,TREEMAINTENANCE,"PATINO, ARNULFO",411 BARKERS LANDING CT,"2, ZONE",488B,77079,CLOSED,2020-01-09,12:50 PM
170046,Tree Removal,2020-01-09 12:52 PM,Tree Removal Inspection,TREEMAINTENANCE,"PATINO, ARNULFO",11802 WOOD SHADOWS DR,"4, ZONE",496F,77013,CLOSED,2020-01-09,12:52 PM
170048,Tree Removal,2020-01-09 02:06 PM,Tree Removal Inspection,TREEMAINTENANCE,"BLANCHETTE, PETER",1718  HILL TOP ,"4, ZONE",336K,77339,CLOSED,2020-01-09,02:06 PM
170049,Tree Removal,2020-01-09 02:27 PM,Tree Removal Inspection,TREEMAINTENANCE,"PATINO, ARNULFO",5115 BRIARBEND DR,"7, ZONE",531Y,77035,CLOSED,2020-01-09,02:27 PM
170050,Tree Removal,2020-01-09 05:18 PM,Tree Removal Inspection,TREEMAINTENANCE,"UF - JONES, CODY",7006  BENT BRANCH ,"3, ZONE",411T,5162c,CLOSED,2020-01-09,05:18 PM
170051,Tree Removal,2020-01-09 05:52 PM,Tree Removal Inspection,TREEMAINTENANCE,"BLANCHETTE, PETER",938  CREAGER ,"5, ZONE",576A,5753c,CLOSED,2020-01-09,05:52 PM
170052,Tree Trim,2020-01-09 10:10 PM,Tree Trim Inspection,TREEMAINTENANCE,"BLANCHETTE, PETER",1701  BREWSTER ,"4, ZONE",494E,5458d,CLOSED,2020-01-09,10:10 PM
170057,Tree Trim,2020-01-10 08:50 AM,Tree Trim Inspection,TREEMAINTENANCE,"BLANCHETTE, PETER", 13800 HIRAM CLARKE RD & 0 W OREM DR,"7, ZONE",571M,5251a,CLOSED,2020-01-10,08:50 AM
170058,Tree Removal,2020-01-10 09:45 AM,Tree Removal Inspection,TREEMAINTENANCE,"BLANCHETTE, PETER",231  VICEROY ,"5, ZONE",576G,5753d,CLOSED,2020-01-10,09:45 AM
170059,Tree Trim,2020-01-10 09:49 AM,Tree Trim Inspection,TREEMAINTENANCE,"BLANCHETTE, PETER", 5500 HOMESTEAD RD & 0 N LOOP FWY E,"4, ZONE",454V,5559b,CLOSED,2020-01-10,09:49 AM
170062,Tree Trim,2020-01-10 11:36 AM,Tree Trim Inspection,TREEMAINTENANCE,"BLANCHETTE, PETER",5726  PEACOCK ,"6, ZONE",574E,5452b,CLOSED,2020-01-10,11:36 AM
170063,Tree Trim,2020-01-10 02:05 PM,Tree Trim Inspection,TREEMAINTENANCE,"BLANCHETTE, PETER",2318  CRESLINE ,"4, ZONE",414W,5461a,CLOSED,2020-01-10,02:05 PM
170064,Tree Removal,2020-01-10 02:27 PM,Tree Removal Inspection,TREEMAINTENANCE,"PATINO, ARNULFO",9610 CHATFIELD ST,"7, ZONE",532P,77025,CLOSED,2020-01-10,02:27 PM
170065,Tree Removal,2020-01-10 03:48 PM,Tree Removal Inspection,TREEMAINTENANCE,"UF - JONES, CODY",1145 W 25TH ST,"3, ZONE",452U,77008,CLOSED,2020-01-10,03:48 PM
170066,Tree Removal,2020-01-10 05:19 PM,Tree Removal Inspection,TREEMAINTENANCE,"BLANCHETTE, PETER",9006  HILDA ,"6, ZONE",533Z,5453d,CLOSED,2020-01-10,05:19 PM
170070,Tree Trim,2020-01-10 11:10 PM,Tree Trim Inspection,TREEMAINTENANCE,"BLANCHETTE, PETER",1625  MAIN ,"1, ZONE",493Q,5457c,CLOSED,2020-01-10,11:10 PM
170071,Tree Trim,2020-01-11 12:18 AM,Tree Trim Inspection,TREEMAINTENANCE,"PATINO, ARNULFO",8644 EMNORA LN,"3, ZONE",450R,77080,CLOSED,2020-01-11,12:18 AM
170072,Tree Trim,2020-01-11 08:26 AM,Tree Trim Inspection,TREEMAINTENANCE,"PATINO, ARNULFO",15706 BARKERS LANDING RD,"2, ZONE",488B,77079,CLOSED,2020-01-11,08:26 AM
170073,Tree Removal,2020-01-11 01:48 PM,Tree Removal Inspection,TREEMAINTENANCE,"BLANCHETTE, PETER",7702  APPLETON ,"4, ZONE",453L,5360b,CLOSED,2020-01-11,01:48 PM
170074,Tree Code Violation,2020-01-11 02:56 PM,Tree Code Violation Inspection,TREEPROTECTION,"UF - JONES, CODY",704  24TH ,"3, ZONE",453S,5359a,CLOSED,2020-01-11,02:56 PM
170075,Tree Removal,2020-01-12 09:52 AM,Tree Removal Inspection,TREEMAINTENANCE,"BLANCHETTE, PETER", 4002 LINDER ST,"4, ZONE",454P,5459b,CLOSED,2020-01-12,09:52 AM
170076,Tree Removal,2020-01-12 11:38 AM,Tree Removal Inspection,TREEMAINTENANCE,"PATINO, ARNULFO",600 SAGE RD,"2, ZONE",491L,77056,CLOSED,2020-01-12,11:38 AM
170077,Tree Removal,2020-01-12 12:43 PM,Tree Removal Inspection,TREEMAINTENANCE,"UF - JONES, CODY",W GULF BANK RD & JAYWOOD DR,"3, ZONE",410R,77040,CLOSED,2020-01-12,12:43 PM
170078,Tree Removal,2020-01-12 02:37 PM,Tree Removal Inspection,TREEMAINTENANCE,"PATINO, ARNULFO",1102 BANKS ST,"7, ZONE",493W,77006,CLOSED,2020-01-12,02:37 PM
170079,Tree Removal,2020-01-12 03:01 PM,Tree Removal Inspection,TREEMAINTENANCE,"BLANCHETTE, PETER",5411  CAPLIN ,"4, ZONE",454Q,5559a,CLOSED,2020-01-12,03:01 PM
170083,Tree Removal,2020-01-13 04:48 AM,Tree Removal Inspection,TREEMAINTENANCE,"PATINO, ARNULFO",2209 GRANT ST,"2, ZONE",493N,77006,CLOSED,2020-01-13,04:48 AM
170087,Tree Trim,2020-01-13 09:11 AM,Tree Trim Inspection,TREEMAINTENANCE,"BLANCHETTE, PETER",10602  KIRKGLEN ,"6, ZONE",576Y,5751d,CLOSED,2020-01-13,09:11 AM
170088,Tree Trim,2020-01-13 09:25 AM,Tree Trim Inspection,TREEMAINTENANCE,"BLANCHETTE, PETER",9206  ROOS ,"2, ZONE",530J,4954b,CLOSED,2020-01-13,09:25 AM
170089,Tree Trim,2020-01-13 09:56 AM,Tree Trim Inspection,TREEMAINTENANCE,"PATINO, ARNULFO",2002 ALBANS RD,"7, ZONE",532D,77005,CLOSED,2020-01-13,09:56 AM
170090,Tree Removal,2020-01-13 10:34 AM,Tree Removal Inspection,TREEMAINTENANCE,"PATINO, ARNULFO",1828 BISSONNET ST,"7, ZONE",492Z,77098,CLOSED,2020-01-13,10:34 AM
170091,Tree Removal,2020-01-13 10:38 AM,Tree Removal Inspection,TREEMAINTENANCE,"BLANCHETTE, PETER",9500 HUDSON RIVER TRL,"6, ZONE",575M,5752c,CLOSED,2020-01-13,10:38 AM
170092,Tree Planting,2020-01-13 11:25 AM,Tree Planting Inspection,TREEPROTECTION,"PATINO, ARNULFO",11755 RIVERVIEW DR,"2, ZONE",489J,77077,CLOSED,2020-01-13,11:25 AM
170093,Tree Removal,2020-01-13 12:20 PM,Tree Removal Inspection,TREEMAINTENANCE,"PATINO, ARNULFO",507 74TH ST,"5, ZONE",495W,77011,CLOSED,2020-01-13,12:20 PM
170095,Tree Trim,2020-01-13 01:12 PM,Tree Trim Inspection,TREEMAINTENANCE,"BLANCHETTE, PETER",6515  LYONS ,"4, ZONE",494H,5558d,CLOSED,2020-01-13,01:12 PM
170096,Tree Removal,2020-01-13 01:32 PM,Tree Removal Inspection,TREEMAINTENANCE,"PATINO, ARNULFO",10700 RICHMOND AVE,"2, ZONE",489Y,77042,CLOSED,2020-01-13,01:32 PM
170098,Tree Trim,2020-01-13 01:55 PM,Tree Trim Inspection,TREEMAINTENANCE,"BLANCHETTE, PETER",3518 TRAVIS ,"2, ZONE",493T,5356b,CLOSED,2020-01-13,01:55 PM
170102,Tree Removal,2020-01-13 02:09 PM,Tree Removal Inspection,TREEMAINTENANCE,"PATINO, ARNULFO",1845 HAROLD ST,"2, ZONE",492V,77098,CLOSED,2020-01-13,02:09 PM
170104,Tree Removal,2020-01-13 02:15 PM,Tree Removal Inspection,TREEMAINTENANCE,"PATINO, ARNULFO",1200 DEFENDER ST,"5, ZONE",495U,77029,CLOSED,2020-01-13,02:15 PM
170105,Tree Trim,2020-01-13 02:24 PM,Tree Trim Inspection,TREEMAINTENANCE,"PATINO, ARNULFO",2929 BRIARPARK DR,"2, ZONE",489V,77042,CLOSED,2020-01-13,02:24 PM
170107,Tree Trim,2020-01-13 07:13 PM,Tree Trim Inspection,TREEMAINTENANCE,"UF - JONES, CODY",4110  EUROPA ,"3, ZONE",453K,5360d,CLOSED,2020-01-13,07:13 PM
170114,Tree Removal,2020-01-14 08:50 AM,Tree Removal Inspection,TREEMAINTENANCE,"BLANCHETTE, PETER",5211 PAISLEY ST,"7, ZONE",531T,77096,CLOSED,2020-01-14,08:50 AM
170115,Tree Trim,2020-01-14 10:14 AM,Tree Trim Inspection,TREEMAINTENANCE,"UF - JONES, CODY", 1600 CASTLE CT & 4600 DUNLAVY ST,"2, ZONE",492Z,5356c,CLOSED,2020-01-14,10:14 AM
170117,Tree Removal,2020-01-14 10:41 AM,Tree Removal Inspection,TREEMAINTENANCE,"BLANCHETTE, PETER",5203  EMANCIPATION ,"6, ZONE",533B,5355b,CLOSED,2020-01-14,10:41 AM
170118,Tree Trim,2020-01-14 10:51 AM,Tree Trim Inspection,TREEMAINTENANCE,"UF - JONES, CODY",407 E 25TH ,"3, ZONE",453S,5359a,CLOSED,2020-01-14,10:51 AM
170122,Tree Trim,2020-01-14 11:21 AM,Tree Trim Inspection,TREEMAINTENANCE,"BLANCHETTE, PETER",415  SHOTWELL ,"4, ZONE",494C,5558a,CLOSED,2020-01-14,11:21 AM
170126,Tree Protection Rev,2020-01-14 03:21 PM,Tree Protection Review Inspection,TREEPROTECTION,"TEMPLE, DALE",121  ST EMANUEL ,"5, ZONE",493R,5457a,CLOSED,2020-01-14,03:21 PM
170127,Tree Trim,2020-01-14 03:44 PM,Tree Trim Inspection,TREEMAINTENANCE,"UF - JONES, CODY",5626  DARLING ,"3, ZONE",492C,5258d,CLOSED,2020-01-14,03:44 PM
170128,Tree Trim,2020-01-14 03:46 PM,Tree Trim Inspection,TREEMAINTENANCE,"UF - JONES, CODY",947  USENER ,"3, ZONE",493B,5358d,CLOSED,2020-01-14,03:46 PM
170129,Tree Trim,2020-01-14 04:07 PM,Tree Trim Inspection,TREEMAINTENANCE,"UF - JONES, CODY",1211 W 22ND ,"3, ZONE",452U,5259d,CLOSED,2020-01-14,04:07 PM
170130,Tree Trim,2020-01-14 07:20 PM,Tree Trim Inspection,TREEMAINTENANCE,"BLANCHETTE, PETER",2403  PROSPECT ,"6, ZONE",533B,5355b,CLOSED,2020-01-14,07:20 PM
170131,Tree Trim,2020-01-15 02:28 AM,Tree Trim Inspection,TREEMAINTENANCE,"UF - JONES, CODY",2180 N LOOP W,"3, ZONE",452N,5259a,CLOSED,2020-01-15,02:28 AM
170143,Tree Trim,2020-01-15 08:55 AM,Tree Trim Inspection,TREEMAINTENANCE,"BLANCHETTE, PETER",5854  FLAMINGO ,"6, ZONE",534X,5553c,CLOSED,2020-01-15,08:55 AM
170144,Tree Removal,2020-01-15 08:57 AM,Tree Removal Inspection,TREEMAINTENANCE,"PATINO, ARNULFO",6035 DARLINGHURST DR,"7, ZONE",571P,77085,CLOSED,2020-01-15,08:57 AM
170145,Tree Trim,2020-01-15 09:00 AM,Tree Trim Inspection,TREEMAINTENANCE,"PATINO, ARNULFO", 1900 COMMERCE ST & 100 HAMILTON ST,"1, ZONE",493M,5457a,CLOSED,2020-01-15,09:00 AM
170146,Tree Planting,2020-01-15 09:02 AM,Tree Planting Inspection,TREEPROTECTION,"BLANCHETTE, PETER",147  HAHLO ,"4, ZONE",494D,5558a,CLOSED,2020-01-15,09:02 AM
170147,Tree Removal,2020-01-15 09:37 AM,Tree Removal Inspection,TREEMAINTENANCE,"PATINO, ARNULFO",1111 HERMANN DR,"7, ZONE",533A,77004,CLOSED,2020-01-15,09:37 AM
170148,Tree Removal,2020-01-15 10:09 AM,Tree Removal Inspection,TREEMAINTENANCE,"PATINO, ARNULFO",4300 JACK ST,"2, ZONE",493W,77006,CLOSED,2020-01-15,10:09 AM
170149,Tree Removal,2020-01-15 10:17 AM,Tree Removal Inspection,TREEMAINTENANCE,"UF - JONES, CODY",4026  NORHILL ,"3, ZONE",453X,5359d,CLOSED,2020-01-15,10:17 AM
170150,Tree Removal,2020-01-15 10:39 AM,Tree Removal Inspection,TREEMAINTENANCE,"PATINO, ARNULFO",4643 RICHMOND AVE,"2, ZONE",491Z,77027,CLOSED,2020-01-15,10:39 AM
170152,Tree Removal,2020-01-15 11:12 AM,Tree Removal Inspection,TREEMAINTENANCE,"UF - JONES, CODY",2218  GOSTICK ,"3, ZONE",453S,5359a,CLOSED,2020-01-15,11:12 AM
170153,Tree Trim,2020-01-15 11:22 AM,Tree Trim Inspection,TREEMAINTENANCE,"UF - JONES, CODY",905  CAPLIN ,"4, ZONE",453R,5459a,CLOSED,2020-01-15,11:22 AM
170154,Tree Trim,2020-01-15 12:48 PM,Tree Trim Inspection,TREEMAINTENANCE,"UF - JONES, CODY",701  COLQUITT ,"2, ZONE",493W,5356b,CLOSED,2020-01-15,12:48 PM
170155,Tree Removal,2020-01-15 01:18 PM,Tree Removal Inspection,TREEMAINTENANCE,"PATINO, ARNULFO",JEFFERSON ST & TRAVIS ST,"1, ZONE",493Q,77002,CLOSED,2020-01-15,01:18 PM
170156,Tree Removal,2020-01-15 01:32 PM,Tree Removal Inspection,TREEMAINTENANCE,"PATINO, ARNULFO",2500 STUART ST,"6, ZONE",493Y,77004,CLOSED,2020-01-15,01:32 PM
170157,Tree Code Violation,2020-01-15 03:12 PM,Tree Code Violation Inspection,TREEPROTECTION,"PATINO, ARNULFO",2910 VIRGINIA ST,"2, ZONE",492U,77098,CLOSED,2020-01-15,03:12 PM
170158,Tree Trim,2020-01-15 03:27 PM,Tree Trim Inspection,TREEMAINTENANCE,"PATINO, ARNULFO",7116 ARBOR OAK DR,"3, ZONE",411Y,77088,CLOSED,2020-01-15,03:27 PM
170159,Tree Trim,2020-01-15 04:27 PM,Tree Trim Inspection,TREEMAINTENANCE,"BLANCHETTE, PETER",2102  WINBERN ,"6, ZONE",493Y,5356d,CLOSED,2020-01-15,04:27 PM
170160,Tree Removal,2020-01-15 08:09 PM,Tree Removal Inspection,TREEMAINTENANCE,"UF - JONES, CODY",8006  TURQUOISE ,"3, ZONE",451N,5159a,CLOSED,2020-01-15,08:09 PM
170161,Tree Removal,2020-01-15 11:51 PM,Tree Removal Inspection,TREEMAINTENANCE,"PATINO, ARNULFO",7575 N PICNIC,"2, ZONE",492E,77007,CLOSED,2020-01-15,11:51 PM
170162,Tree Stump Grinding,2020-01-16 01:28 AM,Tree Stump Inspection,TREEMAINTENANCE,"PATINO, ARNULFO",9407  VAL VERDE ,"2, ZONE",490T,5056c,CLOSED,2020-01-16,01:28 AM
170164,Tree Trim,2020-01-16 07:51 AM,Tree Trim Inspection,TREEMAINTENANCE,"UF - JONES, CODY",1801  MEMORIAL ,"2, ZONE",493K,5357b,CLOSED,2020-01-16,07:51 AM
170172,Tree Removal,2020-01-16 09:01 AM,Tree Removal Inspection,TREEMAINTENANCE,"BLANCHETTE, PETER", 4200 E OREM DR & 12500 SORSBY WAY,"6, ZONE",573L,5452c,CLOSED,2020-01-16,09:01 AM
170173,Tree Trim,2020-01-16 09:51 AM,Tree Trim Inspection,TREEMAINTENANCE,"PATINO, ARNULFO",7138 CADDO LAKE LN,"2, ZONE",528G,77083,CLOSED,2020-01-16,09:51 AM
170176,Tree Trim,2020-01-16 12:01 PM,Tree Trim Inspection,TREEMAINTENANCE,"BLANCHETTE, PETER",7257  AIRPORT ,"6, ZONE",575A,5553d,CLOSED,2020-01-16,12:01 PM
170178,Tree Removal,2020-01-16 12:06 PM,Tree Removal Inspection,TREEMAINTENANCE,"BLANCHETTE, PETER", 7100 MARTIN LUTHER KING BLVD & 5700 PERSHING ST,"6, ZONE",534S,5454d,CLOSED,2020-01-16,12:06 PM
170179,Tree Trim,2020-01-16 12:37 PM,Tree Trim Inspection,TREEMAINTENANCE,"PATINO, ARNULFO",11618 PINE KNOLL DR,"2, ZONE",529T,77099,CLOSED,2020-01-16,12:37 PM
170180,Tree Removal,2020-01-16 03:18 PM,Tree Removal Inspection,TREEMAINTENANCE,"PATINO, ARNULFO",3302 LIVE OAK ST,"6, ZONE",493Y,77004,CLOSED,2020-01-16,03:18 PM
170181,Tree Removal,2020-01-17 04:37 AM,Tree Removal Inspection,TREEMAINTENANCE,"PATINO, ARNULFO",2202 BOLSOVER ST,"7, ZONE",532C,77005,CLOSED,2020-01-17,04:37 AM
170186,Tree Removal,2020-01-17 09:30 AM,Tree Removal Inspection,TREEMAINTENANCE,"BLANCHETTE, PETER",4318  TOPPING ,"4, ZONE",454C,5561a,CLOSED,2020-01-17,09:30 AM
170188,Tree Removal,2020-01-17 10:53 AM,Tree Removal Inspection,TREEMAINTENANCE,"BLANCHETTE, PETER", 700 BAY AREA BLVD & 10 BAY AREA PR & 16800 FEATHER CRAFT LN,"5, ZONE",618T,6049c,CLOSED,2020-01-17,10:53 AM
170189,Tree Trim,2020-01-17 01:12 PM,Tree Trim Inspection,TREEMAINTENANCE,"UF - JONES, CODY", 2200 LOUISIANA ST & 700 WEBSTER ST,"2, ZONE",493P,5357d,CLOSED,2020-01-17,01:12 PM
170190,Tree Removal,2020-01-17 03:47 PM,Tree Removal Inspection,TREEMAINTENANCE,"UF - JONES, CODY",1021 E 25TH ,"3, ZONE",453T,5359b,CLOSED,2020-01-17,03:47 PM
170191,Tree Trim,2020-01-17 03:52 PM,Tree Trim Inspection,TREEMAINTENANCE,"BLANCHETTE, PETER",16018  CAVENDISH ,"5, ZONE",578Y,6051c,CLOSED,2020-01-17,03:52 PM
170192,Tree Removal,2020-01-17 04:10 PM,Tree Removal Inspection,TREEMAINTENANCE,"UF - JONES, CODY",616 W 20TH ,"3, ZONE",452V,5259d,CLOSED,2020-01-17,04:10 PM
170193,Tree Removal,2020-01-17 04:49 PM,Tree Removal Inspection,TREEMAINTENANCE,"BLANCHETTE, PETER",7900  MORLEY ,"6, ZONE",535X,5653a,CLOSED,2020-01-17,04:49 PM
170194,Tree Trim,2020-01-17 04:49 PM,Tree Trim Inspection,TREEMAINTENANCE,"UF - JONES, CODY",2927  JACKSON ,"2, ZONE",493U,5356b,CLOSED,2020-01-17,04:49 PM
170195,Tree Trim,2020-01-18 04:51 PM,Tree Trim Inspection,TREEMAINTENANCE,"BLANCHETTE, PETER",8809  HARRELL ,"4, ZONE",454E,5461c,CLOSED,2020-01-18,04:51 PM
170196,Tree Removal,2020-01-18 11:47 PM,Tree Removal Inspection,TREEMAINTENANCE,"PATINO, ARNULFO",14215 MANDERLY DR,"2, ZONE",488J,77077,CLOSED,2020-01-18,11:47 PM
170197,Tree Removal,2020-01-19 01:00 PM,Tree Removal Inspection,TREEMAINTENANCE,"PATINO, ARNULFO",540 34TH ST,"3, ZONE",452R,77018,CLOSED,2020-01-19,01:00 PM
170198,Tree Removal,2020-01-20 07:53 AM,Tree Removal Inspection,TREEMAINTENANCE,"BLANCHETTE, PETER",5607  MILART ,"6, ZONE",534J,5455d,CLOSED,2020-01-20,07:53 AM
170199,Tree Trim,2020-01-20 09:43 AM,Tree Trim Inspection,TREEMAINTENANCE,"PATINO, ARNULFO",4203 WILDACRES DR,"2, ZONE",529B,77072,CLOSED,2020-01-20,09:43 AM
170200,Tree Removal,2020-01-20 10:23 AM,Tree Removal Inspection,TREEMAINTENANCE,"UF - JONES, CODY",2227  LAMONTE ,"3, ZONE",451M,5160d,CLOSED,2020-01-20,10:23 AM
170201,Tree Removal,2020-01-20 11:43 AM,Tree Removal Inspection,TREEMAINTENANCE,"BLANCHETTE, PETER",15222  MERRITT ,"4, ZONE",373W,5364c,CLOSED,2020-01-20,11:43 AM
170202,Tree Removal,2020-01-20 12:04 PM,Tree Removal Inspection,TREEMAINTENANCE,"UF - JONES, CODY",2031  SPILLERS ,"3, ZONE",449V,4959c,CLOSED,2020-01-20,12:04 PM
170204,Tree Code Violation,2020-01-20 10:33 PM,Tree Code Violation Inspection,TREEPROTECTION,"PATINO, ARNULFO",2026 MACARTHUR ST,"7, ZONE",532H,77030,CLOSED,2020-01-20,10:33 PM
170205,Tree Trim,2020-01-21 09:08 AM,Tree Trim Inspection,TREEMAINTENANCE,"PATINO, ARNULFO",8814 BROOKWULF DR,"2, ZONE",528R,77099,CLOSED,2020-01-21,09:08 AM
170206,Tree Trim,2020-01-21 09:44 AM,Tree Trim Inspection,TREEMAINTENANCE,"BLANCHETTE, PETER",1507  FEATHERSTONE ,"4, ZONE",494F,5458d,CLOSED,2020-01-21,09:44 AM
170207,Tree Trim,2020-01-21 09:55 AM,Tree Trim Inspection,TREEMAINTENANCE,"UF - JONES, CODY",1128  ASHLAND ,"3, ZONE",452Z,5358a,CLOSED,2020-01-21,09:55 AM
170208,Tree Trim,2020-01-21 10:17 AM,Tree Trim Inspection,TREEMAINTENANCE,"UF - JONES, CODY",2212  DECATUR ,"2, ZONE",493K,5357b,CLOSED,2020-01-21,10:17 AM
170209,Tree Trim,2020-01-21 11:30 AM,Tree Trim Inspection,TREEMAINTENANCE,"BLANCHETTE, PETER",4910 N MCCARTY ,"4, ZONE",455U,5659b,CLOSED,2020-01-21,11:30 AM
170210,Tree Removal,2020-01-21 01:02 PM,Tree Removal Inspection,TREEMAINTENANCE,"BLANCHETTE, PETER",1723  DIAMOND BROOK ,"5, ZONE",617D,5950b,CLOSED,2020-01-21,01:02 PM
170211,Tree Removal,2020-01-21 02:27 PM,Tree Removal Inspection,TREEMAINTENANCE,"PATINO, ARNULFO",5714 DEEPCREEK LN,"3, ZONE",451C,77091,CLOSED,2020-01-21,02:27 PM
170212,Tree Trim,2020-01-21 03:15 PM,Tree Trim Inspection,TREEMAINTENANCE,"BLANCHETTE, PETER", 4100 WESLOW ST & 6516 WINFREE DR,"6, ZONE",534Q,5554a,CLOSED,2020-01-21,03:15 PM
170213,Tree Trim,2020-01-21 03:44 PM,Tree Trim Inspection,TREEMAINTENANCE,"PATINO, ARNULFO",11610 MOONMIST DR,"2, ZONE",529F,77072,CLOSED,2020-01-21,03:44 PM
170214,Tree Removal,2020-01-22 08:48 AM,Tree Removal Inspection,TREEMAINTENANCE,"BLANCHETTE, PETER", 4100 ALVIN ST & 8900 SCOTT ST,"6, ZONE",533Y,5453a,CLOSED,2020-01-22,08:48 AM
170215,Tree Removal,2020-01-22 09:04 AM,Tree Removal Inspection,TREEMAINTENANCE,"PATINO, ARNULFO",2002 ALBANS RD,"7, ZONE",532D,77005,CLOSED,2020-01-22,09:04 AM
170216,Tree Trim,2020-01-22 09:36 AM,Tree Trim Inspection,TREEMAINTENANCE,"BLANCHETTE, PETER",7513  MOLINE ,"6, ZONE",535N,5554d,CLOSED,2020-01-22,09:36 AM
170217,Tree Trim,2020-01-22 10:17 AM,Tree Trim Inspection,TREEMAINTENANCE,"BLANCHETTE, PETER", 5900 BISSONNET ST & 7400 RENWICK DR,"7, ZONE",531J,5154a,CLOSED,2020-01-22,10:17 AM
170218,Tree Trim,2020-01-22 10:24 AM,Tree Trim Inspection,TREEMAINTENANCE,"BLANCHETTE, PETER",15731  CORSAIR ,"7, ZONE",571X,5150b,CLOSED,2020-01-22,10:24 AM
170219,Tree Removal,2020-01-22 10:34 AM,Tree Removal Inspection,TREEMAINTENANCE,"BLANCHETTE, PETER",5042 STILLBROOKE,"7, ZONE",531Y,5153d,CLOSED,2020-01-22,10:34 AM
170220,Tree Trim,2020-01-22 12:36 PM,Tree Trim Inspection,TREEMAINTENANCE,"BLANCHETTE, PETER",8335  BARKLEY ,"5, ZONE",535V,5654d,CLOSED,2020-01-22,12:36 PM
170221,Tree Trim,2020-01-22 12:51 PM,Tree Trim Inspection,TREEMAINTENANCE,"BLANCHETTE, PETER",3313  ROCHDALE ,"7, ZONE",532P,5254d,CLOSED,2020-01-22,12:51 PM
170222,Tree Trim,2020-01-22 12:58 PM,Tree Trim Inspection,TREEMAINTENANCE,"BLANCHETTE, PETER",5503  VALERIE ,"7, ZONE",531J,5154a,CLOSED,2020-01-22,12:58 PM
170223,Tree Trim,2020-01-22 12:59 PM,Tree Trim Inspection,TREEMAINTENANCE,"BLANCHETTE, PETER",5503  HOLLY ,"7, ZONE",531J,5154a,CLOSED,2020-01-22,12:59 PM
170224,Tree Trim,2020-01-22 02:19 PM,Tree Trim Inspection,TREEMAINTENANCE,"UF - JONES, CODY",2221  SOUTH BLVD,"7, ZONE",492Y,5256d,CLOSED,2020-01-22,02:19 PM
170225,Tree Removal,2020-01-22 02:52 PM,Tree Removal Inspection,TREEMAINTENANCE,"UF - JONES, CODY",14206  HIGHCROFT ,"2, ZONE",488J,4757d,CLOSED,2020-01-22,02:52 PM
170235,Tree Removal,2020-01-22 03:57 PM,Tree Removal Inspection,TREEMAINTENANCE,"BLANCHETTE, PETER",16743  QUAIL BRIAR ,"7, ZONE",610C,5049b,CLOSED,2020-01-22,03:57 PM
170238,Tree Removal,2020-01-22 04:43 PM,Tree Removal Inspection,TREEMAINTENANCE,"BLANCHETTE, PETER",7703  OAK VISTA ,"6, ZONE",535S,5654c,CLOSED,2020-01-22,04:43 PM
170239,Tree Removal,2020-01-22 05:52 PM,Tree Removal Inspection,TREEMAINTENANCE,"PATINO, ARNULFO",5600 BEVERLY HILL ST,"2, ZONE",491X,77057,CLOSED,2020-01-22,05:52 PM
170240,Tree Removal,2020-01-22 07:36 PM,Tree Removal Inspection,TREEMAINTENANCE,"PATINO, ARNULFO",342 WYCLIFFE DR,"2, ZONE",489F,77079,CLOSED,2020-01-22,07:36 PM
170241,Tree Removal,2020-01-22 10:17 PM,Tree Removal Inspection,TREEMAINTENANCE,"PATINO, ARNULFO",342 WYCLIFFE DR,"2, ZONE",489F,77079,CLOSED,2020-01-22,10:17 PM
170242,Tree Trim,2020-01-23 08:37 AM,Tree Trim Inspection,TREEMAINTENANCE,"BLANCHETTE, PETER", 8100 CLAIBORNE ST & 9720 GREENWICH ST,"4, ZONE",455B,5661a,CLOSED,2020-01-23,08:37 AM
170243,Tree Removal,2020-01-23 09:12 AM,Tree Removal Inspection,TREEMAINTENANCE,"PATINO, ARNULFO",2005 BANKS ST,"7, ZONE",492Z,77098,CLOSED,2020-01-23,09:12 AM
170245,Tree Removal,2020-01-23 12:14 PM,Tree Removal Inspection,TREEMAINTENANCE,"PATINO, ARNULFO",18203 GROESCHKE RD,"3, ZONE",447P,77084,CLOSED,2020-01-23,12:14 PM
170246,Tree Trim,2020-01-23 01:16 PM,Tree Trim Inspection,TREEMAINTENANCE,"BLANCHETTE, PETER",675 SULPHUR ,"5, ZONE",576F,5753c,CLOSED,2020-01-23,01:16 PM
170247,Tree Trim,2020-01-23 02:01 PM,Tree Trim Inspection,TREEMAINTENANCE,"PATINO, ARNULFO",300 E 8TH ST,"3, ZONE",493A,77007,CLOSED,2020-01-23,02:01 PM
170248,Tree Trim,2020-01-23 02:15 PM,Tree Trim Inspection,TREEMAINTENANCE,"UF - JONES, CODY", 200 E 8TH ST & 800 HARVARD ST,"3, ZONE",493A,5358a,CLOSED,2020-01-23,02:15 PM
170249,Tree Trim,2020-01-23 02:20 PM,Tree Trim Inspection,TREEMAINTENANCE,"UF - JONES, CODY",7702  WESTVIEW ,"3, ZONE",451X,5158a,CLOSED,2020-01-23,02:20 PM
170250,Tree Removal,2020-01-23 03:46 PM,Tree Removal Inspection,TREEMAINTENANCE,"BLANCHETTE, PETER",4982  VALKEITH ,"7, ZONE",531U,5153b,CLOSED,2020-01-23,03:46 PM
170251,Tree Trim,2020-01-23 04:01 PM,Tree Trim Inspection,TREEMAINTENANCE,"PATINO, ARNULFO",959 BENCHFIELD DR,"3, ZONE",452B,77091,CLOSED,2020-01-23,04:01 PM
170252,Tree Trim,2020-01-23 04:03 PM,Tree Trim Inspection,TREEMAINTENANCE,"BLANCHETTE, PETER",7415  LAKEHURST ,"6, ZONE",535S,5554d,CLOSED,2020-01-23,04:03 PM
170253,Tree Removal,2020-01-23 04:28 PM,Tree Removal Inspection,TREEMAINTENANCE,"PATINO, ARNULFO",5803 BIRDSALL MARKET PL,"2, ZONE",492L,77007,CLOSED,2020-01-23,04:28 PM
170254,Tree Trim,2020-01-23 07:13 PM,Tree Trim Inspection,TREEMAINTENANCE,"PATINO, ARNULFO",213 E 8TH ST,"3, ZONE",493A,77007,CLOSED,2020-01-23,07:13 PM
170255,Tree Removal,2020-01-24 07:09 AM,Tree Removal Inspection,TREEMAINTENANCE,"BLANCHETTE, PETER",1117  VERA LOU ,"6, ZONE",533U,5454c,CLOSED,2020-01-24,07:09 AM
170257,Tree Trim,2020-01-24 09:17 AM,Tree Trim Inspection,TREEMAINTENANCE,"BLANCHETTE, PETER", 1600 DELANO ST & 2800 LEELAND ST,"5, ZONE",493V,5456a,CLOSED,2020-01-24,09:17 AM
170258,Tree Trim,2020-01-24 09:21 AM,Tree Trim Inspection,TREEMAINTENANCE,"UF - JONES, CODY", 1500 HAZEL ST & 1300 W PIERCE ST,"2, ZONE",493N,5357c,CLOSED,2020-01-24,09:21 AM
170261,Tree Removal,2020-01-24 09:39 AM,Tree Removal Inspection,TREEMAINTENANCE,"BLANCHETTE, PETER",7705  BUENA VISTA ,"6, ZONE",535N,5654c,CLOSED,2020-01-24,09:39 AM
170262,Tree Removal,2020-01-24 10:48 AM,Tree Removal Inspection,TREEMAINTENANCE,"BLANCHETTE, PETER",4114  REID ,"4, ZONE",454P,5459b,CLOSED,2020-01-24,10:48 AM
170263,Tree Removal,2020-01-24 11:58 AM,Tree Removal Inspection,TREEMAINTENANCE,"PATINO, ARNULFO",32 A A LANA LN,"2, ZONE",491V,77027,CLOSED,2020-01-24,11:58 AM
170264,Tree Removal,2020-01-24 12:29 PM,Tree Removal Inspection,TREEMAINTENANCE,"BLANCHETTE, PETER",7074  EVANS ,"6, ZONE",574D,5553d,CLOSED,2020-01-24,12:29 PM
170265,Tree Trim,2020-01-24 01:04 PM,Tree Trim Inspection,TREEMAINTENANCE,"BLANCHETTE, PETER",929  FEDERAL ,"4, ZONE",496G,5758d,CLOSED,2020-01-24,01:04 PM
170266,Tree Trim,2020-01-24 05:36 PM,Tree Trim Inspection,TREEMAINTENANCE,"PATINO, ARNULFO",6750 WESTCOTT ST,"2, ZONE",492F,77007,CLOSED,2020-01-24,05:36 PM
170267,Tree Trim,2020-01-24 05:58 PM,Tree Trim Inspection,TREEMAINTENANCE,"UF - JONES, CODY",16438  SKEET ,"7, ZONE",610C,5050d,CLOSED,2020-01-24,05:58 PM
170268,Tree Trim,2020-01-25 12:53 PM,Tree Trim Inspection,TREEMAINTENANCE,"PATINO, ARNULFO",700 TIRRELL ST,"2, ZONE",492M,77019,CLOSED,2020-01-25,12:53 PM
170269,Tree Trim,2020-01-25 02:20 PM,Tree Trim Inspection,TREEMAINTENANCE,"UF - JONES, CODY",3918  SMOOTH OAK ,"7, ZONE",572S,5251c,CLOSED,2020-01-25,02:20 PM
170270,Tree Code Violation,2020-01-26 09:33 AM,Tree Code Violation Inspection,TREEPROTECTION,"PATINO, ARNULFO",803 HIGHWAY 6 S,"2, ZONE",488E,77079,CLOSED,2020-01-26,09:33 AM
170271,Tree Removal,2020-01-26 03:33 PM,Tree Removal Inspection,TREEMAINTENANCE,"BLANCHETTE, PETER",5502  PARDEE ,"4, ZONE",454U,5559a,CLOSED,2020-01-26,03:33 PM
170272,Tree Removal,2020-01-26 05:19 PM,Tree Removal Inspection,TREEMAINTENANCE,"BLANCHETTE, PETER",7330  DALLAS ,"5, ZONE",494Z,5556d,CLOSED,2020-01-26,05:19 PM
170273,Tree Trim,2020-01-27 06:36 AM,Tree Trim Inspection,TREEMAINTENANCE,"BLANCHETTE, PETER",484  RAINY MEADOW ,"4, ZONE",496E,5758a,CLOSED,2020-01-27,06:36 AM
170274,Tree Trim,2020-01-27 06:50 AM,Tree Trim Inspection,TREEMAINTENANCE,"UF - JONES, CODY",802  BRANARD ,"2, ZONE",493S,5356b,CLOSED,2020-01-27,06:50 AM
170276,Tree Removal,2020-01-27 07:43 AM,Tree Removal Inspection,TREEMAINTENANCE,"BLANCHETTE, PETER",9314  SHERBOURNE ,"4, ZONE",455E,5561d,CLOSED,2020-01-27,07:43 AM
170277,Tree Trim,2020-01-27 08:24 AM,Tree Trim Inspection,TREEMAINTENANCE,"BLANCHETTE, PETER",7707  MCHENRY ,"6, ZONE",535N,5654a,CLOSED,2020-01-27,08:24 AM
170278,Tree Removal,2020-01-27 09:07 AM,Tree Removal Inspection,TREEMAINTENANCE,"BLANCHETTE, PETER",482  MERCURY ,"4, ZONE",496E,5658b,CLOSED,2020-01-27,09:07 AM
170299,Tree Removal,2020-01-27 11:56 AM,Tree Removal Inspection,TREEMAINTENANCE,"BLANCHETTE, PETER",6110  GOFORTH ,"6, ZONE",533M,5455c,CLOSED,2020-01-27,11:56 AM
170300,Tree Trim,2020-01-27 03:50 PM,Tree Trim Inspection,TREEMAINTENANCE,"PATINO, ARNULFO",1300 WOODHEAD ST,"2, ZONE",492R,77019,CLOSED,2020-01-27,03:50 PM
170301,Tree Removal,2020-01-27 04:06 PM,Tree Removal Inspection,TREEMAINTENANCE,"BLANCHETTE, PETER",10603  KIRKSIDE ,"7, ZONE",531W,5153c,CLOSED,2020-01-27,04:06 PM
170307,Tree Code Violation,2020-01-28 11:03 AM,Tree Code Violation Inspection,TREEPROTECTION,"PATINO, ARNULFO",1039 ALTHEA DR,"3, ZONE",452K,77018,CLOSED,2020-01-28,11:03 AM
170308,Tree Code Violation,2020-01-28 11:57 AM,Tree Code Violation Inspection,TREEPROTECTION,"PATINO, ARNULFO",6200 TAGGART ST,"2, ZONE",492F,77007,CLOSED,2020-01-28,11:57 AM
170309,Tree Trim,2020-01-28 12:13 PM,Tree Trim Inspection,TREEMAINTENANCE,"UF - JONES, CODY",2030  ARLINGTON ,"3, ZONE",453S,5359c,CLOSED,2020-01-28,12:13 PM
170310,Tree Trim,2020-01-28 12:30 PM,Tree Trim Inspection,TREEMAINTENANCE,"UF - JONES, CODY",448  HARVARD ,"3, ZONE",493A,5358c,CLOSED,2020-01-28,12:30 PM
170311,Tree Trim,2020-01-28 04:04 PM,Tree Trim Inspection,TREEMAINTENANCE,"BLANCHETTE, PETER",7043  QUINCE ,"5, ZONE",535E,5555d,CLOSED,2020-01-28,04:04 PM
170312,Tree Trim,2020-01-28 09:44 PM,Tree Trim Inspection,TREEMAINTENANCE,"UF - JONES, CODY", 2100 W MAIN ST & 3400 S SHEPHERD DR,"2, ZONE",492U,5356a,CLOSED,2020-01-28,09:44 PM
170313,Tree Trim,2020-01-29 06:28 AM,Tree Trim Inspection,TREEMAINTENANCE,"UF - JONES, CODY",3015  CHENEVERT ,"2, ZONE",493U,5456a,CLOSED,2020-01-29,06:28 AM
170315,Tree Removal,2020-01-29 07:34 AM,Tree Removal Inspection,TREEMAINTENANCE,"BLANCHETTE, PETER",4103  BREAKWOOD ,"7, ZONE",532N,5254c,CLOSED,2020-01-29,07:34 AM
170319,Tree Trim,2020-01-29 07:51 AM,Tree Trim Inspection,TREEMAINTENANCE,"UF - JONES, CODY",4807  PIN OAK ,"7, ZONE",531D,5155b,CLOSED,2020-01-29,07:51 AM
170320,Tree Protection Rev,2020-01-29 08:16 AM,Tree Protection Review Inspection,TREEPROTECTION,"BLANCHETTE, PETER",4151  BELLEFONTAINE ,"7, ZONE",532E,5255c,CLOSED,2020-01-29,08:16 AM
170321,Tree Trim,2020-01-29 10:18 AM,Tree Trim Inspection,TREEMAINTENANCE,"UF - JONES, CODY",4420  CRAWFORD ,"7, ZONE",493X,5356d,CLOSED,2020-01-29,10:18 AM
170322,Tree Trim,2020-01-29 10:19 AM,Tree Trim Inspection,TREEMAINTENANCE,"UF - JONES, CODY",1515  ROSEWOOD ,"7, ZONE",493X,5356d,CLOSED,2020-01-29,10:19 AM
170323,Tree Removal,2020-01-29 10:41 AM,Tree Removal Inspection,TREEMAINTENANCE,"BLANCHETTE, PETER",9703  COURBEN ,"4, ZONE",455D,5661b,CLOSED,2020-01-29,10:41 AM
170324,Tree Removal,2020-01-29 01:18 PM,Tree Removal Inspection,TREEMAINTENANCE,"BLANCHETTE, PETER",13002  WHITE HEATHER ,"7, ZONE",572E,5252c,CLOSED,2020-01-29,01:18 PM
170331,Tree Trim,2020-01-30 09:32 AM,Tree Trim Inspection,TREEMAINTENANCE,"BLANCHETTE, PETER",6001  FANNIN ,"7, ZONE",533A,5355a,CLOSED,2020-01-30,09:32 AM
170332,Tree Trim,2020-01-30 10:07 AM,Tree Trim Inspection,TREEMAINTENANCE,"BLANCHETTE, PETER",12827  ORLEANS ,"4, ZONE",496D,5858a,CLOSED,2020-01-30,10:07 AM
170333,Tree Removal,2020-01-30 10:13 AM,Tree Removal Inspection,TREEMAINTENANCE,"BLANCHETTE, PETER",121  KOLB ,"5, ZONE",536X,5753a,CLOSED,2020-01-30,10:13 AM
170334,Tree Trim,2020-01-30 10:19 AM,Tree Trim Inspection,TREEMAINTENANCE,"UF - JONES, CODY", 1510 ADKINS RD & 9300 LONG POINT RD & 1700 SPUR LN,"3, ZONE",450Y,5059c,CLOSED,2020-01-30,10:19 AM
170335,Tree Trim,2020-01-30 10:30 AM,Tree Trim Inspection,TREEMAINTENANCE,"UF - JONES, CODY",11855  BRIAR FOREST ,"2, ZONE",489N,4856b,CLOSED,2020-01-30,10:30 AM
170336,Tree Code Violation,2020-01-30 11:42 AM,Tree Code Violation Inspection,TREEPROTECTION,"BLANCHETTE, PETER",1712 W DALLAS ,"2, ZONE",493K,5357d,CLOSED,2020-01-30,11:42 AM
170337,Tree Removal,2020-01-30 01:27 PM,Tree Removal Inspection,TREEMAINTENANCE,"BLANCHETTE, PETER",4031  MARTINSHIRE ,"7, ZONE",532N,5254c,CLOSED,2020-01-30,01:27 PM
170338,Tree Trim,2020-01-30 01:55 PM,Tree Trim Inspection,TREEMAINTENANCE,"BLANCHETTE, PETER",3602 SARDIS ,"3, ZONE",411V,5162d,CLOSED,2020-01-30,01:55 PM
170339,Tree Removal,2020-01-30 02:18 PM,Tree Removal Inspection,TREEMAINTENANCE,"BLANCHETTE, PETER",9402  CARMALEE ,"6, ZONE",575Z,5751c,CLOSED,2020-01-30,02:18 PM
170340,Tree Removal,2020-01-30 02:22 PM,Tree Removal Inspection,TREEMAINTENANCE,"BLANCHETTE, PETER",8012  FUQUA ,"6, ZONE",575T,5651c,CLOSED,2020-01-30,02:22 PM
170341,Tree Code Violation,2020-01-30 04:16 PM,Tree Code Violation Inspection,TREEPROTECTION,"BLANCHETTE, PETER", 1800 GREENWOOD OAKS DR & 14500 SPACE CENTER BLVD,"5, ZONE",618A,5950b,CLOSED,2020-01-30,04:16 PM
170342,Tree Trim,2020-01-30 04:33 PM,Tree Trim Inspection,TREEMAINTENANCE,"PATINO, ARNULFO", 200 BAGBY ST & 400 FRANKLIN ST,"1, ZONE",493L,5457a,CLOSED,2020-01-30,04:33 PM
170343,Tree Trim,2020-01-31 08:43 AM,Tree Trim Inspection,TREEMAINTENANCE,"UF - JONES, CODY",3735 W ALABAMA ,"2, ZONE",492S,5256a,CLOSED,2020-01-31,08:43 AM
170344,Tree Trim,2020-01-31 09:23 AM,Tree Trim Inspection,TREEMAINTENANCE,"BLANCHETTE, PETER",2301  SHAKESPEARE ,"7, ZONE",532C,5255b,CLOSED,2020-01-31,09:23 AM
170345,Tree Trim,2020-01-31 10:42 AM,Tree Trim Inspection,TREEMAINTENANCE,"PATINO, ARNULFO",8921 PAGEWOOD LN,"2, ZONE",490Y,77063,CLOSED,2020-01-31,10:42 AM
170346,Tree Trim,2020-01-31 12:34 PM,Tree Trim Inspection,TREEMAINTENANCE,"UF - JONES, CODY",1310  HAROLD ,"2, ZONE",493S,5356a,CLOSED,2020-01-31,12:34 PM
170347,Tree Trim,2020-01-31 01:22 PM,Tree Trim Inspection,TREEMAINTENANCE,"BLANCHETTE, PETER",10203  AVES ,"5, ZONE",576K,5752a,CLOSED,2020-01-31,01:22 PM
170348,Tree Trim,2020-01-31 02:03 PM,Tree Trim Inspection,TREEMAINTENANCE,"UF - JONES, CODY",803  KNIGHT ,"4, ZONE",453G,5461c,CLOSED,2020-01-31,02:03 PM
170349,Tree Removal,2020-01-31 02:05 PM,Tree Removal Inspection,TREEMAINTENANCE,"BLANCHETTE, PETER",1710  MCKEE ,"4, ZONE",493H,5458c,CLOSED,2020-01-31,02:05 PM
170350,Tree Removal,2020-01-31 02:08 PM,Tree Removal Inspection,TREEMAINTENANCE,"UF - JONES, CODY", 8600 KEMPWOOD DR & 2900 OJEMAN RD,"3, ZONE",450R,5060d,CLOSED,2020-01-31,02:08 PM
170351,Tree Trim,2020-01-31 03:04 PM,Tree Trim Inspection,TREEMAINTENANCE,"BLANCHETTE, PETER",3851  GRENNOCH ,"7, ZONE",532J,5254a,CLOSED,2020-01-31,03:04 PM
170352,Tree Removal,2020-01-31 03:36 PM,Tree Removal Inspection,TREEMAINTENANCE,"BLANCHETTE, PETER",1111  HERMANN ,"7, ZONE",533A,5356d,CLOSED,2020-01-31,03:36 PM
170353,Tree Trim,2020-01-31 04:11 PM,Tree Trim Inspection,TREEMAINTENANCE,"BLANCHETTE, PETER",15847  RUPPSTOCK ,"7, ZONE",570Z,5150a,CLOSED,2020-01-31,04:11 PM
170354,Tree Removal,2020-01-31 05:55 PM,Tree Removal Inspection,TREEMAINTENANCE,"PATINO, ARNULFO",5300 FANNIN ST,"7, ZONE",493W,77004,CLOSED,2020-01-31,05:55 PM
170358,Tree Removal,2020-02-01 01:39 PM,Tree Removal Inspection,TREEMAINTENANCE,"UF - JONES, CODY",1002 E 28TH ,"3, ZONE",453N,5359b,CLOSED,2020-02-01,01:39 PM
170359,Tree Trim,2020-02-01 02:03 PM,Tree Trim Inspection,TREEMAINTENANCE,"BLANCHETTE, PETER",822  CAVE HILL ,"7, ZONE",572Q,5351c,CLOSED,2020-02-01,02:03 PM
170360,Tree Code Violation,2020-02-01 05:33 PM,Tree Code Violation Inspection,TREEPROTECTION,"BLANCHETTE, PETER",1424 W ALABAMA ,"2, ZONE",493S,5356a,CLOSED,2020-02-01,05:33 PM
170361,Tree Trim,2020-02-03 12:07 AM,Tree Trim Inspection,TREEMAINTENANCE,"UF - JONES, CODY",3007- 3011  NORHILL ,"3, ZONE",493A,5358b,CLOSED,2020-02-03,12:07 AM
170362,Tree Trim,2020-02-03 02:01 AM,Tree Trim Inspection,TREEMAINTENANCE,"PATINO, ARNULFO",200 BAGBY ST,"1, ZONE",493L,77002,CLOSED,2020-02-03,02:01 AM
170363,Tree Trim,2020-02-03 09:02 AM,Tree Trim Inspection,TREEMAINTENANCE,"BLANCHETTE, PETER",1863  KINGWOOD ,"4, ZONE",336B,5770c,CLOSED,2020-02-03,09:02 AM
170366,Tree Trim,2020-02-03 10:14 AM,Tree Trim Inspection,TREEMAINTENANCE,"BLANCHETTE, PETER",15323  RIDINGWOOD ,"7, ZONE",570V,5050b,CLOSED,2020-02-03,10:14 AM
170369,Tree Removal,2020-02-03 10:59 AM,Tree Removal Inspection,TREEMAINTENANCE,"UF - JONES, CODY",4502  DUNLAVY ,"2, ZONE",492Z,5356c,CLOSED,2020-02-03,10:59 AM
170375,Tree Trim,2020-02-03 11:39 AM,Tree Trim Inspection,TREEMAINTENANCE,"BLANCHETTE, PETER",7126  DEBORAH ,"5, ZONE",535J,5555d,CLOSED,2020-02-03,11:39 AM
170378,Tree Trim,2020-02-03 11:45 AM,Tree Trim Inspection,TREEMAINTENANCE,"BLANCHETTE, PETER", 6300 CHIMNEY ROCK RD & 5400 ELM ST,"7, ZONE",531F,5155c,CLOSED,2020-02-03,11:45 AM
170387,Tree Removal,2020-02-03 01:51 PM,Tree Removal Inspection,TREEMAINTENANCE,"BLANCHETTE, PETER", 3058 KINGWOOD DR & 3160 E LAKE CRESCENT DR,"4, ZONE",336D,5769b,CLOSED,2020-02-03,01:51 PM
170388,Tree Removal,2020-02-03 02:21 PM,Tree Removal Inspection,TREEMAINTENANCE,"UF - JONES, CODY",12  COOPER ,"4, ZONE",413X,5361b,CLOSED,2020-02-03,02:21 PM
170390,Tree Removal,2020-02-03 04:45 PM,Tree Removal Inspection,TREEMAINTENANCE,"PATINO, ARNULFO",9150 MARTIN HEIGHTS DR,"7, ZONE",570A,77031,CLOSED,2020-02-03,04:45 PM
170391,Tree Trim,2020-02-03 05:27 PM,Tree Trim Inspection,TREEMAINTENANCE,"UF - JONES, CODY",301 W SAULNIER ,"2, ZONE",493N,5357d,CLOSED,2020-02-03,05:27 PM
170392,Tree Removal,2020-02-03 09:49 PM,Tree Removal Inspection,TREEMAINTENANCE,"PATINO, ARNULFO",12310 SPLIT RAIL LN,"7, ZONE",570G,77071,CLOSED,2020-02-03,09:49 PM
170393,Tree Removal,2020-02-04 04:32 AM,Tree Removal Inspection,TREEMAINTENANCE,"BLANCHETTE, PETER",2201  JEFFERSON ,"5, ZONE",493V,5456a,CLOSED,2020-02-04,04:32 AM
170394,Tree Trim,2020-02-04 05:06 AM,Tree Trim Inspection,TREEMAINTENANCE,"BLANCHETTE, PETER", 3900 MAPLE PARK WAY & 4400 NORTH PARK DR,"4, ZONE",297U,5871c,CLOSED,2020-02-04,05:06 AM
170395,Tree Removal,2020-02-04 05:30 AM,Tree Removal Inspection,TREEMAINTENANCE,"BLANCHETTE, PETER",5626  CHELTENHAM ,"7, ZONE",531S,5154c,CLOSED,2020-02-04,05:30 AM
170396,Tree Removal,2020-02-04 05:31 AM,Tree Removal Inspection,TREEMAINTENANCE,"BLANCHETTE, PETER",5631  REAMER ,"7, ZONE",531S,5153a,CLOSED,2020-02-04,05:31 AM
170402,Tree Stump Grinding,2020-02-04 08:11 AM,Tree Stump Inspection,TREEMAINTENANCE,"UF - JONES, CODY",10627  DUNLAP ,"7, ZONE",531W,5153c,CLOSED,2020-02-04,08:11 AM
170403,Tree Removal,2020-02-04 08:15 AM,Tree Removal Inspection,TREEMAINTENANCE,"BLANCHETTE, PETER",10622  CARLOTA ,"7, ZONE",531W,5153c,CLOSED,2020-02-04,08:15 AM
170404,Tree Trim,2020-02-04 08:28 AM,Tree Trim Inspection,TREEMAINTENANCE,"UF - JONES, CODY",1107A  JACKSON & MONTROSE ,"2, ZONE",493N,5357c,CLOSED,2020-02-04,08:28 AM
170406,Tree Trim,2020-02-04 08:45 AM,Tree Trim Inspection,TREEMAINTENANCE,"UF - JONES, CODY",617  PEDDIE ,"3, ZONE",453W,5359c,CLOSED,2020-02-04,08:45 AM
170407,Tree Trim,2020-02-04 09:02 AM,Tree Trim Inspection,TREEMAINTENANCE,"BLANCHETTE, PETER",5010  PERRY ,"6, ZONE",534J,5454b,CLOSED,2020-02-04,09:02 AM
170408,Tree Removal,2020-02-04 09:17 AM,Tree Removal Inspection,TREEMAINTENANCE,"UF - JONES, CODY",2302  RUTLAND ,"3, ZONE",452V,5359a,CLOSED,2020-02-04,09:17 AM
170410,Tree Removal,2020-02-04 10:54 AM,Tree Removal Inspection,TREEMAINTENANCE,"UF - JONES, CODY",33  VEENSTRA ,"4, ZONE",453F,5361d,CLOSED,2020-02-04,10:54 AM
170414,Tree Removal,2020-02-04 11:49 AM,Tree Removal Inspection,TREEMAINTENANCE,"UF - JONES, CODY",644 E 12TH ,"3, ZONE",453W,5358a,CLOSED,2020-02-04,11:49 AM
170417,Tree Trim,2020-02-04 02:32 PM,Tree Trim Inspection,TREEMAINTENANCE,"UF - JONES, CODY",3151  SKYPARK ,"2, ZONE",488Y,4755b,CLOSED,2020-02-04,02:32 PM
170418,Tree Trim,2020-02-04 04:06 PM,Tree Trim Inspection,TREEMAINTENANCE,"BLANCHETTE, PETER", 5512 W LAKE HOUSTON PKWY & 3100 VALLEY RIM DR,"4, ZONE",297N,5871c,CLOSED,2020-02-04,04:06 PM
170419,Tree Removal,2020-02-04 06:28 PM,Tree Removal Inspection,TREEMAINTENANCE,"BLANCHETTE, PETER",2501  DIVISION ,"6, ZONE",493Y,5456c,CLOSED,2020-02-04,06:28 PM
170420,Tree Trim,2020-02-04 07:17 PM,Tree Trim Inspection,TREEMAINTENANCE,"UF - JONES, CODY",900 N ELDRIDGE ,"2, ZONE",488C,4758d,CLOSED,2020-02-04,07:17 PM
170421,Tree Trim,2020-02-04 07:31 PM,Tree Trim Inspection,TREEMAINTENANCE,"BLANCHETTE, PETER",5715  JASON ,"7, ZONE",531N,5154c,CLOSED,2020-02-04,07:31 PM
170422,Tree Trim,2020-02-04 10:23 PM,Tree Trim Inspection,TREEMAINTENANCE,"BLANCHETTE, PETER",227  HUNT ,"5, ZONE",494T,5457d,CLOSED,2020-02-04,10:23 PM
170427,Tree Trim,2020-02-05 07:23 AM,Tree Trim Inspection,TREEMAINTENANCE,"UF - JONES, CODY", 12800 WESTLEIGH DR & 1734 WESTWICK DR,"2, ZONE",488Q,4856a,CLOSED,2020-02-05,07:23 AM
170428,Tree Trim,2020-02-05 07:34 AM,Tree Trim Inspection,TREEMAINTENANCE,"BLANCHETTE, PETER",2000 N MACGREGOR WAY Z,"7, ZONE",533E,5355d,CLOSED,2020-02-05,07:34 AM
170432,Tree Trim,2020-02-05 08:37 AM,Tree Trim Inspection,TREEMAINTENANCE,"UF - JONES, CODY", 10600 CLAY RD & 4300 DURBAN DR,"3, ZONE",449H,4960c,CLOSED,2020-02-05,08:37 AM
170433,Tree Trim,2020-02-05 08:39 AM,Tree Trim Inspection,TREEMAINTENANCE,"PATINO, ARNULFO", 10600 CLAY RD & 4300 DURBAN DR,"3, ZONE",449H,4960c,CLOSED,2020-02-05,08:39 AM
170439,Tree Removal,2020-02-05 10:52 AM,Tree Removal Inspection,TREEMAINTENANCE,"UF - JONES, CODY", 500 COLQUITT ST & 4200 GARROTT ST,"2, ZONE",493W,5356b,CLOSED,2020-02-05,10:52 AM
170440,Tree Trim,2020-02-05 11:22 AM,Tree Trim Inspection,TREEMAINTENANCE,"BLANCHETTE, PETER", 3900 BELLFORT ST & 8500 SCOTT ST,"6, ZONE",533Y,5453a,CLOSED,2020-02-05,11:22 AM
170441,Tree Trim,2020-02-05 11:28 AM,Tree Trim Inspection,TREEMAINTENANCE,"BLANCHETTE, PETER", 3900 HOLMES RD & 7700 SCOTT ST,"6, ZONE",533U,5454c,CLOSED,2020-02-05,11:28 AM
170444,Tree Trim,2020-02-05 01:52 PM,Tree Trim Inspection,TREEMAINTENANCE,"BLANCHETTE, PETER",6100  VAN ZANDT ,"4, ZONE",415N,5562b,CLOSED,2020-02-05,01:52 PM
170445,Tree Removal,2020-02-05 03:26 PM,Tree Removal Inspection,TREEMAINTENANCE,"PATINO, ARNULFO",3214 TANGLEWILDE ST,"2, ZONE",490W,77063,CLOSED,2020-02-05,03:26 PM
170446,Tree Removal,2020-02-05 04:08 PM,Tree Removal Inspection,TREEMAINTENANCE,"BLANCHETTE, PETER", 600 EDGEBROOK DR & 2400 FREY RD,"5, ZONE",576F,5752b,CLOSED,2020-02-05,04:08 PM
170448,Tree Trim,2020-02-05 04:19 PM,Tree Trim Inspection,TREEMAINTENANCE,"PATINO, ARNULFO",5509 HILLMAN ST,"5, ZONE",494Y,77023,CLOSED,2020-02-05,04:19 PM
170449,Tree Trim,2020-02-05 08:30 PM,Tree Trim Inspection,TREEMAINTENANCE,"BLANCHETTE, PETER", 1300 DELANO ST & 2800 POLK ST,"5, ZONE",493V,5457c,CLOSED,2020-02-05,08:30 PM
170450,Tree Trim,2020-02-05 08:32 PM,Tree Trim Inspection,TREEMAINTENANCE,"BLANCHETTE, PETER", 1300 LIVE OAK ST & 2600 POLK ST,"5, ZONE",493V,5457c,CLOSED,2020-02-05,08:32 PM
170453,Tree Stump Grinding,2020-02-06 07:23 AM,Tree Stump Inspection,TREEMAINTENANCE,"BLANCHETTE, PETER",6100  HERMANN PARK ,"7, ZONE",533A,5355b,CLOSED,2020-02-06,07:23 AM
170458,Tree Trim,2020-02-06 12:09 PM,Tree Trim Inspection,TREEMAINTENANCE,"BLANCHETTE, PETER",12923  FAWNWAY ,"6, ZONE",574N,5451b,CLOSED,2020-02-06,12:09 PM
170460,Tree Trim,2020-02-06 12:37 PM,Tree Trim Inspection,TREEMAINTENANCE,"BLANCHETTE, PETER",7627 GLENVIEW,"6, ZONE",535S,5654c,CLOSED,2020-02-06,12:37 PM
170461,Tree Trim,2020-02-06 12:39 PM,Tree Trim Inspection,TREEMAINTENANCE,"BLANCHETTE, PETER",6806  THORNWILD ,"7, ZONE",571W,5150a,CLOSED,2020-02-06,12:39 PM
170463,Tree Removal,2020-02-06 01:39 PM,Tree Removal Inspection,TREEMAINTENANCE,"PATINO, ARNULFO",5235 SAXON DR,"3, ZONE",451L,77092,CLOSED,2020-02-06,01:39 PM
170467,Tree Trim,2020-02-06 03:48 PM,Tree Trim Inspection,TREEMAINTENANCE,"UF - JONES, CODY",301  FANNIN ,"1, ZONE",493M,5457a,CLOSED,2020-02-06,03:48 PM
170468,Tree Trim,2020-02-06 04:27 PM,Tree Trim Inspection,TREEMAINTENANCE,"BLANCHETTE, PETER",11507  PLUMBROOK ,"2, ZONE",529X,4853d,CLOSED,2020-02-06,04:27 PM
170469,Tree Trim,2020-02-06 11:16 PM,Tree Trim Inspection,TREEMAINTENANCE,"PATINO, ARNULFO",5959 PINEMONT DR,"3, ZONE",451F,77092,CLOSED,2020-02-06,11:16 PM
170470,Tree Trim,2020-02-07 07:08 AM,Tree Trim Inspection,TREEMAINTENANCE,"BLANCHETTE, PETER",4736  REDBUD ,"6, ZONE",533V,5453a,CLOSED,2020-02-07,07:08 AM
170472,Tree Trim,2020-02-07 07:38 AM,Tree Trim Inspection,TREEMAINTENANCE,"BLANCHETTE, PETER",7014  RICHWOOD ,"6, ZONE",534V,5554d,CLOSED,2020-02-07,07:38 AM
170476,Tree Removal,2020-02-07 08:11 AM,Tree Removal Inspection,TREEMAINTENANCE,"UF - JONES, CODY",721  PEDDIE ,"3, ZONE",453W,5359c,CLOSED,2020-02-07,08:11 AM
170483,Tree Removal,2020-02-07 10:38 AM,Tree Removal Inspection,TREEMAINTENANCE,"UF - JONES, CODY",4525  GESSNER ,"3, ZONE",450E,4960b,CLOSED,2020-02-07,10:38 AM
170484,Tree Removal,2020-02-07 11:59 AM,Tree Removal Inspection,TREEMAINTENANCE,"BLANCHETTE, PETER",7002  LAWNDALE ,"5, ZONE",534D,5555b,CLOSED,2020-02-07,11:59 AM
170485,Tree Trim,2020-02-07 01:33 PM,Tree Trim Inspection,TREEMAINTENANCE,"BLANCHETTE, PETER",7719  CHASEWIND ,"7, ZONE",570V,5050b,CLOSED,2020-02-07,01:33 PM
170486,Tree Removal,2020-02-07 03:39 PM,Tree Removal Inspection,TREEMAINTENANCE,"BLANCHETTE, PETER",3906 DREW ST,"6, ZONE",494W,5456d,CLOSED,2020-02-07,03:39 PM
170487,Tree Removal,2020-02-07 03:55 PM,Tree Removal Inspection,TREEMAINTENANCE,"BLANCHETTE, PETER",7011  WESTOVER RIDGE ,"2, ZONE",528H,4854a,CLOSED,2020-02-07,03:55 PM
170488,Tree Trim,2020-02-07 03:58 PM,Tree Trim Inspection,TREEMAINTENANCE,"UF - JONES, CODY",5823  DARLINGHURST ,"7, ZONE",571Q,5151b,CLOSED,2020-02-07,03:58 PM
170489,Tree Trim,2020-02-07 04:09 PM,Tree Trim Inspection,TREEMAINTENANCE,"BLANCHETTE, PETER",323 N ESTELLE ,"5, ZONE",494P,5457d,CLOSED,2020-02-07,04:09 PM
170490,Tree Stump Grinding,2020-02-07 04:15 PM,Tree Stump Inspection,TREEMAINTENANCE,"UF - JONES, CODY",5910  MCKNIGHT ,"7, ZONE",571A,5153c,CLOSED,2020-02-07,04:15 PM
170491,Tree Trim,2020-02-07 05:29 PM,Tree Trim Inspection,TREEMAINTENANCE,"BLANCHETTE, PETER",6520  AVENUE C ,"5, ZONE",494V,5556a,CLOSED,2020-02-07,05:29 PM
170492,Tree Trim,2020-02-07 05:32 PM,Tree Trim Inspection,TREEMAINTENANCE,"BLANCHETTE, PETER",7226  HERSHE ,"4, ZONE",495E,5558d,CLOSED,2020-02-07,05:32 PM
170493,Tree Stump Grinding,2020-02-07 05:59 PM,Tree Stump Inspection,TREEMAINTENANCE,"UF - JONES, CODY",307  WELCH ,"2, ZONE",493N,5357d,CLOSED,2020-02-07,05:59 PM
170494,Tree Trim,2020-02-07 11:56 PM,Tree Trim Inspection,TREEMAINTENANCE,"UF - JONES, CODY",5001  ANTOINE ,"3, ZONE",451G,5160a,CLOSED,2020-02-07,11:56 PM
170495,Tree Removal,2020-02-08 12:08 PM,Tree Removal Inspection,TREEMAINTENANCE,"PATINO, ARNULFO",850 N WILCREST DR,"2, ZONE",489B,77079,CLOSED,2020-02-08,12:08 PM
170496,Tree Removal,2020-02-08 04:10 PM,Tree Removal Inspection,TREEMAINTENANCE,"PATINO, ARNULFO",5050 WIGTON DR,"7, ZONE",531U,77096,CLOSED,2020-02-08,04:10 PM
170498,Tree Trim,2020-02-09 08:08 AM,Tree Trim Inspection,TREEMAINTENANCE,"UF - JONES, CODY",5046  WIGTON ,"7, ZONE",531U,5153b,CLOSED,2020-02-09,08:08 AM
170499,Tree Trim,2020-02-09 08:41 AM,Tree Trim Inspection,TREEMAINTENANCE,"BLANCHETTE, PETER",7314  AVENUE L ,"5, ZONE",495S,5556b,CLOSED,2020-02-09,08:41 AM
170500,Tree Removal,2020-02-09 09:05 AM,Tree Removal Inspection,TREEMAINTENANCE,"BLANCHETTE, PETER", 516 N DRENNAN ST,"5, ZONE",494P,5457d,CLOSED,2020-02-09,09:05 AM
170501,Tree Removal,2020-02-09 11:35 AM,Tree Removal Inspection,TREEMAINTENANCE,"BLANCHETTE, PETER",8160  WIER ,"5, ZONE",535U,5654d,CLOSED,2020-02-09,11:35 AM
170502,Tree Trim,2020-02-09 05:37 PM,Tree Trim Inspection,TREEMAINTENANCE,"BLANCHETTE, PETER", 3700 ALMEDA RD & 3500 CRAWFORD ST & 1600 WINBERN ST,"2, ZONE",493X,5356b,CLOSED,2020-02-09,05:37 PM
170503,Tree Trim,2020-02-10 03:36 AM,Tree Trim Inspection,TREEMAINTENANCE,"UF - JONES, CODY",5146  LOCH LOMOND ,"7, ZONE",531Q,5154d,CLOSED,2020-02-10,03:36 AM
170520,Tree Trim,2020-02-10 08:32 AM,Tree Trim Inspection,TREEMAINTENANCE,"UF - JONES, CODY", 6700 BEECHNUT ST & 6800 BISSONNET ST,"7, ZONE",530R,5054d,CLOSED,2020-02-10,08:32 AM
170521,Tree Trim,2020-02-10 08:35 AM,Tree Trim Inspection,TREEMAINTENANCE,"UF - JONES, CODY",4017  CAMPBELL ,"3, ZONE",450K,5060c,CLOSED,2020-02-10,08:35 AM
170526,Tree Removal,2020-02-10 09:16 AM,Tree Removal Inspection,TREEMAINTENANCE,"BLANCHETTE, PETER",9014  ROWAN ,"2, ZONE",530E,4954b,CLOSED,2020-02-10,09:16 AM
170527,Tree Trim,2020-02-10 09:34 AM,Tree Trim Inspection,TREEMAINTENANCE,"BLANCHETTE, PETER",7439  BRIEFWAY ,"6, ZONE",535N,5554b,CLOSED,2020-02-10,09:34 AM
170528,Tree Removal,2020-02-10 09:40 AM,Tree Removal Inspection,TREEMAINTENANCE,"BLANCHETTE, PETER",2522  GLEN HAVEN ,"7, ZONE",532L,5255d,CLOSED,2020-02-10,09:40 AM
170529,Tree Trim,2020-02-10 09:40 AM,Tree Trim Inspection,TREEMAINTENANCE,"BLANCHETTE, PETER",500  PORT ,"4, ZONE",495E,5558b,CLOSED,2020-02-10,09:40 AM
170531,Tree Removal,2020-02-10 10:34 AM,Tree Removal Inspection,TREEMAINTENANCE,"PATINO, ARNULFO",5211  PAISLEY ,"7, ZONE",531T,5153b,CLOSED,2020-02-10,10:34 AM
170532,Tree Trim,2020-02-10 10:37 AM,Tree Trim Inspection,TREEMAINTENANCE,"BLANCHETTE, PETER",2822  STAPLES ,"4, ZONE",494B,5458b,CLOSED,2020-02-10,10:37 AM
170533,Tree Trim,2020-02-10 10:48 AM,Tree Trim Inspection,TREEMAINTENANCE,"PATINO, ARNULFO",2258 WOODLAND SPRINGS ST,"2, ZONE",489T,77077,CLOSED,2020-02-10,10:48 AM
170534,Tree Trim,2020-02-10 10:58 AM,Tree Trim Inspection,TREEMAINTENANCE,"UF - JONES, CODY",1353  CANDLELIGHT ,"3, ZONE",452F,5260a,CLOSED,2020-02-10,10:58 AM
170535,Tree Trim,2020-02-10 11:17 AM,Tree Trim Inspection,TREEMAINTENANCE,"PATINO, ARNULFO",4919 LA BRANCH ST,"7, ZONE",493X,77004,CLOSED,2020-02-10,11:17 AM
170536,Tree Trim,2020-02-10 11:21 AM,Tree Trim Inspection,TREEMAINTENANCE,"BLANCHETTE, PETER",9712  LOCKWOOD ,"4, ZONE",454C,5561c,CLOSED,2020-02-10,11:21 AM
170537,Tree Trim,2020-02-10 12:06 PM,Tree Trim Inspection,TREEMAINTENANCE,"BLANCHETTE, PETER",6710  DILLON ,"6, ZONE",574G,5552a,CLOSED,2020-02-10,12:06 PM
170538,Tree Removal,2020-02-10 01:03 PM,Tree Removal Inspection,TREEMAINTENANCE,"BLANCHETTE, PETER",2107  SCHILDER ,"4, ZONE",453D,5461a,CLOSED,2020-02-10,01:03 PM
170540,Tree Removal,2020-02-10 01:44 PM,Tree Removal Inspection,TREEMAINTENANCE,"BLANCHETTE, PETER",7900  MORLEY ,"6, ZONE",535X,5653a,CLOSED,2020-02-10,01:44 PM
170541,Tree Removal,2020-02-10 04:30 PM,Tree Removal Inspection,TREEMAINTENANCE,"PATINO, ARNULFO",5400 FAIRDALE LN,"2, ZONE",491Y,77056,CLOSED,2020-02-10,04:30 PM
170542,Tree Removal,2020-02-10 05:03 PM,Tree Removal Inspection,TREEMAINTENANCE,"BLANCHETTE, PETER",7303 AVENUE J ,"5, ZONE",495S,5556b,CLOSED,2020-02-10,05:03 PM
170545,Tree Trim,2020-02-11 08:35 AM,Tree Trim Inspection,TREEMAINTENANCE,"UF - JONES, CODY",9403  NORTH ,"3, ZONE",412L,5263d,CLOSED,2020-02-11,08:35 AM
170546,Tree Trim,2020-02-11 08:48 AM,Tree Trim Inspection,TREEMAINTENANCE,"UF - JONES, CODY", 634 W GULF BANK RD & 9000 NORTH FWY,"4, ZONE",412M,5263d,CLOSED,2020-02-11,08:48 AM
170549,Tree Removal,2020-02-11 09:55 AM,Tree Removal Inspection,TREEMAINTENANCE,"BLANCHETTE, PETER",9510 S GESSNER ,"7, ZONE",530T,5053a,CLOSED,2020-02-11,09:55 AM
170551,Tree Trim,2020-02-11 10:40 AM,Tree Trim Inspection,TREEMAINTENANCE,"BLANCHETTE, PETER", 6919 LINDEN ST ,"5, ZONE",535E,5555b,CLOSED,2020-02-11,10:40 AM
170552,Tree Removal,2020-02-11 12:21 PM,Tree Removal Inspection,TREEMAINTENANCE,"UF - JONES, CODY",13803  WALNUT HOLLOW ,"2, ZONE",488X,4755b,CLOSED,2020-02-11,12:21 PM
170554,Tree Removal,2020-02-11 01:47 PM,Tree Removal Inspection,TREEMAINTENANCE,"UF - JONES, CODY",3908  AUSTIN ,"2, ZONE",493X,5356b,CLOSED,2020-02-11,01:47 PM
170555,Tree Removal,2020-02-11 01:49 PM,Tree Removal Inspection,TREEMAINTENANCE,"BLANCHETTE, PETER",2630  WATER ,"4, ZONE",336C,5770c,CLOSED,2020-02-11,01:49 PM
170556,Tree Removal,2020-02-11 02:23 PM,Tree Removal Inspection,TREEMAINTENANCE,"PATINO, ARNULFO",6120 BELLAIRE BLVD,"7, ZONE",531E,77081,CLOSED,2020-02-11,02:23 PM
170557,Tree Removal,2020-02-11 02:39 PM,Tree Removal Inspection,TREEMAINTENANCE,"UF - JONES, CODY",711  FRISCO ,"4, ZONE",453Q,5460c,CLOSED,2020-02-11,02:39 PM
170558,Tree Trim,2020-02-12 01:56 AM,Tree Trim Inspection,TREEMAINTENANCE,"PATINO, ARNULFO","4001 LANARK LN, APT A","7, ZONE",532E,77025,CLOSED,2020-02-12,01:56 AM
170568,Tree Trim,2020-02-12 08:44 AM,Tree Trim Inspection,TREEMAINTENANCE,"BLANCHETTE, PETER",9310  HEATHERSIDE ,"4, ZONE",454C,5561c,CLOSED,2020-02-12,08:44 AM
170571,Tree Trim,2020-02-12 09:56 AM,Tree Trim Inspection,TREEMAINTENANCE,"UF - JONES, CODY",801  ST EMANUEL ,"5, ZONE",493R,5457c,CLOSED,2020-02-12,09:56 AM
170572,Tree Removal,2020-02-12 10:21 AM,Tree Removal Inspection,TREEMAINTENANCE,"BLANCHETTE, PETER",6405  HAMBLEN ,"4, ZONE",375W,5564b,CLOSED,2020-02-12,10:21 AM
170574,Tree Trim,2020-02-12 12:06 PM,Tree Trim Inspection,TREEMAINTENANCE,"PATINO, ARNULFO",9829 WOODWIND DR,"7, ZONE",532S,77025,CLOSED,2020-02-12,12:06 PM
170577,Tree Removal,2020-02-12 02:31 PM,Tree Removal Inspection,TREEMAINTENANCE,"UF - JONES, CODY",212  PARKVIEW ,"3, ZONE",493C,5358b,CLOSED,2020-02-12,02:31 PM
170579,Tree Trim,2020-02-13 07:35 AM,Tree Trim Inspection,TREEMAINTENANCE,"PATINO, ARNULFO",GLENWYCK ST & REGENCY DR,"7, ZONE",572E,77045,CLOSED,2020-02-13,07:35 AM
170584,Tree Trim,2020-02-13 08:57 AM,Tree Trim Inspection,TREEMAINTENANCE,"BLANCHETTE, PETER",3110 W LAKE HOUSTON ,"4, ZONE",337B,5870c,CLOSED,2020-02-13,08:57 AM
170586,Tree Trim,2020-02-13 09:59 AM,Tree Trim Inspection,TREEMAINTENANCE,"PATINO, ARNULFO",9201 MEMORIAL DR,"2, ZONE",491C,77024,CLOSED,2020-02-13,09:59 AM
170588,Tree Trim,2020-02-13 04:06 PM,Tree Trim Inspection,TREEMAINTENANCE,"PATINO, ARNULFO",800 LA BRANCH ST,"1, ZONE",493R,77010,CLOSED,2020-02-13,04:06 PM
170589,Tree Trim,2020-02-13 04:27 PM,Tree Trim Inspection,TREEMAINTENANCE,"PATINO, ARNULFO",15527 SUMMER BRIAR CT,"7, ZONE",571X,77489,CLOSED,2020-02-13,04:27 PM
170590,Tree Trim,2020-02-13 06:31 PM,Tree Trim Inspection,TREEMAINTENANCE,"PATINO, ARNULFO",5133 RICHMOND AVE,"2, ZONE",491Y,77056,CLOSED,2020-02-13,06:31 PM
170591,Tree Trim,2020-02-13 06:37 PM,Tree Trim Inspection,TREEMAINTENANCE,"UF - JONES, CODY",819  OMAR ,"3, ZONE",493B,5358b,CLOSED,2020-02-13,06:37 PM
170592,Tree Trim,2020-02-13 07:13 PM,Tree Trim Inspection,TREEMAINTENANCE,"BLANCHETTE, PETER",4601  IRELAND ,"4, ZONE",454C,5561c,CLOSED,2020-02-13,07:13 PM
170593,Tree Trim,2020-02-13 07:17 PM,Tree Trim Inspection,TREEMAINTENANCE,"BLANCHETTE, PETER",4529  IRELAND ,"4, ZONE",454C,5561c,CLOSED,2020-02-13,07:17 PM
170594,Tree Trim,2020-02-13 10:15 PM,Tree Trim Inspection,TREEMAINTENANCE,"UF - JONES, CODY",9334  ROSSTOWN ,"3, ZONE",450U,5059c,CLOSED,2020-02-13,10:15 PM
170595,Tree Trim,2020-02-14 07:39 AM,Tree Trim Inspection,TREEMAINTENANCE,"BLANCHETTE, PETER", 7738 CANDLEGREEN LN,"7, ZONE",570G,5052b,CLOSED,2020-02-14,07:39 AM
170604,Tree Removal,2020-02-14 09:51 AM,Tree Removal Inspection,TREEMAINTENANCE,"BLANCHETTE, PETER", 9300 CLARIDGE DR & 10900 CONSUELA DR,"7, ZONE",530W,4953d,CLOSED,2020-02-14,09:51 AM
170605,Tree Trim,2020-02-14 10:23 AM,Tree Trim Inspection,TREEMAINTENANCE,"BLANCHETTE, PETER",7922  CANDLEGREEN ,"7, ZONE",570G,5052b,CLOSED,2020-02-14,10:23 AM
170606,Tree Trim,2020-02-14 01:51 PM,Tree Trim Inspection,TREEMAINTENANCE,"PATINO, ARNULFO",5303 GRAPE ST,"7, ZONE",531P,77096,CLOSED,2020-02-14,01:51 PM
170607,Tree Removal,2020-02-14 02:07 PM,Tree Removal Inspection,TREEMAINTENANCE,"BLANCHETTE, PETER",7330  ASHBURN ,"6, ZONE",534Z,5553b,CLOSED,2020-02-14,02:07 PM
170608,Tree Removal,2020-02-14 03:37 PM,Tree Removal Inspection,TREEMAINTENANCE,"UF - JONES, CODY",2409  BRANARD ,"2, ZONE",492U,5256b,CLOSED,2020-02-14,03:37 PM
170609,Tree Trim,2020-02-14 06:57 PM,Tree Trim Inspection,TREEMAINTENANCE,"BLANCHETTE, PETER",5630  SOUTHBROOK ,"6, ZONE",574A,5453d,CLOSED,2020-02-14,06:57 PM
170610,Tree Trim,2020-02-15 09:41 AM,Tree Trim Inspection,TREEMAINTENANCE,"PATINO, ARNULFO",6203 CHEENA DR,"7, ZONE",530V,77096,CLOSED,2020-02-15,09:41 AM
170611,Tree Trim,2020-02-15 09:43 AM,Tree Trim Inspection,TREEMAINTENANCE,"PATINO, ARNULFO",5711 JASON ST,"7, ZONE",531N,77096,CLOSED,2020-02-15,09:43 AM
170612,Tree Trim,2020-02-15 03:27 PM,Tree Trim Inspection,TREEMAINTENANCE,"BLANCHETTE, PETER",2417 BLODGETT STREET ,"6, ZONE",533C,5356d,CLOSED,2020-02-15,03:27 PM
170613,Tree Removal,2020-02-15 05:47 PM,Tree Removal Inspection,TREEMAINTENANCE,"UF - JONES, CODY",12585  RICHMOND ,"2, ZONE",488Z,4856c,CLOSED,2020-02-15,05:47 PM
170614,Tree Trim,2020-02-15 10:52 PM,Tree Trim Inspection,TREEMAINTENANCE,"UF - JONES, CODY",10763  KATY ,"2, ZONE",489C,4958c,CLOSED,2020-02-15,10:52 PM
170615,Tree Trim,2020-02-16 10:13 AM,Tree Trim Inspection,TREEMAINTENANCE,"PATINO, ARNULFO",9700 BRIAR FOREST DR,"2, ZONE",490N,77042,CLOSED,2020-02-16,10:13 AM
170616,Tree Trim,2020-02-16 11:29 AM,Tree Trim Inspection,TREEMAINTENANCE,"PATINO, ARNULFO",9700 BRIAR FOREST DR,"2, ZONE",490N,77042,CLOSED,2020-02-16,11:29 AM
170617,Tree Removal,2020-02-16 11:57 AM,Tree Removal Inspection,TREEMAINTENANCE,"BLANCHETTE, PETER",5447  CREEKBEND ,"7, ZONE",531X,5153c,CLOSED,2020-02-16,11:57 AM
170620,Tree Removal,2020-02-17 09:32 AM,Tree Removal Inspection,TREEMAINTENANCE,"UF - JONES, CODY",9920  PORTO RICO ,"3, ZONE",450A,4961d,CLOSED,2020-02-17,09:32 AM
170621,Tree Trim,2020-02-17 10:18 AM,Tree Trim Inspection,TREEMAINTENANCE,"UF - JONES, CODY",2448  CARMEL ,"3, ZONE",412W,5161b,CLOSED,2020-02-17,10:18 AM
170622,Tree Removal,2020-02-17 10:24 AM,Tree Removal Inspection,TREEMAINTENANCE,"UF - JONES, CODY",940  ADELE ,"3, ZONE",453T,5359b,CLOSED,2020-02-17,10:24 AM
170623,Tree Removal,2020-02-17 11:00 AM,Tree Removal Inspection,TREEMAINTENANCE,"BLANCHETTE, PETER",1822 C  SOUTHMORE ,"7, ZONE",533B,5356d,CLOSED,2020-02-17,11:00 AM
170626,Tree Trim,2020-02-17 12:16 PM,Tree Trim Inspection,TREEMAINTENANCE,"BLANCHETTE, PETER",1216  77TH ,"5, ZONE",495T,5656a,CLOSED,2020-02-17,12:16 PM
170627,Tree Trim,2020-02-17 12:17 PM,Tree Trim Inspection,TREEMAINTENANCE,"BLANCHETTE, PETER",10700  ROSEHAVEN ,"6, ZONE",573F,5352b,CLOSED,2020-02-17,12:17 PM
170628,Tree Removal,2020-02-17 01:54 PM,Tree Removal Inspection,TREEMAINTENANCE,"BLANCHETTE, PETER",6740  ASHBURN ,"6, ZONE",534Z,5553b,CLOSED,2020-02-17,01:54 PM
170629,Tree Trim,2020-02-17 02:26 PM,Tree Trim Inspection,TREEMAINTENANCE,"PATINO, ARNULFO",15415 WILLMORE LN,"7, ZONE",571W,77489,CLOSED,2020-02-17,02:26 PM
170630,Tree Trim,2020-02-17 02:51 PM,Tree Trim Inspection,TREEMAINTENANCE,"PATINO, ARNULFO",5801 WOODWAY DR,"2, ZONE",491K,77057,CLOSED,2020-02-17,02:51 PM
170631,Tree Trim,2020-02-17 03:12 PM,Tree Trim Inspection,TREEMAINTENANCE,"PATINO, ARNULFO",3814 DRAKE ST,"7, ZONE",492W,77005,CLOSED,2020-02-17,03:12 PM
170632,Tree Removal,2020-02-17 03:31 PM,Tree Removal Inspection,TREEMAINTENANCE,"UF - JONES, CODY",519  COMILE ,"4, ZONE",453Q,5360d,CLOSED,2020-02-17,03:31 PM
170633,Tree Trim,2020-02-17 03:31 PM,Tree Trim Inspection,TREEMAINTENANCE,"UF - JONES, CODY",1907  MARLBERRY ,"3, ZONE",447X,4658a,CLOSED,2020-02-17,03:31 PM
170634,Tree Trim,2020-02-17 05:59 PM,Tree Trim Inspection,TREEMAINTENANCE,"BLANCHETTE, PETER", 3900 MAPLE PARK WAY & 4400 NORTH PARK DR,"4, ZONE",297U,5871c,CLOSED,2020-02-17,05:59 PM
170635,Tree Removal,2020-02-17 07:40 PM,Tree Removal Inspection,TREEMAINTENANCE,"PATINO, ARNULFO",7114 EICHLER DR,"2, ZONE",529H,77036,CLOSED,2020-02-17,07:40 PM
170640,Tree Trim,2020-02-18 08:54 AM,Tree Trim Inspection,TREEMAINTENANCE,"PATINO, ARNULFO",4126 BROOKSTON ST,"7, ZONE",572E,77045,CLOSED,2020-02-18,08:54 AM
170641,Tree Trim,2020-02-18 10:03 AM,Tree Trim Inspection,TREEMAINTENANCE,"BLANCHETTE, PETER", 116 EVERTON ST,"5, ZONE",494N,5457d,CLOSED,2020-02-18,10:03 AM
170646,Tree Trim,2020-02-18 10:34 AM,Tree Trim Inspection,TREEMAINTENANCE,"UF - JONES, CODY",10050  CHICKASAW ,"3, ZONE",450A,4961d,CLOSED,2020-02-18,10:34 AM
170647,Tree Planting,2020-02-18 11:26 AM,Tree Planting Inspection,TREEPROTECTION,"BLANCHETTE, PETER",804 W MAIN ,"2, ZONE",493S,5356b,CLOSED,2020-02-18,11:26 AM
170648,Tree Removal,2020-02-18 11:30 AM,Tree Removal Inspection,TREEMAINTENANCE,"BLANCHETTE, PETER",6815  NEW YORK ,"6, ZONE",533R,5454a,CLOSED,2020-02-18,11:30 AM
170649,Tree Trim,2020-02-18 11:43 AM,Tree Trim Inspection,TREEMAINTENANCE,"UF - JONES, CODY", 2480 HURFUS DR & 4722 RAMUS ST,"3, ZONE",451V,5159b,CLOSED,2020-02-18,11:43 AM
170650,Tree Trim,2020-02-18 12:06 PM,Tree Trim Inspection,TREEMAINTENANCE,"BLANCHETTE, PETER",3162  GOLFCREST ,"6, ZONE",534M,5554b,CLOSED,2020-02-18,12:06 PM
170653,Tree Trim,2020-02-18 03:37 PM,Tree Trim Inspection,TREEMAINTENANCE,"UF - JONES, CODY",912  OXFORD ,"3, ZONE",493A,5358a,CLOSED,2020-02-18,03:37 PM
170654,Tree Trim,2020-02-18 04:10 PM,Tree Trim Inspection,TREEMAINTENANCE,"BLANCHETTE, PETER",5903  RIVERCHASE TRL,"4, ZONE",297V,5870b,CLOSED,2020-02-18,04:10 PM
170660,Tree Trim,2020-02-19 07:54 AM,Tree Trim Inspection,TREEMAINTENANCE,"PATINO, ARNULFO",5500 BISSONNET ST,"7, ZONE",531F,77081,CLOSED,2020-02-19,07:54 AM
170661,Tree Stump Grinding,2020-02-19 07:54 AM,Tree Stump Inspection,TREEMAINTENANCE,"PATINO, ARNULFO",502 W 24TH ,"3, ZONE",452V,5359a,CLOSED,2020-02-19,07:54 AM
170662,Tree Trim,2020-02-19 09:15 AM,Tree Trim Inspection,TREEMAINTENANCE,"PATINO, ARNULFO",661 BERING DR,"2, ZONE",491K,77057,CLOSED,2020-02-19,09:15 AM
170664,Tree Trim,2020-02-19 09:24 AM,Tree Trim Inspection,TREEMAINTENANCE,"BLANCHETTE, PETER",7914  CANDLEGREEN ,"7, ZONE",570G,5052b,CLOSED,2020-02-19,09:24 AM
170665,Tree Trim,2020-02-19 09:49 AM,Tree Trim Inspection,TREEMAINTENANCE,"BLANCHETTE, PETER",4009  CAMPBELL ,"4, ZONE",494B,5458b,CLOSED,2020-02-19,09:49 AM
170666,Tree Trim,2020-02-19 10:10 AM,Tree Trim Inspection,TREEMAINTENANCE,"UF - JONES, CODY",6415  MINOLA ,"2, ZONE",492F,5258d,CLOSED,2020-02-19,10:10 AM
170669,Tree Removal,2020-02-19 11:19 AM,Tree Removal Inspection,TREEMAINTENANCE,"UF - JONES, CODY",14203  MANDERLY ,"2, ZONE",488J,4757d,CLOSED,2020-02-19,11:19 AM
170670,Tree Stump Grinding,2020-02-19 11:52 AM,Tree Stump Inspection,TREEMAINTENANCE,"UF - JONES, CODY",705 E 23RD ,"3, ZONE",453S,5359a,CLOSED,2020-02-19,11:52 AM
170672,Tree Removal,2020-02-19 04:18 PM,Tree Removal Inspection,TREEMAINTENANCE,"UF - BURKES, JEREMY",7114  EICHLER ,"2, ZONE",529H,4954b,CLOSED,2020-02-19,04:18 PM
170673,Tree Trim,2020-02-19 05:18 PM,Tree Trim Inspection,TREEMAINTENANCE,"PATINO, ARNULFO",5500 BISSONNET ST,"7, ZONE",531F,77081,CLOSED,2020-02-19,05:18 PM
170677,Tree Trim,2020-02-20 08:59 AM,Tree Trim Inspection,TREEMAINTENANCE,"UF - JONES, CODY",4934  PINEMONT ,"3, ZONE",451G,5160b,CLOSED,2020-02-20,08:59 AM
170679,Tree Trim,2020-02-20 11:28 AM,Tree Trim Inspection,TREEMAINTENANCE,"UF - JONES, CODY", 3700 KATY FWY & 300 YALE ST,"3, ZONE",492H,5358c,CLOSED,2020-02-20,11:28 AM
170680,Tree Removal,2020-02-20 12:32 PM,Tree Removal Inspection,TREEMAINTENANCE,"BLANCHETTE, PETER",1010  RUELL ,"5, ZONE",535M,5655d,CLOSED,2020-02-20,12:32 PM
170683,Tree Trim,2020-02-20 01:46 PM,Tree Trim Inspection,TREEMAINTENANCE,"BLANCHETTE, PETER",5225  CALHOUN ,"6, ZONE",534E,5455b,CLOSED,2020-02-20,01:46 PM
170684,Tree Trim,2020-02-20 01:48 PM,Tree Trim Inspection,TREEMAINTENANCE,"PATINO, ARNULFO",7011 WESTOVER RIDGE DR,"2, ZONE",528H,77072,CLOSED,2020-02-20,01:48 PM
170685,Tree Trim,2020-02-20 02:05 PM,Tree Trim Inspection,TREEMAINTENANCE,"BLANCHETTE, PETER",5225  CALHOUN ,"6, ZONE",534E,5455b,CLOSED,2020-02-20,02:05 PM
170686,Tree Trim,2020-02-20 02:28 PM,Tree Trim Inspection,TREEMAINTENANCE,"PATINO, ARNULFO",15000 ALROVER ST,"7, ZONE",572T,77053,CLOSED,2020-02-20,02:28 PM
170687,Tree Trim,2020-02-20 03:50 PM,Tree Trim Inspection,TREEMAINTENANCE,"UF - JONES, CODY", 200 E 12TH ST & 1200 HARVARD ST,"3, ZONE",453W,5358a,CLOSED,2020-02-20,03:50 PM
170688,Tree Trim,2020-02-20 04:31 PM,Tree Trim Inspection,TREEMAINTENANCE,"PATINO, ARNULFO",8315 LORRIE DR,"7, ZONE",532Q,77025,CLOSED,2020-02-20,04:31 PM
170689,Tree Trim,2020-02-20 05:02 PM,Tree Trim Inspection,TREEMAINTENANCE,"BLANCHETTE, PETER",4103 DUVAL ST,"6, ZONE",534M,5555d,CLOSED,2020-02-20,05:02 PM
170691,Tree Trim,2020-02-21 09:08 AM,Tree Trim Inspection,TREEMAINTENANCE,"UF - JONES, CODY", 5600 PATRICK ST & 5700 YALE ST,"3, ZONE",452D,5361c,CLOSED,2020-02-21,09:08 AM
170692,Tree Trim,2020-02-21 10:52 AM,Tree Trim Inspection,TREEMAINTENANCE,"BLANCHETTE, PETER", 3300 W LAKE HOUSTON PKWY & 4100 RUSTIC WOODS DR,"4, ZONE",297X,5870c,CLOSED,2020-02-21,10:52 AM
170693,Tree Trim,2020-02-21 11:03 AM,Tree Trim Inspection,TREEMAINTENANCE,"PATINO, ARNULFO",15702 BARKERS LANDING RD,"2, ZONE",488B,77079,CLOSED,2020-02-21,11:03 AM
170703,Tree Trim,2020-02-21 02:45 PM,Tree Trim Inspection,TREEMAINTENANCE,"BLANCHETTE, PETER",116  EVERTON ,"5, ZONE",494N,5457d,CLOSED,2020-02-21,02:45 PM
170705,Tree Trim,2020-02-21 04:07 PM,Tree Trim Inspection,TREEMAINTENANCE,"PATINO, ARNULFO",10603 CHAPEL HILL DR,"2, ZONE",529W,77099,CLOSED,2020-02-21,04:07 PM
170706,Tree Removal,2020-02-23 02:39 AM,Tree Removal Inspection,TREEMAINTENANCE,"BLANCHETTE, PETER", 1400 BAY AREA BLVD & 16800 SATURN LN,"5, ZONE",618Q,6049c,CLOSED,2020-02-23,02:39 AM
170707,Tree Removal,2020-02-23 08:35 AM,Tree Removal Inspection,TREEMAINTENANCE,"BLANCHETTE, PETER",7400 S 74TH ,"5, ZONE",495W,5556b,CLOSED,2020-02-23,08:35 AM
170708,Tree Trim,2020-02-23 09:19 AM,Tree Trim Inspection,TREEMAINTENANCE,"BLANCHETTE, PETER",2601  ANITA ,"6, ZONE",493Y,5456a,CLOSED,2020-02-23,09:19 AM
170709,Tree Removal,2020-02-23 10:09 AM,Tree Removal Inspection,TREEMAINTENANCE,"BLANCHETTE, PETER",5002  WILMINGTON ,"6, ZONE",573D,5453d,CLOSED,2020-02-23,10:09 AM
170710,Tree Removal,2020-02-23 01:56 PM,Tree Removal Inspection,TREEMAINTENANCE,"BLANCHETTE, PETER",5751 BERRY CREEK DR,"5, ZONE",536T,77017,CLOSED,2020-02-23,01:56 PM
170712,Tree Removal,2020-02-24 09:07 AM,Tree Removal Inspection,TREEMAINTENANCE,"UF - JONES, CODY",18203  GROSCHKE ,"3, ZONE",447P,4659c,CLOSED,2020-02-24,09:07 AM
170715,Tree Removal,2020-02-24 10:04 AM,Tree Removal Inspection,TREEMAINTENANCE,"UF - JONES, CODY", 2300 BARKER CYPRESS RD & 18000 SAUMS RD,"3, ZONE",447S,4658a,CLOSED,2020-02-24,10:04 AM
170717,Tree Removal,2020-02-24 10:22 AM,Tree Removal Inspection,TREEMAINTENANCE,"BLANCHETTE, PETER", 2100 FRANKLIN ST & 2000 NAVIGATION BLVD & 200 ST EMANUEL ST,"5, ZONE",493R,5457a,CLOSED,2020-02-24,10:22 AM
170719,Tree Removal,2020-02-24 10:30 AM,Tree Removal Inspection,TREEMAINTENANCE,"UF - JONES, CODY",18911  SAUMS ,"3, ZONE",446Z,4558b,CLOSED,2020-02-24,10:30 AM
170721,Tree Trim,2020-02-24 11:54 AM,Tree Trim Inspection,TREEMAINTENANCE,"PATINO, ARNULFO",1924 STONEY BROOK DR,"2, ZONE",490R,77063,CLOSED,2020-02-24,11:54 AM
170722,Tree Removal,2020-02-24 12:13 PM,Tree Removal Inspection,TREEMAINTENANCE,"PATINO, ARNULFO",10200 MEMORIAL DR,"2, ZONE",491F,77024,CLOSED,2020-02-24,12:13 PM
170725,Tree Trim,2020-02-24 02:16 PM,Tree Trim Inspection,TREEMAINTENANCE,"BLANCHETTE, PETER",8026  GARDEN PARKS ,"6, ZONE",575T,5651c,CLOSED,2020-02-24,02:16 PM
170727,Tree Trim,2020-02-24 03:21 PM,Tree Trim Inspection,TREEMAINTENANCE,"BLANCHETTE, PETER",7115  SLOAN ,"6, ZONE",534R,5554b,CLOSED,2020-02-24,03:21 PM
170728,Tree Removal,2020-02-24 04:04 PM,Tree Removal Inspection,TREEMAINTENANCE,"BLANCHETTE, PETER",3206  CHAFFIN ,"6, ZONE",534R,5554b,CLOSED,2020-02-24,04:04 PM
170729,Tree Removal,2020-02-25 12:48 AM,Tree Removal Inspection,TREEMAINTENANCE,"BLANCHETTE, PETER",5514  GRIGGS ,"6, ZONE",534K,5454b,CLOSED,2020-02-25,12:48 AM
170730,Tree Removal,2020-02-25 04:12 AM,Tree Removal Inspection,TREEMAINTENANCE,"UF - JONES, CODY",5122  HIALEAH ,"3, ZONE",451L,5160d,CLOSED,2020-02-25,04:12 AM
170734,Tree Removal,2020-02-25 09:31 AM,Tree Removal Inspection,TREEMAINTENANCE,"PATINO, ARNULFO",3314 TANGLEWILDE ST,"2, ZONE",490W,77063,CLOSED,2020-02-25,09:31 AM
170741,Tree Removal,2020-02-25 10:25 AM,Tree Removal Inspection,TREEMAINTENANCE,"UF - JONES, CODY",4425  ELI ,"2, ZONE",492H,5358c,CLOSED,2020-02-25,10:25 AM
170742,Tree Removal,2020-02-25 10:31 AM,Tree Removal Inspection,TREEMAINTENANCE,"UF - JONES, CODY", 10330 ROCKCREST DR & 10400 ROCKCREST RD & 4500 SHADOWDALE DR,"3, ZONE",449H,4960b,CLOSED,2020-02-25,10:31 AM
170743,Tree Trim,2020-02-25 10:47 AM,Tree Trim Inspection,TREEMAINTENANCE,"UF - JONES, CODY",1316  PATTERSON ,"2, ZONE",492H,5358c,CLOSED,2020-02-25,10:47 AM
170745,Tree Removal,2020-02-25 12:18 PM,Tree Removal Inspection,TREEMAINTENANCE,"BLANCHETTE, PETER",5911  ETTRICK ,"7, ZONE",571E,5152a,CLOSED,2020-02-25,12:18 PM
170746,Tree Removal,2020-02-25 12:27 PM,Tree Removal Inspection,TREEMAINTENANCE,"BLANCHETTE, PETER", 10300 MANHATTAN DR & 5300 YARWELL DR,"7, ZONE",531T,5153b,CLOSED,2020-02-25,12:27 PM
170748,Tree Trim,2020-02-25 01:08 PM,Tree Trim Inspection,TREEMAINTENANCE,"PATINO, ARNULFO",2424 PARK ST,"2, ZONE",492V,77019,CLOSED,2020-02-25,01:08 PM
170749,Tree Removal,2020-02-25 03:04 PM,Tree Removal Inspection,TREEMAINTENANCE,"UF - JONES, CODY",417  JAMES ,"4, ZONE",493G,5458c,CLOSED,2020-02-25,03:04 PM
170750,Tree Removal,2020-02-25 04:49 PM,Tree Removal Inspection,TREEMAINTENANCE,"BLANCHETTE, PETER",7439  MOLINE ,"6, ZONE",535N,5554d,CLOSED,2020-02-25,04:49 PM
170751,Tree Removal,2020-02-25 05:14 PM,Tree Removal Inspection,TREEMAINTENANCE,"BLANCHETTE, PETER",16211  BANTAM RIDGE ,"7, ZONE",611C,5150d,CLOSED,2020-02-25,05:14 PM
170752,Tree Trim,2020-02-26 06:33 AM,Tree Trim Inspection,TREEMAINTENANCE,"UF - JONES, CODY",530  LINDALE ,"4, ZONE",453Q,5460c,CLOSED,2020-02-26,06:33 AM
170754,Tree Removal,2020-02-26 08:24 AM,Tree Removal Inspection,TREEMAINTENANCE,"BLANCHETTE, PETER",5906  LONGMEADOW ,"6, ZONE",534T,5453b,CLOSED,2020-02-26,08:24 AM
170755,Tree Trim,2020-02-26 08:43 AM,Tree Trim Inspection,TREEMAINTENANCE,"PATINO, ARNULFO",2814 BELLEFONTAINE ST,"7, ZONE",532G,77025,CLOSED,2020-02-26,08:43 AM
170756,Tree Removal,2020-02-26 08:46 AM,Tree Removal Inspection,TREEMAINTENANCE,"BLANCHETTE, PETER",6525  COUNTRY CLUB ,"5, ZONE",494Y,5556c,CLOSED,2020-02-26,08:46 AM
170757,Tree Code Violation,2020-02-26 10:36 AM,Tree Code Violation Inspection,TREEPROTECTION,"UF - JONES, CODY",2723  YALE ,"3, ZONE",452V,5359a,CLOSED,2020-02-26,10:36 AM
170758,Tree Trim,2020-02-26 11:35 AM,Tree Trim Inspection,TREEMAINTENANCE,"UF - JONES, CODY", 18900 ASHLEY RD&2942 GREENHOUSE RD,"3, ZONE",446R,4559d,CLOSED,2020-02-26,11:35 AM
170759,Tree Removal,2020-02-26 11:47 AM,Tree Removal Inspection,TREEMAINTENANCE,"UF - JONES, CODY",4218  WEAVER ,"4, ZONE",454K,5460b,CLOSED,2020-02-26,11:47 AM
170760,Tree Trim,2020-02-26 01:29 PM,Tree Trim Inspection,TREEMAINTENANCE,"PATINO, ARNULFO",1200  TRAVIS ,"1, ZONE",493Q,5457c,CLOSED,2020-02-26,01:29 PM
170761,Tree Trim,2020-02-26 01:44 PM,Tree Trim Inspection,TREEMAINTENANCE,"PATINO, ARNULFO",4150 GREENBRIAR DR,"7, ZONE",492Y,77098,CLOSED,2020-02-26,01:44 PM
170762,Tree Removal,2020-02-26 02:00 PM,Tree Removal Inspection,TREEMAINTENANCE,"BLANCHETTE, PETER",5730  JASON ,"7, ZONE",531N,5154c,CLOSED,2020-02-26,02:00 PM
170763,Tree Trim,2020-02-26 02:07 PM,Tree Trim Inspection,TREEMAINTENANCE,"BLANCHETTE, PETER",215  HOFFMAN ,"4, ZONE",494D,5558a,CLOSED,2020-02-26,02:07 PM
170764,Tree Trim,2020-02-26 02:25 PM,Tree Trim Inspection,TREEMAINTENANCE,"PATINO, ARNULFO",BISSONNET ST & S SHEPHERD DR,"7, ZONE",492Y,77005,CLOSED,2020-02-26,02:25 PM
170765,Tree Removal,2020-02-26 03:03 PM,Tree Removal Inspection,TREEMAINTENANCE,"BLANCHETTE, PETER",9010  ROOS ,"2, ZONE",530J,4954b,CLOSED,2020-02-26,03:03 PM
170766,Tree Removal,2020-02-26 03:52 PM,Tree Removal Inspection,TREEMAINTENANCE,"BLANCHETTE, PETER",16202  BOWRIDGE ,"7, ZONE",611B,5150c,CLOSED,2020-02-26,03:52 PM
170767,Tree Protection Rev,2020-02-26 04:35 PM,Tree Protection Review Inspection,TREEPLANTING,"BLANCHETTE, PETER",5020  HARRISBURG (EASTWOOD PARK),"5, ZONE",494T,5556a,CLOSED,2020-02-26,04:35 PM
170768,Tree Trim,2020-02-26 04:44 PM,Tree Trim Inspection,TREEMAINTENANCE,"BLANCHETTE, PETER",7074  EVANS ,"6, ZONE",574D,5553d,CLOSED,2020-02-26,04:44 PM
170769,Tree Removal,2020-02-26 07:16 PM,Tree Removal Inspection,TREEMAINTENANCE,"BLANCHETTE, PETER",8506  MORLEY ,"6, ZONE",535Y,5653b,CLOSED,2020-02-26,07:16 PM
170773,Tree Trim,2020-02-27 08:29 AM,Tree Trim Inspection,TREEMAINTENANCE,"PATINO, ARNULFO",2200 BARTLETT ST,"7, ZONE",492Y,77098,CLOSED,2020-02-27,08:29 AM
170774,Tree Removal,2020-02-27 08:35 AM,Tree Removal Inspection,TREEMAINTENANCE,"BLANCHETTE, PETER",11110  BURDINE ,"7, ZONE",531X,5153c,CLOSED,2020-02-27,08:35 AM
170775,Tree Trim,2020-02-27 09:17 AM,Tree Trim Inspection,TREEMAINTENANCE,"PATINO, ARNULFO",5490 BRIAR DR,"2, ZONE",491F,77056,CLOSED,2020-02-27,09:17 AM
170776,Tree Trim,2020-02-27 09:45 AM,Tree Trim Inspection,TREEMAINTENANCE,"PATINO, ARNULFO",2200 BRAESWOOD PARK DR,"7, ZONE",532L,77030,CLOSED,2020-02-27,09:45 AM
170777,Tree Trim,2020-02-27 09:45 AM,Tree Trim Inspection,TREEMAINTENANCE,"PATINO, ARNULFO",2255 BRAESWOOD PARK DR,"7, ZONE",532L,77030,CLOSED,2020-02-27,09:45 AM
170778,Tree Trim,2020-02-27 09:59 AM,Tree Trim Inspection,TREEMAINTENANCE,"PATINO, ARNULFO",3514 LINKWOOD DR,"7, ZONE",532P,77025,CLOSED,2020-02-27,09:59 AM
170779,Tree Trim,2020-02-27 11:31 AM,Tree Trim Inspection,TREEMAINTENANCE,"PATINO, ARNULFO",1816 RICE BLVD,"7, ZONE",532D,77005,CLOSED,2020-02-27,11:31 AM
170781,Tree Removal,2020-02-27 12:28 PM,Tree Removal Inspection,TREEMAINTENANCE,"BLANCHETTE, PETER",2319  TANGLEY ,"7, ZONE",532C,5255b,CLOSED,2020-02-27,12:28 PM
170783,Tree Removal,2020-02-27 03:36 PM,Tree Removal Inspection,TREEMAINTENANCE,"BLANCHETTE, PETER",8115  LUGARY ,"7, ZONE",530Q,5054b,CLOSED,2020-02-27,03:36 PM
170784,Tree Trim,2020-02-27 03:52 PM,Tree Trim Inspection,TREEMAINTENANCE,"BLANCHETTE, PETER", 4400 KINGWOOD DR&3000 W LAKE HOUSTON PKWY,"4, ZONE",337B,5870c,CLOSED,2020-02-27,03:52 PM
170785,Tree Removal,2020-02-27 03:58 PM,Tree Removal Inspection,TREEMAINTENANCE,"PATINO, ARNULFO",5303 YARWELL DR,"7, ZONE",531T,77096,CLOSED,2020-02-27,03:58 PM
170786,Tree Trim,2020-02-27 04:00 PM,Tree Trim Inspection,TREEMAINTENANCE,"BLANCHETTE, PETER",7038  KELLER ,"5, ZONE",535E,5555d,CLOSED,2020-02-27,04:00 PM
170787,Tree Removal,2020-02-27 04:02 PM,Tree Removal Inspection,TREEMAINTENANCE,"BLANCHETTE, PETER",7702  PARKER ,"4, ZONE",415W,5561b,CLOSED,2020-02-27,04:02 PM
170789,Tree Code Violation,2020-02-27 10:07 PM,Tree Code Violation Inspection,TREEPROTECTION,"UF - BURKES, JEREMY",7206  PELLA ,"2, ZONE",530J,4954b,CLOSED,2020-02-27,10:07 PM
170790,Tree Trim,2020-02-28 07:42 AM,Tree Trim Inspection,TREEMAINTENANCE,"PATINO, ARNULFO",S POST OAK RD & WILLOWBEND BLVD,"7, ZONE",531Y,77035,CLOSED,2020-02-28,07:42 AM
170798,Tree Trim,2020-02-28 10:13 AM,Tree Trim Inspection,TREEMAINTENANCE,"BLANCHETTE, PETER",4011  CAVALCADE ,"4, ZONE",454X,5459d,CLOSED,2020-02-28,10:13 AM
170800,Tree Stump Grinding,2020-02-28 01:45 PM,Tree Stump Inspection,TREEMAINTENANCE,"PATINO, ARNULFO",11530 GAYMOOR DR,"7, ZONE",571B,77035,CLOSED,2020-02-28,01:45 PM
170801,Tree Trim,2020-02-28 03:23 PM,Tree Trim Inspection,TREEMAINTENANCE,"UF - JONES, CODY",540  34TH ,"3, ZONE",452R,5260d,CLOSED,2020-02-28,03:23 PM
170802,Tree Trim,2020-02-29 12:44 PM,Tree Trim Inspection,TREEMAINTENANCE,"PATINO, ARNULFO",7106 THORNWILD RD,"7, ZONE",571W,77489,CLOSED,2020-02-29,12:44 PM
170803,Tree Removal,2020-03-01 09:42 AM,Tree Removal Inspection,TREEMAINTENANCE,"UF - BURKES, JEREMY",1309  CASTLE ,"2, ZONE",493W,5356c,CLOSED,2020-03-01,09:42 AM
170804,Tree Trim,2020-03-01 10:19 AM,Tree Trim Inspection,TREEMAINTENANCE,"BLANCHETTE, PETER",5647  RUE ,"6, ZONE",574A,5453d,CLOSED,2020-03-01,10:19 AM
170805,Tree Code Violation,2020-03-01 01:57 PM,Tree Code Violation Inspection,TREEPROTECTION,"UF - BURKES, JEREMY",12827  SKYKNOLL ,"2, ZONE",488Y,4855a,CLOSED,2020-03-01,01:57 PM
170806,Tree Removal,2020-03-01 02:39 PM,Tree Removal Inspection,TREEMAINTENANCE,"PATINO, ARNULFO",7403 SHINER LN,"2, ZONE",529J,77072,CLOSED,2020-03-01,02:39 PM
170807,Tree Removal,2020-03-01 04:43 PM,Tree Removal Inspection,TREEMAINTENANCE,"BLANCHETTE, PETER",15623  FALL BRIAR ,"7, ZONE",571X,5150a,CLOSED,2020-03-01,04:43 PM
170808,Tree Removal,2020-03-02 06:20 AM,Tree Removal Inspection,TREEMAINTENANCE,"BLANCHETTE, PETER",3819  EDDIE ,"4, ZONE",494B,5458b,CLOSED,2020-03-02,06:20 AM
170811,Tree Removal,2020-03-02 09:06 AM,Tree Removal Inspection,TREEMAINTENANCE,"PATINO, ARNULFO",14203 BRIARSAGE CT,"2, ZONE",488N,77077,CLOSED,2020-03-02,09:06 AM
170823,Tree Removal,2020-03-02 12:03 PM,Tree Removal Inspection,TREEMAINTENANCE,"BLANCHETTE, PETER",11202  DALEBROOK ,"4, ZONE",415P,5562b,CLOSED,2020-03-02,12:03 PM
170824,Tree Trim,2020-03-02 12:06 PM,Tree Trim Inspection,TREEMAINTENANCE,"UF - JONES, CODY",14903  KENLEA ,"4, ZONE",412D,5364c,CLOSED,2020-03-02,12:06 PM
170825,Tree Trim,2020-03-02 12:08 PM,Tree Trim Inspection,TREEMAINTENANCE,"PATINO, ARNULFO",RICHMOND AVE & YOAKUM BLVD,"2, ZONE",493W,77006,CLOSED,2020-03-02,12:08 PM
170826,Tree Trim,2020-03-02 12:33 PM,Tree Trim Inspection,TREEMAINTENANCE,"PATINO, ARNULFO",4407 YOAKUM BLVD,"2, ZONE",493W,77006,CLOSED,2020-03-02,12:33 PM
170827,Tree Removal,2020-03-02 01:38 PM,Tree Removal Inspection,TREEMAINTENANCE,"BLANCHETTE, PETER",12217  PALMFREE ,"5, ZONE",576R,5852c,CLOSED,2020-03-02,01:38 PM
170828,Tree Trim,2020-03-02 01:51 PM,Tree Trim Inspection,TREEMAINTENANCE,"BLANCHETTE, PETER",7811  GARDEN ,"5, ZONE",535F,5655a,CLOSED,2020-03-02,01:51 PM
170829,Tree Trim,2020-03-02 02:35 PM,Tree Trim Inspection,TREEMAINTENANCE,"PATINO, ARNULFO",13802 SHERI HOLLOW LN,"2, ZONE",488X,77082,CLOSED,2020-03-02,02:35 PM
170830,Tree Trim,2020-03-02 02:41 PM,Tree Trim Inspection,TREEMAINTENANCE,"BLANCHETTE, PETER",4601  IRELAND ,"4, ZONE",454C,5561c,CLOSED,2020-03-02,02:41 PM
170831,Tree Removal,2020-03-02 02:46 PM,Tree Removal Inspection,TREEMAINTENANCE,"PATINO, ARNULFO",10103 FINCHWOOD LN,"2, ZONE",529R,77036,CLOSED,2020-03-02,02:46 PM
170832,Tree Trim,2020-03-02 03:06 PM,Tree Trim Inspection,TREEMAINTENANCE,"BLANCHETTE, PETER",2211  BERRY ,"6, ZONE",493Y,5456c,CLOSED,2020-03-02,03:06 PM
170834,Tree Removal,2020-03-02 03:14 PM,Tree Removal Inspection,TREEMAINTENANCE,"BLANCHETTE, PETER",6605  TEXARKANA ,"4, ZONE",494D,5558b,CLOSED,2020-03-02,03:14 PM
170835,Tree Trim,2020-03-02 04:40 PM,Tree Trim Inspection,TREEMAINTENANCE,"UF - JONES, CODY",2242  HICKORY LAWN ,"2, ZONE",489S,4856b,CLOSED,2020-03-02,04:40 PM
170836,Tree Removal,2020-03-02 07:36 PM,Tree Removal Inspection,TREEMAINTENANCE,"UF - JONES, CODY",114  BYRNE ,"3, ZONE",493C,5358b,CLOSED,2020-03-02,07:36 PM
170842,Tree Trim,2020-03-03 08:40 AM,Tree Trim Inspection,TREEMAINTENANCE,"UF - JONES, CODY",1616  COLUMBIA ,"3, ZONE",453W,5359c,CLOSED,2020-03-03,08:40 AM
170843,Tree Removal,2020-03-03 09:01 AM,Tree Removal Inspection,TREEMAINTENANCE,"UF - JONES, CODY",1226 W 26TH ,"3, ZONE",452U,5259b,CLOSED,2020-03-03,09:01 AM
170845,Tree Removal,2020-03-03 09:36 AM,Tree Removal Inspection,TREEMAINTENANCE,"UF - JONES, CODY",1109  AURORA ,"3, ZONE",453T,5359b,CLOSED,2020-03-03,09:36 AM
170846,Tree Trim,2020-03-03 09:39 AM,Tree Trim Inspection,TREEMAINTENANCE,"UF - JONES, CODY",1859  HEWITT ,"3, ZONE",452J,5260c,CLOSED,2020-03-03,09:39 AM
170849,Tree Removal,2020-03-03 10:30 AM,Tree Removal Inspection,TREEMAINTENANCE,"BLANCHETTE, PETER",2416  FULTON ,"4, ZONE",493D,5458a,CLOSED,2020-03-03,10:30 AM
170850,Tree Trim,2020-03-03 11:39 AM,Tree Trim Inspection,TREEMAINTENANCE,"PATINO, ARNULFO",5251 BRAESVALLEY DR,"7, ZONE",531T,77096,CLOSED,2020-03-03,11:39 AM
170853,Tree Removal,2020-03-03 03:01 PM,Tree Removal Inspection,TREEMAINTENANCE,"PATINO, ARNULFO",1813 SOUTH BLVD,"7, ZONE",492Z,77098,CLOSED,2020-03-03,03:01 PM
170854,Tree Trim,2020-03-03 03:26 PM,Tree Trim Inspection,TREEMAINTENANCE,"PATINO, ARNULFO",11366 OAKCENTER DR,"2, ZONE",529F,77072,CLOSED,2020-03-03,03:26 PM
170855,Tree Trim,2020-03-03 06:11 PM,Tree Trim Inspection,TREEMAINTENANCE,"UF - JONES, CODY",12  LEGEND ,"2, ZONE",489M,4957b,CLOSED,2020-03-03,06:11 PM
170856,Tree Removal,2020-03-03 08:22 PM,Tree Removal Inspection,TREEMAINTENANCE,"PATINO, ARNULFO",5301 PAGEWOOD LN,"2, ZONE",491Y,77056,CLOSED,2020-03-03,08:22 PM
170860,Tree Removal,2020-03-04 09:42 AM,Tree Removal Inspection,TREEMAINTENANCE,"BLANCHETTE, PETER",158  MISSISSIPPI ,"5, ZONE",495U,5656b,CLOSED,2020-03-04,09:42 AM
170861,Tree Removal,2020-03-04 10:02 AM,Tree Removal Inspection,TREEMAINTENANCE,"UF - JONES, CODY",422 E CROSSTIMBERS ,"4, ZONE",453L,5360d,CLOSED,2020-03-04,10:02 AM
170864,Tree Removal,2020-03-04 10:59 AM,Tree Removal Inspection,TREEMAINTENANCE,"PATINO, ARNULFO",5600 HAZEN ST,"7, ZONE",531J,77081,CLOSED,2020-03-04,10:59 AM
170865,Tree Trim,2020-03-04 11:45 AM,Tree Trim Inspection,TREEMAINTENANCE,"BLANCHETTE, PETER",7554  EL RANCHO ,"6, ZONE",535S,5554d,CLOSED,2020-03-04,11:45 AM
170866,Tree Trim,2020-03-04 12:16 PM,Tree Trim Inspection,TREEMAINTENANCE,"BLANCHETTE, PETER",11810  MURR ,"6, ZONE",573M,5452d,CLOSED,2020-03-04,12:16 PM
170867,Tree Trim,2020-03-04 12:34 PM,Tree Trim Inspection,TREEMAINTENANCE,"UF - JONES, CODY",6414  BEAU GESTE ,"3, ZONE",411S,5062d,CLOSED,2020-03-04,12:34 PM
170868,Tree Trim,2020-03-04 12:40 PM,Tree Trim Inspection,TREEMAINTENANCE,"PATINO, ARNULFO",15523 BRIAR SPRING CT,"7, ZONE",571X,77489,CLOSED,2020-03-04,12:40 PM
170869,Tree Removal,2020-03-04 12:44 PM,Tree Removal Inspection,TREEMAINTENANCE,"PATINO, ARNULFO",704 WILLARD ST,"2, ZONE",493N,77006,CLOSED,2020-03-04,12:44 PM
170870,Tree Trim,2020-03-04 12:55 PM,Tree Trim Inspection,TREEMAINTENANCE,"BLANCHETTE, PETER",9535  KINGSVALLEY ,"6, ZONE",576S,5751c,CLOSED,2020-03-04,12:55 PM
170875,Tree Removal,2020-03-04 02:10 PM,Tree Removal Inspection,TREEMAINTENANCE,"BLANCHETTE, PETER",6018  WARM SPRINGS ,"7, ZONE",570D,5153c,CLOSED,2020-03-04,02:10 PM
170876,Tree Trim,2020-03-04 02:16 PM,Tree Trim Inspection,TREEMAINTENANCE,"UF - JONES, CODY",2703  WESLAYAN ,"2, ZONE",492S,5256a,CLOSED,2020-03-04,02:16 PM
170877,Tree Trim,2020-03-04 02:33 PM,Tree Trim Inspection,TREEMAINTENANCE,"BLANCHETTE, PETER",3642  CAPE FOREST ,"4, ZONE",297X,5870c,CLOSED,2020-03-04,02:33 PM
170878,Tree Removal,2020-03-04 04:02 PM,Tree Removal Inspection,TREEMAINTENANCE,"PATINO, ARNULFO",2410 SMITH ST,"2, ZONE",493P,77006,CLOSED,2020-03-04,04:02 PM
170879,Tree Trim,2020-03-05 08:02 AM,Tree Trim Inspection,TREEMAINTENANCE,"PATINO, ARNULFO",11122 SANDS POINT DR,"2, ZONE",529B,77072,CLOSED,2020-03-05,08:02 AM
170884,Tree Trim,2020-03-05 10:22 AM,Tree Trim Inspection,TREEMAINTENANCE,"BLANCHETTE, PETER",2401  ISABELLA ,"6, ZONE",493Y,5456c,CLOSED,2020-03-05,10:22 AM
170885,Tree Trim,2020-03-05 01:12 PM,Tree Trim Inspection,TREEMAINTENANCE,"PATINO, ARNULFO",5139 BEECHNUT ST,"7, ZONE",531Q,77096,CLOSED,2020-03-05,01:12 PM
170887,Tree Removal,2020-03-05 01:38 PM,Tree Removal Inspection,TREEMAINTENANCE,"BLANCHETTE, PETER",10606  MEMBERS ,"6, ZONE",576S,5751a,CLOSED,2020-03-05,01:38 PM
170891,Tree Removal,2020-03-05 02:12 PM,Tree Removal Inspection,TREEMAINTENANCE,"BLANCHETTE, PETER",9551 N WAYSIDE ,"4, ZONE",455B,5561b,CLOSED,2020-03-05,02:12 PM
170892,Tree Trim,2020-03-05 03:03 PM,Tree Trim Inspection,TREEMAINTENANCE,"BLANCHETTE, PETER", 6700 ENGLAND ST&4208 YELLOWSTONE BLVD,"6, ZONE",533R,5454a,CLOSED,2020-03-05,03:03 PM
170893,Tree Removal,2020-03-05 03:18 PM,Tree Removal Inspection,TREEMAINTENANCE,"PATINO, ARNULFO",7802 CHASECREEK DR,"7, ZONE",570V,77489,CLOSED,2020-03-05,03:18 PM
170894,Tree Removal,2020-03-05 03:56 PM,Tree Removal Inspection,TREEMAINTENANCE,"BLANCHETTE, PETER",10138  VALLEY WIND ,"4, ZONE",456B,5761c,CLOSED,2020-03-05,03:56 PM
170895,Tree Code Violation,2020-03-05 04:35 PM,Tree Code Violation Inspection,TREEPROTECTION,"UF - JONES, CODY",5661  BIRCHMONT ,"3, ZONE",451G,5161c,CLOSED,2020-03-05,04:35 PM
170896,Tree Trim,2020-03-05 05:11 PM,Tree Trim Inspection,TREEMAINTENANCE,"BLANCHETTE, PETER",3018  DACCA ,"6, ZONE",573F,5352b,CLOSED,2020-03-05,05:11 PM
170902,Tree Trim,2020-03-06 09:59 AM,Tree Trim Inspection,TREEMAINTENANCE,"PATINO, ARNULFO",4707 RIDGETON DR,"7, ZONE",611D,77053,CLOSED,2020-03-06,09:59 AM
170903,Tree Trim,2020-03-06 09:59 AM,Tree Trim Inspection,TREEMAINTENANCE,"PATINO, ARNULFO",12828 DAIRY BROOK DR,"2, ZONE",528R,77099,CLOSED,2020-03-06,09:59 AM
170904,Tree Trim,2020-03-06 11:28 AM,Tree Trim Inspection,TREEMAINTENANCE,"BLANCHETTE, PETER",422 E CROSSTIMBERS ,"4, ZONE",453L,5360d,CLOSED,2020-03-06,11:28 AM
170905,Tree Removal,2020-03-06 11:32 AM,Tree Removal Inspection,TREEMAINTENANCE,"BLANCHETTE, PETER",3717  CHARLESTON ,"6, ZONE",533G,5455c,CLOSED,2020-03-06,11:32 AM
170906,Tree Trim,2020-03-06 11:39 AM,Tree Trim Inspection,TREEMAINTENANCE,"PATINO, ARNULFO",13245 FONDREN RD,"7, ZONE",570M,77085,CLOSED,2020-03-06,11:39 AM
170907,Tree Removal,2020-03-06 12:31 PM,Tree Removal Inspection,TREEMAINTENANCE,"BLANCHETTE, PETER",3200  RUSSELL ,"4, ZONE",494B,5458b,CLOSED,2020-03-06,12:31 PM
170908,Tree Removal,2020-03-06 01:05 PM,Tree Removal Inspection,TREEMAINTENANCE,"UF - JONES, CODY",373 W 19TH ,"3, ZONE",452V,5359c,CLOSED,2020-03-06,01:05 PM
170909,Tree Trim,2020-03-06 01:11 PM,Tree Trim Inspection,TREEMAINTENANCE,"PATINO, ARNULFO",15818 DARTON ST,"7, ZONE",571Y,77053,CLOSED,2020-03-06,01:11 PM
170912,Tree Trim,2020-03-06 01:36 PM,Tree Trim Inspection,TREEMAINTENANCE,"BLANCHETTE, PETER",619  LEICESTER ,"5, ZONE",617A,5850b,CLOSED,2020-03-06,01:36 PM
170913,Tree Removal,2020-03-06 02:06 PM,Tree Removal Inspection,TREEMAINTENANCE,"BLANCHETTE, PETER",2604  CHAPMAN ,"4, ZONE",493D,5458a,CLOSED,2020-03-06,02:06 PM
170914,Tree Trim,2020-03-07 10:35 AM,Tree Trim Inspection,TREEMAINTENANCE,"UF - JONES, CODY",4111  CHERRY OAK ,"3, ZONE",411U,5162d,CLOSED,2020-03-07,10:35 AM
170915,Tree Removal,2020-03-07 11:43 AM,Tree Removal Inspection,TREEMAINTENANCE,"UF - JONES, CODY", 2776 W 18TH ST&0 N LOOP FWY W&1700 W LOOP FWY N,"3, ZONE",452S,5259c,CLOSED,2020-03-07,11:43 AM
170916,Tree Removal,2020-03-07 04:55 PM,Tree Removal Inspection,TREEMAINTENANCE,"UF - JONES, CODY",606  21ST ,"3, ZONE",453S,5359c,CLOSED,2020-03-07,04:55 PM
170917,Tree Trim,2020-03-08 03:48 PM,Tree Trim Inspection,TREEMAINTENANCE,"PATINO, ARNULFO",5754 BANKSIDE DR,"7, ZONE",531W,77096,CLOSED,2020-03-08,03:48 PM
170918,Tree Removal,2020-03-08 09:26 PM,Tree Removal Inspection,TREEMAINTENANCE,"PATINO, ARNULFO",5900 BURGOYNE RD,"2, ZONE",491S,77057,CLOSED,2020-03-08,09:26 PM
170921,Tree Trim,2020-03-09 08:53 AM,Tree Trim Inspection,TREEMAINTENANCE,"BLANCHETTE, PETER",8331  GLENVIEW ,"5, ZONE",535Q,5654b,CLOSED,2020-03-09,08:53 AM
170923,Tree Removal,2020-03-09 09:50 AM,Tree Removal Inspection,TREEMAINTENANCE,"PATINO, ARNULFO",2100 SOUTHGATE BLVD,"7, ZONE",532H,77030,CLOSED,2020-03-09,09:50 AM
170924,Tree Removal,2020-03-09 10:06 AM,Tree Removal Inspection,TREEMAINTENANCE,"UF - JONES, CODY",114  BYRNE ,"3, ZONE",493C,5358b,CLOSED,2020-03-09,10:06 AM
170926,Tree Removal,2020-03-09 11:10 AM,Tree Removal Inspection,TREEMAINTENANCE,"UF - JONES, CODY", 1000 GESSNER RD&10100 KATY FWY,"3, ZONE",490A,4958d,CLOSED,2020-03-09,11:10 AM
170929,Tree Trim,2020-03-09 01:44 PM,Tree Trim Inspection,TREEMAINTENANCE,"PATINO, ARNULFO",415 W GRAY ST,"2, ZONE",493N,77006,CLOSED,2020-03-09,01:44 PM
170930,Tree Trim,2020-03-09 03:34 PM,Tree Trim Inspection,TREEMAINTENANCE,"BLANCHETTE, PETER",6116  BEEKMAN ,"6, ZONE",534P,5454b,CLOSED,2020-03-09,03:34 PM
170931,Tree Trim,2020-03-09 04:06 PM,Tree Trim Inspection,TREEMAINTENANCE,"PATINO, ARNULFO",13403 ASCOT GLEN LN,"2, ZONE",528C,77082,CLOSED,2020-03-09,04:06 PM
170932,Tree Trim,2020-03-09 08:25 PM,Tree Trim Inspection,TREEMAINTENANCE,"BLANCHETTE, PETER",8419  TAVENOR ,"6, ZONE",575L,5652d,CLOSED,2020-03-09,08:25 PM
170939,Tree Removal,2020-03-10 09:19 AM,Tree Removal Inspection,TREEMAINTENANCE,"UF - JONES, CODY", 1620 CHANTILLY LN&1600 SAXON DR,"3, ZONE",452J,5260c,CLOSED,2020-03-10,09:19 AM
170941,Tree Removal,2020-03-10 10:35 AM,Tree Removal Inspection,TREEMAINTENANCE,"BLANCHETTE, PETER",9010 DODSON,"4, ZONE",454F,5461d,CLOSED,2020-03-10,10:35 AM
170942,Tree Trim,2020-03-10 11:04 AM,Tree Trim Inspection,TREEMAINTENANCE,"PATINO, ARNULFO",8632 WILCREST DR,"2, ZONE",529Q,77099,CLOSED,2020-03-10,11:04 AM
170943,Tree Trim,2020-03-10 11:08 AM,Tree Trim Inspection,TREEMAINTENANCE,"PATINO, ARNULFO",1512 W ALABAMA ST,"2, ZONE",492V,77006,CLOSED,2020-03-10,11:08 AM
170945,Tree Removal,2020-03-10 01:06 PM,Tree Removal Inspection,TREEMAINTENANCE,"BLANCHETTE, PETER",10215  BUENA PARK ,"6, ZONE",576S,5751a,CLOSED,2020-03-10,01:06 PM
170946,Tree Trim,2020-03-10 02:31 PM,Tree Trim Inspection,TREEMAINTENANCE,"BLANCHETTE, PETER",323 N ESTELLE ,"5, ZONE",494P,5457d,CLOSED,2020-03-10,02:31 PM
170947,Tree Removal,2020-03-10 03:05 PM,Tree Removal Inspection,TREEMAINTENANCE,"PATINO, ARNULFO",600 W ALABAMA ST,"2, ZONE",493S,77006,CLOSED,2020-03-10,03:05 PM
170948,Tree Removal,2020-03-10 03:09 PM,Tree Removal Inspection,TREEMAINTENANCE,"PATINO, ARNULFO",3900 JACK ST,"2, ZONE",493S,77006,CLOSED,2020-03-10,03:09 PM
170949,Tree Removal,2020-03-10 03:11 PM,Tree Removal Inspection,TREEMAINTENANCE,"PATINO, ARNULFO",3900 JACK ST,"2, ZONE",493S,77006,CLOSED,2020-03-10,03:11 PM
170950,Tree Trim,2020-03-10 06:37 PM,Tree Trim Inspection,TREEMAINTENANCE,"UF - JONES, CODY", 8030 JUTLAND RD&5100 PENSDALE DR,"6, ZONE",533Z,5453b,CLOSED,2020-03-10,06:37 PM
170952,Tree Trim,2020-03-11 10:14 AM,Tree Trim Inspection,TREEMAINTENANCE,"BLANCHETTE, PETER",16130  LA AVENIDA ,"5, ZONE",618N,5949d,CLOSED,2020-03-11,10:14 AM
170953,Tree Trim,2020-03-11 10:18 AM,Tree Trim Inspection,TREEMAINTENANCE,"UF - JONES, CODY",4215  DELHI ,"3, ZONE",453J,5360c,CLOSED,2020-03-11,10:18 AM
170954,Tree Removal,2020-03-11 10:29 AM,Tree Removal Inspection,TREEMAINTENANCE,"UF - JONES, CODY", 300 W 25TH ST&2500 RUTLAND ST,"3, ZONE",452V,5359a,CLOSED,2020-03-11,10:29 AM
170955,Tree Trim,2020-03-11 10:42 AM,Tree Trim Inspection,TREEMAINTENANCE,"UF - JONES, CODY",401 W 9TH ,"3, ZONE",492D,5358a,CLOSED,2020-03-11,10:42 AM
170956,Tree Removal,2020-03-11 10:47 AM,Tree Removal Inspection,TREEMAINTENANCE,"BLANCHETTE, PETER",14023  IVY BLUFF ,"5, ZONE",618A,5950b,CLOSED,2020-03-11,10:47 AM
170959,Tree Trim,2020-03-11 11:13 AM,Tree Trim Inspection,TREEMAINTENANCE,"PATINO, ARNULFO",8803 BRAE ACRES RD,"7, ZONE",530Q,77074,CLOSED,2020-03-11,11:13 AM
170960,Tree Trim,2020-03-11 11:22 AM,Tree Trim Inspection,TREEMAINTENANCE,"PATINO, ARNULFO",2001 HOLCOMBE BLVD,"7, ZONE",533E,77030,CLOSED,2020-03-11,11:22 AM
170966,Tree Trim,2020-03-11 12:55 PM,Tree Trim Inspection,TREEMAINTENANCE,"BLANCHETTE, PETER",13911  KENSINGTON ,"5, ZONE",577X,5850b,CLOSED,2020-03-11,12:55 PM
170967,Tree Trim,2020-03-11 12:56 PM,Tree Trim Inspection,TREEMAINTENANCE,"BLANCHETTE, PETER",13907  KENSINGTON ,"5, ZONE",577X,5850b,CLOSED,2020-03-11,12:56 PM
170968,Tree Trim,2020-03-11 12:58 PM,Tree Trim Inspection,TREEMAINTENANCE,"BLANCHETTE, PETER",13903  KENSINGTON ,"5, ZONE",577X,5850b,CLOSED,2020-03-11,12:58 PM
170969,Tree Trim,2020-03-11 04:42 PM,Tree Trim Inspection,TREEMAINTENANCE,"PATINO, ARNULFO",12510 S GARDEN ST,"7, ZONE",570F,77071,CLOSED,2020-03-11,04:42 PM
170970,Tree Removal,2020-03-11 04:52 PM,Tree Removal Inspection,TREEMAINTENANCE,"BLANCHETTE, PETER",8140  BARKLEY ,"5, ZONE",535U,5654d,CLOSED,2020-03-11,04:52 PM
170974,Tree Trim,2020-03-12 03:31 PM,Tree Trim Inspection,TREEMAINTENANCE,"UF - JONES, CODY",912  OXFORD ,"3, ZONE",493A,5358a,CLOSED,2020-03-12,03:31 PM
170975,Tree Trim,2020-03-12 03:39 PM,Tree Trim Inspection,TREEMAINTENANCE,"PATINO, ARNULFO",4707 OAKSIDE DR,"7, ZONE",571V,77053,CLOSED,2020-03-12,03:39 PM
170976,Tree Removal,2020-03-12 06:40 PM,Tree Removal Inspection,TREEMAINTENANCE,"UF - JONES, CODY",1  TIEL ,"2, ZONE",492M,5257b,CLOSED,2020-03-12,06:40 PM
170979,Tree Removal,2020-03-13 05:11 AM,Tree Removal Inspection,TREEMAINTENANCE,"UF - BURKES, JEREMY",7703  OAK VISTA ,"6, ZONE",535S,5654c,CLOSED,2020-03-13,05:11 AM
170984,Tree Removal,2020-03-13 10:48 AM,Tree Removal Inspection,TREEMAINTENANCE,"PATINO, ARNULFO",2413 WHITNEY ST,"2, ZONE",493N,77006,CLOSED,2020-03-13,10:48 AM
170985,Tree Trim,2020-03-13 12:37 PM,Tree Trim Inspection,TREEMAINTENANCE,"PATINO, ARNULFO",14502 CAROLCREST DR,"2, ZONE",488H,77079,CLOSED,2020-03-13,12:37 PM
170986,Tree Trim,2020-03-13 12:52 PM,Tree Trim Inspection,TREEMAINTENANCE,"BLANCHETTE, PETER",405  JAMES ,"4, ZONE",493G,5458c,CLOSED,2020-03-13,12:52 PM
170987,Tree Removal,2020-03-13 01:50 PM,Tree Removal Inspection,TREEMAINTENANCE,"BLANCHETTE, PETER",7134  GILLEN ,"6, ZONE",534R,5554b,CLOSED,2020-03-13,01:50 PM
170988,Tree Stump Grinding,2020-03-13 02:02 PM,Tree Stump Inspection,TREEMAINTENANCE,"PATINO, ARNULFO",7006 MCCULLUM RD,"7, ZONE",571W,77489,CLOSED,2020-03-13,02:02 PM
170989,Tree Removal,2020-03-13 03:28 PM,Tree Removal Inspection,TREEMAINTENANCE,"BLANCHETTE, PETER",902  FAIRWAY FARMS ,"4, ZONE",336A,5669b,CLOSED,2020-03-13,03:28 PM
170991,Tree Code Violation,2020-03-14 01:47 PM,Tree Code Violation Inspection,TREEPROTECTION,"UF - BURKES, JEREMY",1900  WINDSOR ,"2, ZONE",492R,5357c,CLOSED,2020-03-14,01:47 PM
170992,Tree Trim,2020-03-14 07:34 PM,Tree Trim Inspection,TREEMAINTENANCE,"PATINO, ARNULFO",10926  KEESE ,"6, ZONE",576X,5751c,CLOSED,2020-03-14,07:34 PM
170993,Tree Trim,2020-03-14 07:42 PM,Tree Trim Inspection,TREEMAINTENANCE,"BLANCHETTE, PETER",9730  BUENA PARK ,"6, ZONE",576S,5751c,CLOSED,2020-03-14,07:42 PM
170994,Tree Trim,2020-03-15 02:01 PM,Tree Trim Inspection,TREEMAINTENANCE,"BLANCHETTE, PETER",7714  YOE ,"4, ZONE",415W,5561b,CLOSED,2020-03-15,02:01 PM
170996,Tree Removal,2020-03-16 08:18 AM,Tree Removal Inspection,TREEMAINTENANCE,"PATINO, ARNULFO",12330 SPLIT RAIL LN,"7, ZONE",570G,77071,CLOSED,2020-03-16,08:18 AM
170997,Tree Trim,2020-03-16 08:58 AM,Tree Trim Inspection,TREEMAINTENANCE,"UF - JONES, CODY", 1200 CAVALCADE ST&4800 COCHRAN ST,"4, ZONE",453V,5459c,CLOSED,2020-03-16,08:58 AM
170999,Tree Removal,2020-03-16 11:53 AM,Tree Removal Inspection,TREEMAINTENANCE,"BLANCHETTE, PETER",6508  CORPUS CHRISTI ,"4, ZONE",494D,5558b,CLOSED,2020-03-16,11:53 AM
171000,Tree Trim,2020-03-16 12:00 PM,Tree Trim Inspection,TREEMAINTENANCE,"PATINO, ARNULFO",4300 SPELLMAN RD,"7, ZONE",571D,77035,CLOSED,2020-03-16,12:00 PM
171001,Tree Trim,2020-03-16 12:18 PM,Tree Trim Inspection,TREEMAINTENANCE,"BLANCHETTE, PETER",8124  GLENBROOK ,"5, ZONE",535P,5654a,CLOSED,2020-03-16,12:18 PM
171002,Tree Trim,2020-03-16 01:27 PM,Tree Trim Inspection,TREEMAINTENANCE,"UF - JONES, CODY",9035  COLLEEN ,"3, ZONE",450L,5060c,CLOSED,2020-03-16,01:27 PM
171003,Tree Trim,2020-03-16 01:45 PM,Tree Trim Inspection,TREEMAINTENANCE,"PATINO, ARNULFO",15110 TREATY OAKS ST,"7, ZONE",571U,77053,CLOSED,2020-03-16,01:45 PM
171025,Tree Trim,2020-03-17 08:39 AM,Tree Trim Inspection,TREEMAINTENANCE,"BLANCHETTE, PETER",4016  MCKINNEY ,"5, ZONE",494S,5456b,CLOSED,2020-03-17,08:39 AM
171026,Tree Removal,2020-03-17 08:55 AM,Tree Removal Inspection,TREEMAINTENANCE,"PATINO, ARNULFO",6809 NEFF ST,"7, ZONE",530H,77074,CLOSED,2020-03-17,08:55 AM
171028,Tree Removal,2020-03-17 10:42 AM,Tree Removal Inspection,TREEMAINTENANCE,"PATINO, ARNULFO",12327 SPLIT RAIL LN,"7, ZONE",570G,77071,CLOSED,2020-03-17,10:42 AM
171029,Tree Removal,2020-03-17 10:50 AM,Tree Removal Inspection,TREEMAINTENANCE,"BLANCHETTE, PETER",6923  DUMBLE ,"6, ZONE",533R,5454d,CLOSED,2020-03-17,10:50 AM
171030,Tree Removal,2020-03-17 11:22 AM,Tree Removal Inspection,TREEMAINTENANCE,"BLANCHETTE, PETER",11030  CLARA ,"4, ZONE",456W,5759a,CLOSED,2020-03-17,11:22 AM
171031,Tree Removal,2020-03-17 11:30 AM,Tree Removal Inspection,TREEMAINTENANCE,"PATINO, ARNULFO",11431 HILLCROFT ST,"7, ZONE",571A,77035,CLOSED,2020-03-17,11:30 AM
171032,Tree Trim,2020-03-17 12:35 PM,Tree Trim Inspection,TREEMAINTENANCE,"BLANCHETTE, PETER",2831  CETTI ,"4, ZONE",493D,5458a,CLOSED,2020-03-17,12:35 PM
171033,Tree Trim,2020-03-17 02:18 PM,Tree Trim Inspection,TREEMAINTENANCE,"UF - JONES, CODY",4322  MARLBOROUGH ,"3, ZONE",451R,5159b,CLOSED,2020-03-17,02:18 PM
171034,Tree Removal,2020-03-17 03:12 PM,Tree Removal Inspection,TREEMAINTENANCE,"UF - JONES, CODY",239  HOHLDALE ,"3, ZONE",452H,5361c,CLOSED,2020-03-17,03:12 PM
171036,Tree Trim,2020-03-18 06:18 AM,Tree Trim Inspection,TREEMAINTENANCE,"BLANCHETTE, PETER",515  MAXEY ,"4, ZONE",496C,5758b,CLOSED,2020-03-18,06:18 AM
171045,Tree Trim,2020-03-18 09:37 AM,Tree Trim Inspection,TREEMAINTENANCE,"PATINO, ARNULFO",9318 LEADER ST,"2, ZONE",529H,77036,CLOSED,2020-03-18,09:37 AM
171046,Tree Trim,2020-03-18 09:40 AM,Tree Trim Inspection,TREEMAINTENANCE,"PATINO, ARNULFO",9322 LEADER ST,"2, ZONE",529H,77036,CLOSED,2020-03-18,09:40 AM
171047,Tree Trim,2020-03-18 10:25 AM,Tree Trim Inspection,TREEMAINTENANCE,"BLANCHETTE, PETER",2604  CHAPMAN ,"4, ZONE",493D,5458a,CLOSED,2020-03-18,10:25 AM
171049,Tree Trim,2020-03-18 12:32 PM,Tree Trim Inspection,TREEMAINTENANCE,"PATINO, ARNULFO",5012  WINNETKA ,"6, ZONE",534E,5455d,CLOSED,2020-03-18,12:32 PM
171051,Tree Removal,2020-03-18 03:00 PM,Tree Removal Inspection,TREEMAINTENANCE,"BLANCHETTE, PETER", 2900 BRAZOS ST&500 TUAM ST,"2, ZONE",493T,5357d,CLOSED,2020-03-18,03:00 PM
171053,Tree Trim,2020-03-18 03:58 PM,Tree Trim Inspection,TREEMAINTENANCE,"PATINO, ARNULFO", 7400 GREENBRIAR DR,"7, ZONE",532M,5355c,CLOSED,2020-03-18,03:58 PM
171056,Tree Removal,2020-03-19 08:07 AM,Tree Removal Inspection,TREEMAINTENANCE,"UF - JONES, CODY",924  ALLSTON ,"3, ZONE",492D,5358a,CLOSED,2020-03-19,08:07 AM
171057,Tree Stump Grinding,2020-03-19 10:03 AM,Tree Stump Inspection,TREEMAINTENANCE,"PATINO, ARNULFO",5734  NORTHRIDGE ,"6, ZONE",534W,5453b,CLOSED,2020-03-19,10:03 AM
171059,Tree Removal,2020-03-19 11:51 AM,Tree Removal Inspection,TREEMAINTENANCE,"UF - JONES, CODY",1131  STONECREST ,"3, ZONE",452Q,5259b,CLOSED,2020-03-19,11:51 AM
171060,Tree Removal,2020-03-19 12:13 PM,Tree Removal Inspection,TREEMAINTENANCE,"BLANCHETTE, PETER",7506  JAPONICA ,"5, ZONE",535E,5655a,CLOSED,2020-03-19,12:13 PM
171061,Tree Trim,2020-03-19 12:21 PM,Tree Trim Inspection,TREEMAINTENANCE,"UF - JONES, CODY",5207  LAMONTE ,"3, ZONE",451L,5160d,CLOSED,2020-03-19,12:21 PM
171063,Tree Trim,2020-03-19 02:21 PM,Tree Trim Inspection,TREEMAINTENANCE,"PATINO, ARNULFO",6600 HARBOR TOWN DR,"2, ZONE",530F,77036,CLOSED,2020-03-19,02:21 PM
171064,Tree Trim,2020-03-19 04:29 PM,Tree Trim Inspection,TREEMAINTENANCE,"UF - JONES, CODY", 3100 MAXROY ST&6612 TOLEDO ST,"3, ZONE",492B,5258a,CLOSED,2020-03-19,04:29 PM
171066,Tree Removal,2020-03-20 01:44 AM,Tree Removal Inspection,TREEMAINTENANCE,"PATINO, ARNULFO",8250 BELLAIRE BLVD,"2, ZONE",530F,77036,CLOSED,2020-03-20,01:44 AM
171067,Tree Removal,2020-03-20 01:46 AM,Tree Removal Inspection,TREEMAINTENANCE,"BLANCHETTE, PETER",300 OATES ,"4, ZONE",496A,5758a,CLOSED,2020-03-20,01:46 AM
171068,Tree Removal,2020-03-20 06:17 AM,Tree Removal Inspection,TREEMAINTENANCE,"PATINO, ARNULFO",N ELDRIDGE PKWY & MEMORIAL DR,"2, ZONE",488C,77079,CLOSED,2020-03-20,06:17 AM
171069,Tree Trim,2020-03-20 07:23 AM,Tree Trim Inspection,TREEMAINTENANCE,"PATINO, ARNULFO",2138  TANGLEY ,"7, ZONE",532C,5355a,CLOSED,2020-03-20,07:23 AM
171070,Tree Removal,2020-03-20 08:49 AM,Tree Removal Inspection,TREEMAINTENANCE,"UF - JONES, CODY",1513  WHITE OAK ,"3, ZONE",493B,5358b,CLOSED,2020-03-20,08:49 AM
171071,Tree Trim,2020-03-20 10:35 AM,Tree Trim Inspection,TREEMAINTENANCE,"BLANCHETTE, PETER",323  PLAZA DEL SOL ,"5, ZONE",494J,5457b,CLOSED,2020-03-20,10:35 AM
171073,Tree Trim,2020-03-20 03:08 PM,Tree Trim Inspection,TREEMAINTENANCE,"PATINO, ARNULFO",5500  ARDMORE ,"6, ZONE",533G,5355b,CLOSED,2020-03-20,03:08 PM
171074,Tree Removal,2020-03-20 04:32 PM,Tree Removal Inspection,TREEMAINTENANCE,"BLANCHETTE, PETER",3735  LINKVIEW ,"7, ZONE",532N,5254a,CLOSED,2020-03-20,04:32 PM
171075,Tree Removal,2020-03-21 06:04 AM,Tree Removal Inspection,TREEMAINTENANCE,"PATINO, ARNULFO",5150 JASON ST,"7, ZONE",531Q,77096,CLOSED,2020-03-21,06:04 AM
171076,Tree Trim,2020-03-21 10:20 AM,Tree Trim Inspection,TREEMAINTENANCE,"BLANCHETTE, PETER",150 E RITTENHOUSE ,"4, ZONE",413W,5361a,CLOSED,2020-03-21,10:20 AM
171077,Tree Trim,2020-03-21 11:06 AM,Tree Trim Inspection,TREEMAINTENANCE,"BLANCHETTE, PETER",7402  DIXIE ,"6, ZONE",535S,5554d,CLOSED,2020-03-21,11:06 AM
171078,Tree Removal,2020-03-21 07:35 PM,Tree Removal Inspection,TREEMAINTENANCE,"BLANCHETTE, PETER", 7900 LITTLE ST&6200 N WAYSIDE DR,"4, ZONE",455P,5560d,CLOSED,2020-03-21,07:35 PM
171079,Tree Trim,2020-03-22 05:00 AM,Tree Trim Inspection,TREEMAINTENANCE,"UF - JONES, CODY",1602  HAVERHILL ,"3, ZONE",452X,5259d,CLOSED,2020-03-22,05:00 AM
171080,Tree Removal,2020-03-22 06:12 AM,Tree Removal Inspection,TREEMAINTENANCE,"PATINO, ARNULFO",8805 PRICHETT DR,"7, ZONE",531Q,77096,CLOSED,2020-03-22,06:12 AM
171081,Tree Code Violation,2020-03-22 03:58 PM,Tree Code Violation Inspection,TREEPROTECTION,"UF - JONES, CODY",14915  DOGWOOD TREE ,"4, ZONE",413A,5364c,CLOSED,2020-03-22,03:58 PM
171094,Tree Trim,2020-03-23 08:26 AM,Tree Trim Inspection,TREEMAINTENANCE,"PATINO, ARNULFO",7500  KIRBY ,"7, ZONE",532L,5255d,CLOSED,2020-03-23,08:26 AM
171096,Tree Removal,2020-03-23 09:57 AM,Tree Removal Inspection,TREEMAINTENANCE,"BLANCHETTE, PETER",1000  BAY AREA ,"5, ZONE",618Q,6049c,CLOSED,2020-03-23,09:57 AM
171099,Tree Trim,2020-03-23 10:33 AM,Tree Trim Inspection,TREEMAINTENANCE,"PATINO, ARNULFO",7131  ENGLAND ,"6, ZONE",533Q,5454c,CLOSED,2020-03-23,10:33 AM
171100,Tree Trim,2020-03-23 10:38 AM,Tree Trim Inspection,TREEMAINTENANCE,"PATINO, ARNULFO",5200 SELINSKY RD,"6, ZONE",573M,77048,CLOSED,2020-03-23,10:38 AM
171101,Tree Trim,2020-03-23 10:44 AM,Tree Trim Inspection,TREEMAINTENANCE,"UF - JONES, CODY",9035  COLLEEN ,"3, ZONE",450L,5060c,CLOSED,2020-03-23,10:44 AM
171102,Tree Trim,2020-03-23 10:54 AM,Tree Trim Inspection,TREEMAINTENANCE,"BLANCHETTE, PETER", 1200 JUDY CT&12430 KATHRYN ST,"5, ZONE",496L,5758d,CLOSED,2020-03-23,10:54 AM
171107,Tree Removal,2020-03-23 01:50 PM,Tree Removal Inspection,TREEMAINTENANCE,"BLANCHETTE, PETER",7306  OAK VILLAGE ,"4, ZONE",375T,5665c,CLOSED,2020-03-23,01:50 PM
171109,Tree Trim,2020-03-23 02:24 PM,Tree Trim Inspection,TREEMAINTENANCE,"PATINO, ARNULFO",5950  SOUTHRIDGE ,"6, ZONE",534P,5554a,CLOSED,2020-03-23,02:24 PM
171110,Tree Removal,2020-03-23 04:33 PM,Tree Removal Inspection,TREEMAINTENANCE,"UF - JONES, CODY", 3900 COLQUITT ST&3400 WESLAYAN ST,"2, ZONE",492S,5256c,CLOSED,2020-03-23,04:33 PM
171111,Tree Trim,2020-03-23 06:48 PM,Tree Trim Inspection,TREEMAINTENANCE,"BLANCHETTE, PETER",2901  SADLER ,"4, ZONE",454E,5460b,CLOSED,2020-03-23,06:48 PM
171112,Tree Trim,2020-03-24 02:34 AM,Tree Trim Inspection,TREEMAINTENANCE,"BLANCHETTE, PETER",5935  SANFORD ,"7, ZONE",531W,5153c,CLOSED,2020-03-24,02:34 AM
171117,Tree Removal,2020-03-24 08:50 AM,Tree Removal Inspection,TREEMAINTENANCE,"BLANCHETTE, PETER",2927  JACKSON ,"2, ZONE",493U,5356b,CLOSED,2020-03-24,08:50 AM
171118,Tree Removal,2020-03-24 08:50 AM,Tree Removal Inspection,TREEMAINTENANCE,"BLANCHETTE, PETER",2935  JACKSON ,"2, ZONE",493U,5356b,CLOSED,2020-03-24,08:50 AM
171119,Tree Removal,2020-03-24 10:11 AM,Tree Removal Inspection,TREEMAINTENANCE,"UF - JONES, CODY",14410 E GLEN WILLOW ,"7, ZONE",570R,5051d,CLOSED,2020-03-24,10:11 AM
171120,Tree Trim,2020-03-24 11:40 AM,Tree Trim Inspection,TREEMAINTENANCE,"PATINO, ARNULFO",7914  WILCREST ,"2, ZONE",529L,4954c,CLOSED,2020-03-24,11:40 AM
171122,Tree Removal,2020-03-24 02:16 PM,Tree Removal Inspection,TREEMAINTENANCE,"UF - JONES, CODY", 506 LINK RD&1600 TABOR ST,"3, ZONE",453T,5359b,CLOSED,2020-03-24,02:16 PM
171123,Tree Trim,2020-03-24 02:33 PM,Tree Trim Inspection,TREEMAINTENANCE,"UF - JONES, CODY",114 E 22ND ,"3, ZONE",453S,5359a,CLOSED,2020-03-24,02:33 PM
171124,Tree Trim,2020-03-24 02:36 PM,Tree Trim Inspection,TREEMAINTENANCE,"UF - JONES, CODY",6202 N WAYSIDE ,"4, ZONE",455P,5560d,CLOSED,2020-03-24,02:36 PM
171125,Tree Trim,2020-03-24 03:08 PM,Tree Trim Inspection,TREEMAINTENANCE,"PATINO, ARNULFO",2202 SUL ROSS ST,"2, ZONE",492U,77098,CLOSED,2020-03-24,03:08 PM
171126,Tree Removal,2020-03-24 04:16 PM,Tree Removal Inspection,TREEMAINTENANCE,"UF - BURKES, JEREMY",1475 W GRAY ,"2, ZONE",492R,5357c,CLOSED,2020-03-24,04:16 PM
171127,Tree Code Violation,2020-03-24 04:35 PM,Tree Code Violation Inspection,TREEPROTECTION,"UF - JONES, CODY",1602  RIDGEWOOD ,"2, ZONE",492R,5357c,CLOSED,2020-03-24,04:35 PM
171130,Tree Removal,2020-03-25 10:44 AM,Tree Removal Inspection,TREEMAINTENANCE,"BLANCHETTE, PETER",2719  REYNOLDS ,"4, ZONE",493D,5458a,CLOSED,2020-03-25,10:44 AM
171131,Tree Trim,2020-03-25 10:46 AM,Tree Trim Inspection,TREEMAINTENANCE,"BLANCHETTE, PETER",7210  EL PASO ,"5, ZONE",495E,5558d,CLOSED,2020-03-25,10:46 AM
171132,Tree Stump Grinding,2020-03-25 11:50 AM,Tree Stump Inspection,TREEMAINTENANCE,"PATINO, ARNULFO",9701  MARIPOSA ,"7, ZONE",532P,5254d,CLOSED,2020-03-25,11:50 AM
171133,Tree Trim,2020-03-25 12:01 PM,Tree Trim Inspection,TREEMAINTENANCE,"PATINO, ARNULFO",6600 HARBOR TOWN DR,"2, ZONE",530F,77036,CLOSED,2020-03-25,12:01 PM
171134,Tree Trim,2020-03-25 12:21 PM,Tree Trim Inspection,TREEMAINTENANCE,"PATINO, ARNULFO",8803 JASON ST,"7, ZONE",530P,77074,CLOSED,2020-03-25,12:21 PM
171135,Tree Removal,2020-03-25 12:34 PM,Tree Removal Inspection,TREEMAINTENANCE,"UF - JONES, CODY",1602  RIDGEWOOD ,"2, ZONE",492R,5357c,CLOSED,2020-03-25,12:34 PM
171136,Tree Trim,2020-03-25 04:26 PM,Tree Trim Inspection,TREEMAINTENANCE,"BLANCHETTE, PETER", 9400 ALMEDA GENOA RD&8400 BLACKHAWK BLVD&9700 CLEARWOOD ST,"6, ZONE",575R,5752c,CLOSED,2020-03-25,04:26 PM
171143,Tree Trim,2020-03-26 11:13 AM,Tree Trim Inspection,TREEMAINTENANCE,"UF - JONES, CODY",15502  ROSE RIDGE ,"7, ZONE",571X,5150a,CLOSED,2020-03-26,11:13 AM
171145,Tree Removal,2020-03-26 12:02 PM,Tree Removal Inspection,TREEMAINTENANCE,"PATINO, ARNULFO",6734 SYLMAR RD,"7, ZONE",530M,77074,CLOSED,2020-03-26,12:02 PM
171146,Tree Trim,2020-03-26 12:13 PM,Tree Trim Inspection,TREEMAINTENANCE,"UF - JONES, CODY",5206  LAMONTE ,"3, ZONE",451L,5160d,CLOSED,2020-03-26,12:13 PM
171149,Tree Removal,2020-03-26 02:22 PM,Tree Removal Inspection,TREEMAINTENANCE,"BLANCHETTE, PETER",3823  BEAVER ,"4, ZONE",455X,5659c,CLOSED,2020-03-26,02:22 PM
171150,Tree Trim,2020-03-26 03:11 PM,Tree Trim Inspection,TREEMAINTENANCE,"PATINO, ARNULFO",6636 ENGLAND ST,"6, ZONE",533M,77021,CLOSED,2020-03-26,03:11 PM
171151,Tree Trim,2020-03-26 03:13 PM,Tree Trim Inspection,TREEMAINTENANCE,"UF - JONES, CODY", 200 W 33RD ST&100 E 34TH ST&3400 YALE ST,"3, ZONE",452R,5359a,CLOSED,2020-03-26,03:13 PM
171152,Tree Removal,2020-03-26 03:25 PM,Tree Removal Inspection,TREEMAINTENANCE,"PATINO, ARNULFO",4826 RAVEN RIDGE DR,"7, ZONE",611C,77053,CLOSED,2020-03-26,03:25 PM
171153,Tree Trim,2020-03-26 08:27 PM,Tree Trim Inspection,TREEMAINTENANCE,"PATINO, ARNULFO",12922 WESTPARK DR,"2, ZONE",488Y,77082,CLOSED,2020-03-26,08:27 PM
171159,Tree Removal,2020-03-27 10:06 AM,Tree Removal Inspection,TREEMAINTENANCE,"PATINO, ARNULFO",MANHATTAN DR & YARWELL DR,"7, ZONE",531T,77096,CLOSED,2020-03-27,10:06 AM
171160,Tree Removal,2020-03-27 10:11 AM,Tree Removal Inspection,TREEMAINTENANCE,"UF - JONES, CODY",702  HEATHERTON HILL ,"7, ZONE",572U,5351c,CLOSED,2020-03-27,10:11 AM
171161,Tree Trim,2020-03-27 11:43 AM,Tree Trim Inspection,TREEMAINTENANCE,"PATINO, ARNULFO",2937 JACKSON ST,"2, ZONE",493U,77004,CLOSED,2020-03-27,11:43 AM
171162,Tree Trim,2020-03-27 12:13 PM,Tree Trim Inspection,TREEMAINTENANCE,"PATINO, ARNULFO",8600 BISSONNET ST,"7, ZONE",530T,77074,CLOSED,2020-03-27,12:13 PM
171163,Tree Trim,2020-03-27 12:16 PM,Tree Trim Inspection,TREEMAINTENANCE,"PATINO, ARNULFO",6103  HERMANN PARK ,"7, ZONE",533A,5355b,CLOSED,2020-03-27,12:16 PM
171164,Tree Trim,2020-03-27 12:24 PM,Tree Trim Inspection,TREEMAINTENANCE,"UF - JONES, CODY",8400  MILLICENT ,"4, ZONE",454E,5460a,CLOSED,2020-03-27,12:24 PM
171165,Tree Trim,2020-03-27 12:31 PM,Tree Trim Inspection,TREEMAINTENANCE,"BLANCHETTE, PETER",1838  TIDWELL ,"4, ZONE",453D,5461c,CLOSED,2020-03-27,12:31 PM
171166,Tree Trim,2020-03-27 02:06 PM,Tree Trim Inspection,TREEMAINTENANCE,"UF - JONES, CODY",1001  FISHER ,"3, ZONE",452K,5260d,CLOSED,2020-03-27,02:06 PM
171168,Tree Trim,2020-03-27 02:40 PM,Tree Trim Inspection,TREEMAINTENANCE,"BLANCHETTE, PETER", 7100 BRETSHIRE DR&9900 HOMESTEAD RD,"4, ZONE",454D,5561b,CLOSED,2020-03-27,02:40 PM
171169,Tree Removal,2020-03-27 02:52 PM,Tree Removal Inspection,TREEMAINTENANCE,"BLANCHETTE, PETER",5614  JACKWOOD ,"7, ZONE",531N,5154c,CLOSED,2020-03-27,02:52 PM
171172,Tree Trim,2020-03-28 10:45 AM,Tree Trim Inspection,TREEMAINTENANCE,"UF - JONES, CODY",540  34TH ,"3, ZONE",452R,5260d,CLOSED,2020-03-28,10:45 AM
171173,Tree Trim,2020-03-28 05:21 PM,Tree Trim Inspection,TREEMAINTENANCE,"BLANCHETTE, PETER",526  ELLENA ,"4, ZONE",453A,5361a,CLOSED,2020-03-28,05:21 PM
171174,Tree Removal,2020-03-29 06:06 AM,Tree Removal Inspection,TREEMAINTENANCE,"BLANCHETTE, PETER",12438  HODGES ,"7, ZONE",570M,5051b,CLOSED,2020-03-29,06:06 AM
171175,Tree Trim,2020-03-29 11:05 AM,Tree Trim Inspection,TREEMAINTENANCE,"PATINO, ARNULFO",2062 BRENTWOOD DR,"2, ZONE",492R,77019,CLOSED,2020-03-29,11:05 AM
171176,Tree Removal,2020-03-29 11:05 AM,Tree Removal Inspection,TREEMAINTENANCE,"UF - JONES, CODY",8914  PITNER ,"3, ZONE",450L,5060c,CLOSED,2020-03-29,11:05 AM
171177,Tree Removal,2020-03-29 02:04 PM,Tree Removal Inspection,TREEMAINTENANCE,"PATINO, ARNULFO",5707 JASON ST,"7, ZONE",531N,77096,CLOSED,2020-03-29,02:04 PM
171178,Tree Removal,2020-03-29 02:21 PM,Tree Removal Inspection,TREEMAINTENANCE,"PATINO, ARNULFO",4055 LEESHIRE DR,"7, ZONE",532N,77025,CLOSED,2020-03-29,02:21 PM
171179,Tree Trim,2020-03-29 10:26 PM,Tree Trim Inspection,TREEMAINTENANCE,"UF - JONES, CODY",5005  LYONS ,"4, ZONE",494G,5558c,CLOSED,2020-03-29,10:26 PM
171185,Tree Code Violation,2020-03-30 10:20 AM,Tree Code Violation Inspection,TREEPROTECTION,"UF - JONES, CODY",1914 N MEMORIAL ,"2, ZONE",493K,5357b,CLOSED,2020-03-30,10:20 AM
171186,Tree Trim,2020-03-30 10:23 AM,Tree Trim Inspection,TREEMAINTENANCE,"BLANCHETTE, PETER",11101 RESOURCE ,"6, ZONE",616D,5850a,CLOSED,2020-03-30,10:23 AM
171187,Tree Stump Grinding,2020-03-30 11:09 AM,Tree Stump Inspection,TREEMAINTENANCE,"PATINO, ARNULFO",5981 INWOOD DR,"2, ZONE",491N,77057,CLOSED,2020-03-30,11:09 AM
171190,Tree Trim,2020-03-30 11:32 AM,Tree Trim Inspection,TREEMAINTENANCE,"UF - JONES, CODY",1938  KNOLL ,"3, ZONE",450V,5059d,CLOSED,2020-03-30,11:32 AM
171195,Tree Removal,2020-03-30 03:38 PM,Tree Removal Inspection,TREEMAINTENANCE,"UF - JONES, CODY",1520  RIDGEWOOD ,"2, ZONE",492R,5357c,CLOSED,2020-03-30,03:38 PM
171197,Tree Removal,2020-03-30 03:59 PM,Tree Removal Inspection,TREEMAINTENANCE,"PATINO, ARNULFO",6619  MOSS ROSE ,"5, ZONE",534H,5555d,CLOSED,2020-03-30,03:59 PM
171198,Tree Removal,2020-03-30 04:13 PM,Tree Removal Inspection,TREEMAINTENANCE,"UF - JONES, CODY",705  7TH 1/2 ,"3, ZONE",493A,5358a,CLOSED,2020-03-30,04:13 PM
171199,Tree Trim,2020-03-30 04:43 PM,Tree Trim Inspection,TREEMAINTENANCE,"PATINO, ARNULFO",440 E FAIR HARBOR LN,"2, ZONE",488B,77079,CLOSED,2020-03-30,04:43 PM
171204,Tree Removal,2020-03-31 08:06 AM,Tree Removal Inspection,TREEMAINTENANCE,"UF - JONES, CODY",516  COLUMBIA ,"3, ZONE",493A,5358c,CLOSED,2020-03-31,08:06 AM
171206,Tree Trim,2020-03-31 09:06 AM,Tree Trim Inspection,TREEMAINTENANCE,"BLANCHETTE, PETER", 2300 KINGWOOD DR&2600 WOODLAND HILLS DR,"4, ZONE",336C,5769a,CLOSED,2020-03-31,09:06 AM
171207,Tree Trim,2020-03-31 09:52 AM,Tree Trim Inspection,TREEMAINTENANCE,"UF - JONES, CODY",1100  BAGBY ,"1, ZONE",493L,5357b,CLOSED,2020-03-31,09:52 AM
171208,Tree Removal,2020-03-31 09:57 AM,Tree Removal Inspection,TREEMAINTENANCE,"PATINO, ARNULFO",3103 VIRGINIA ST,"2, ZONE",492U,77098,CLOSED,2020-03-31,09:57 AM
171209,Tree Removal,2020-03-31 10:16 AM,Tree Removal Inspection,TREEMAINTENANCE,"BLANCHETTE, PETER", 14603 CARDINAL CREEK CT,"5, ZONE",617H,5950c,CLOSED,2020-03-31,10:16 AM
171211,Tree Trim,2020-03-31 10:41 AM,Tree Trim Inspection,TREEMAINTENANCE,"PATINO, ARNULFO",3900 SAN JACINTO ST,"2, ZONE",493T,77004,CLOSED,2020-03-31,10:41 AM
171212,Tree Trim,2020-03-31 10:45 AM,Tree Trim Inspection,TREEMAINTENANCE,"BLANCHETTE, PETER",222  KRESS ,"4, ZONE",494D,5558a,CLOSED,2020-03-31,10:45 AM
171213,Tree Trim,2020-03-31 12:01 PM,Tree Trim Inspection,TREEMAINTENANCE,"BLANCHETTE, PETER",10430  CASTLETON ,"4, ZONE",414Z,5562c,CLOSED,2020-03-31,12:01 PM
171217,Tree Trim,2020-03-31 07:08 PM,Tree Trim Inspection,TREEMAINTENANCE,"UF - JONES, CODY", 8800 RUTHERFORD LN&1500 WILLOW ROCK RD,"3, ZONE",412P,5262a,CLOSED,2020-03-31,07:08 PM
171218,Tree Trim,2020-03-31 07:14 PM,Tree Trim Inspection,TREEMAINTENANCE,"UF - JONES, CODY",1503  WILLOW ROCK ,"3, ZONE",412P,5262a,CLOSED,2020-03-31,07:14 PM
171219,Tree Trim,2020-04-01 05:10 AM,Tree Trim Inspection,TREEMAINTENANCE,"PATINO, ARNULFO", 9900 CLUB CREEK DR&9200 WOODFAIR DR,"2, ZONE",529R,4954d,CLOSED,2020-04-01,05:10 AM
171220,Tree Trim,2020-04-01 07:47 AM,Tree Trim Inspection,TREEMAINTENANCE,"PATINO, ARNULFO",2014  ESPERANZA FRI,"5, ZONE",534D,5556d,CLOSED,2020-04-01,07:47 AM
171223,Tree Trim,2020-04-01 09:44 AM,Tree Trim Inspection,TREEMAINTENANCE,"BLANCHETTE, PETER",3826  APPALACHIAN ,"4, ZONE",297T,5871c,CLOSED,2020-04-01,09:44 AM
171224,Tree Trim,2020-04-01 10:03 AM,Tree Trim Inspection,TREEMAINTENANCE,"PATINO, ARNULFO",8195 SANDS POINT DR,"2, ZONE",530B,77036,CLOSED,2020-04-01,10:03 AM
171225,Tree Trim,2020-04-01 10:09 AM,Tree Trim Inspection,TREEMAINTENANCE,"UF - JONES, CODY",1702  HEIGHTS ,"3, ZONE",453S,5359c,CLOSED,2020-04-01,10:09 AM
171227,Tree Trim,2020-04-01 11:22 AM,Tree Trim Inspection,TREEMAINTENANCE,"PATINO, ARNULFO",3001  ISABELLA ,"6, ZONE",493Y,5456c,CLOSED,2020-04-01,11:22 AM
171228,Tree Removal,2020-04-01 11:22 AM,Tree Removal Inspection,TREEMAINTENANCE,"UF - JONES, CODY", 7000 MEMORIAL DR&7400 N PICNIC LN,"2, ZONE",492J,5257a,CLOSED,2020-04-01,11:22 AM
171230,Tree Planting,2020-04-01 01:57 PM,Tree Planting Inspection,TREEPROTECTION,"BLANCHETTE, PETER",1516  ELGIN ,"2, ZONE",493U,5356b,CLOSED,2020-04-01,01:57 PM
171233,Tree Trim,2020-04-01 05:02 PM,Tree Trim Inspection,TREEMAINTENANCE,"UF - JONES, CODY",2226  LIBBEY ,"3, ZONE",451M,5160b,CLOSED,2020-04-01,05:02 PM
171234,Tree Removal,2020-04-01 09:59 PM,Tree Removal Inspection,TREEMAINTENANCE,"PATINO, ARNULFO",2314 W MAIN ST,"2, ZONE",492U,77098,CLOSED,2020-04-01,09:59 PM
171235,Tree Removal,2020-04-02 07:25 AM,Tree Removal Inspection,TREEMAINTENANCE,"BLANCHETTE, PETER", 4800 CLINTON DR&100 JAPHET ST,"5, ZONE",494L,5557a,CLOSED,2020-04-02,07:25 AM
171236,Tree Removal,2020-04-02 07:43 AM,Tree Removal Inspection,TREEMAINTENANCE,"BLANCHETTE, PETER",28 N ENNIS ,"5, ZONE",494N,5457d,CLOSED,2020-04-02,07:43 AM
171237,Tree Trim,2020-04-02 08:56 AM,Tree Trim Inspection,TREEMAINTENANCE,"PATINO, ARNULFO",3100 S GESSNER RD,"2, ZONE",490W,77042,CLOSED,2020-04-02,08:56 AM
171238,Tree Removal,2020-04-02 11:40 AM,Tree Removal Inspection,TREEMAINTENANCE,"BLANCHETTE, PETER",117  GLENDORA ,"5, ZONE",495W,5556d,CLOSED,2020-04-02,11:40 AM
171240,Tree Removal,2020-04-02 01:22 PM,Tree Removal Inspection,TREEMAINTENANCE,"PATINO, ARNULFO",6719  MOSS ROSE ,"5, ZONE",534H,5555d,CLOSED,2020-04-02,01:22 PM
171241,Tree Removal,2020-04-02 01:22 PM,Tree Removal Inspection,TREEMAINTENANCE,"UF - JONES, CODY",6509  MORROW ,"3, ZONE",412Y,5261b,CLOSED,2020-04-02,01:22 PM
171242,Tree Trim,2020-04-02 01:42 PM,Tree Trim Inspection,TREEMAINTENANCE,"PATINO, ARNULFO",200 WAUGH DR,"2, ZONE",492M,77007,CLOSED,2020-04-02,01:42 PM
171243,Tree Removal,2020-04-02 01:46 PM,Tree Removal Inspection,TREEMAINTENANCE,"PATINO, ARNULFO",800 COMMERCE ST,"1, ZONE",493L,77002,CLOSED,2020-04-02,01:46 PM
171244,Tree Removal,2020-04-02 01:49 PM,Tree Removal Inspection,TREEMAINTENANCE,"UF - JONES, CODY",4507  BEGGS ,"4, ZONE",453Y,5459c,CLOSED,2020-04-02,01:49 PM
171245,Tree Removal,2020-04-02 02:51 PM,Tree Removal Inspection,TREEMAINTENANCE,"UF - JONES, CODY",701  ARLINGTON ,"3, ZONE",493A,5358a,CLOSED,2020-04-02,02:51 PM
171246,Tree Removal,2020-04-02 03:00 PM,Tree Removal Inspection,TREEMAINTENANCE,"BLANCHETTE, PETER",19214  SEARS ,"4, ZONE",335W,5567b,CLOSED,2020-04-02,03:00 PM
171247,Tree Trim,2020-04-02 04:29 PM,Tree Trim Inspection,TREEMAINTENANCE,"BLANCHETTE, PETER",12429  KATHRYN ,"5, ZONE",496L,5758d,CLOSED,2020-04-02,04:29 PM
171248,Tree Removal,2020-04-02 05:46 PM,Tree Removal Inspection,TREEMAINTENANCE,"UF - BURKES, JEREMY",10863  FAIRLAND ,"6, ZONE",573F,5352b,CLOSED,2020-04-02,05:46 PM
171249,Tree Removal,2020-04-03 04:33 AM,Tree Removal Inspection,TREEMAINTENANCE,"BLANCHETTE, PETER",8924 N GREEN RIVER (BROCK PARK),"4, ZONE",455M,5660b,CLOSED,2020-04-03,04:33 AM
171256,Tree Trim,2020-04-03 10:44 AM,Tree Trim Inspection,TREEMAINTENANCE,"BLANCHETTE, PETER",2417  TACKABERRY ,"4, ZONE",493D,5458a,CLOSED,2020-04-03,10:44 AM
171257,Tree Trim,2020-04-03 10:45 AM,Tree Trim Inspection,TREEMAINTENANCE,"BLANCHETTE, PETER",11110  BANDLON ,"2, ZONE",529F,4955c,CLOSED,2020-04-03,10:45 AM
171258,Tree Removal,2020-04-03 11:32 AM,Tree Removal Inspection,TREEMAINTENANCE,"PATINO, ARNULFO",2933 JACKSON ST,"2, ZONE",493U,77004,CLOSED,2020-04-03,11:32 AM
171259,Tree Trim,2020-04-03 12:04 PM,Tree Trim Inspection,TREEMAINTENANCE,"UF - JONES, CODY",211  DEERFIELD ,"4, ZONE",453L,5360b,CLOSED,2020-04-03,12:04 PM
171261,Tree Removal,2020-04-03 12:29 PM,Tree Removal Inspection,TREEMAINTENANCE,"BLANCHETTE, PETER",4701  LINN ,"4, ZONE",454S,5459d,CLOSED,2020-04-03,12:29 PM
171262,Tree Removal,2020-04-03 12:41 PM,Tree Removal Inspection,TREEMAINTENANCE,"BLANCHETTE, PETER",2605  HADLEY ,"6, ZONE",493V,5456a,CLOSED,2020-04-03,12:41 PM
171264,Tree Removal,2020-04-03 12:47 PM,Tree Removal Inspection,TREEMAINTENANCE,"UF - JONES, CODY",1124 E 6TH 1/2 ,"3, ZONE",493A,5358b,CLOSED,2020-04-03,12:47 PM
171265,Tree Removal,2020-04-03 01:14 PM,Tree Removal Inspection,TREEMAINTENANCE,"BLANCHETTE, PETER", 9600 CULLEN BLVD&4700 WENDA ST,"6, ZONE",573D,5453c,CLOSED,2020-04-03,01:14 PM
171266,Tree Trim,2020-04-03 01:16 PM,Tree Trim Inspection,TREEMAINTENANCE,"PATINO, ARNULFO",5880  WOODWAY ,"2, ZONE",491K,5157a,CLOSED,2020-04-03,01:16 PM
171269,Tree Trim,2020-04-03 04:09 PM,Tree Trim Inspection,TREEMAINTENANCE,"UF - JONES, CODY",8702  RUTHERFORD ,"3, ZONE",412P,5262a,CLOSED,2020-04-03,04:09 PM
171273,Tree Removal,2020-04-03 05:33 PM,Tree Removal Inspection,TREEMAINTENANCE,"UF - JONES, CODY",8702  RUTHERFORD ,"3, ZONE",412P,5262a,CLOSED,2020-04-03,05:33 PM
171274,Tree Code Violation,2020-04-03 06:17 PM,Tree Code Violation Inspection,TREEPROTECTION,"UF - JONES, CODY",2315  RICHMOND ,"2, ZONE",492Y,5256d,CLOSED,2020-04-03,06:17 PM
171275,Tree Removal,2020-04-03 09:50 PM,Tree Removal Inspection,TREEMAINTENANCE,"UF - JONES, CODY",701  HIGHLAND ,"3, ZONE",493B,5358b,CLOSED,2020-04-03,09:50 PM
171276,Tree Trim,2020-04-04 05:41 PM,Tree Trim Inspection,TREEMAINTENANCE,"PATINO, ARNULFO",10926  KEESE ,"6, ZONE",576X,5751c,CLOSED,2020-04-04,05:41 PM
171277,Tree Removal,2020-04-04 06:57 PM,Tree Removal Inspection,TREEMAINTENANCE,"BLANCHETTE, PETER",2021  EUBANKS ,"4, ZONE",454J,5460a,CLOSED,2020-04-04,06:57 PM
171278,Tree Trim,2020-04-05 05:14 AM,Tree Trim Inspection,TREEMAINTENANCE,"PATINO, ARNULFO",8341  SANDS POINT ,"2, ZONE",530B,5055c,CLOSED,2020-04-05,05:14 AM
171279,Tree Trim,2020-04-05 12:16 PM,Tree Trim Inspection,TREEMAINTENANCE,"BLANCHETTE, PETER",7941  KERR ,"5, ZONE",495P,5657a,CLOSED,2020-04-05,12:16 PM
171280,Tree Trim,2020-04-05 12:17 PM,Tree Trim Inspection,TREEMAINTENANCE,"BLANCHETTE, PETER",7941  KERR ,"5, ZONE",495P,5657a,CLOSED,2020-04-05,12:17 PM
171281,Tree Removal,2020-04-05 02:00 PM,Tree Removal Inspection,TREEMAINTENANCE,"UF - JONES, CODY",2103  RESTRIDGE ,"3, ZONE",451N,5059b,CLOSED,2020-04-05,02:00 PM
171283,Tree Trim,2020-04-06 09:54 AM,Tree Trim Inspection,TREEMAINTENANCE,"BLANCHETTE, PETER",6410  KASSARINE ,"6, ZONE",534P,5454b,CLOSED,2020-04-06,09:54 AM
171284,Tree Removal,2020-04-06 11:53 AM,Tree Removal Inspection,TREEMAINTENANCE,"BLANCHETTE, PETER",10914  LONGREN ,"6, ZONE",576T,5751c,CLOSED,2020-04-06,11:53 AM
171286,Tree Trim,2020-04-06 01:25 PM,Tree Trim Inspection,TREEMAINTENANCE,"BLANCHETTE, PETER", 1900 COLLIER ST&5300 LAWNDALE ST,"5, ZONE",494X,5556c,CLOSED,2020-04-06,01:25 PM
171287,Tree Trim,2020-04-06 01:30 PM,Tree Trim Inspection,TREEMAINTENANCE,"BLANCHETTE, PETER", 15600 EL CAMINO REAL BLVD,"5, ZONE",618K,5949b,CLOSED,2020-04-06,01:30 PM
171288,Tree Trim,2020-04-06 01:30 PM,Tree Trim Inspection,TREEMAINTENANCE,"PATINO, ARNULFO", 10900 BOONE LOOP RD&9300 WILCREST DR,"2, ZONE",529U,4953a,CLOSED,2020-04-06,01:30 PM
171292,Tree Trim,2020-04-06 02:43 PM,Tree Trim Inspection,TREEMAINTENANCE,"PATINO, ARNULFO",11814  ZARROLL ,"2, ZONE",529N,4854d,CLOSED,2020-04-06,02:43 PM
171293,Tree Removal,2020-04-06 04:21 PM,Tree Removal Inspection,TREEMAINTENANCE,"BLANCHETTE, PETER",8314  GLENBRAE ,"6, ZONE",535Y,5653b,CLOSED,2020-04-06,04:21 PM
171294,Tree Removal,2020-04-06 04:22 PM,Tree Removal Inspection,TREEMAINTENANCE,"UF - JONES, CODY",2517 JULIAN ST,"3, ZONE",493B,77009,CLOSED,2020-04-06,04:22 PM
171297,Tree Trim,2020-04-07 08:15 AM,Tree Trim Inspection,TREEMAINTENANCE,"PATINO, ARNULFO",1912 TAFT ST,"2, ZONE",493N,77006,CLOSED,2020-04-07,08:15 AM
171298,Tree Trim,2020-04-07 08:38 AM,Tree Trim Inspection,TREEMAINTENANCE,"PATINO, ARNULFO",2800 BOSTON ST,"2, ZONE",493P,77006,CLOSED,2020-04-07,08:38 AM
171299,Tree Trim,2020-04-07 08:51 AM,Tree Trim Inspection,TREEMAINTENANCE,"PATINO, ARNULFO",300 FARGO ST,"2, ZONE",493N,77006,CLOSED,2020-04-07,08:51 AM
171300,Tree Trim,2020-04-07 08:52 AM,Tree Trim Inspection,TREEMAINTENANCE,"BLANCHETTE, PETER",1710  MCKEE ,"4, ZONE",493H,5458c,CLOSED,2020-04-07,08:52 AM
171301,Tree Trim,2020-04-07 09:05 AM,Tree Trim Inspection,TREEMAINTENANCE,"PATINO, ARNULFO",FARGO ST & WHITNEY ST,"2, ZONE",493N,77006,CLOSED,2020-04-07,09:05 AM
171303,Tree Trim,2020-04-07 10:00 AM,Tree Trim Inspection,TREEMAINTENANCE,"BLANCHETTE, PETER", 15600 EL CAMINO REAL&1000 EL DORADO BLVD,"5, ZONE",618K,5949b,CLOSED,2020-04-07,10:00 AM
171304,Tree Trim,2020-04-07 10:23 AM,Tree Trim Inspection,TREEMAINTENANCE,"PATINO, ARNULFO", 10900 KEESE DR&10000 SANTA MONICA BLVD,"6, ZONE",576X,5751c,CLOSED,2020-04-07,10:23 AM
171305,Tree Trim,2020-04-07 10:39 AM,Tree Trim Inspection,TREEMAINTENANCE,"BLANCHETTE, PETER",5704  RUPERT STREET ,"4, ZONE",454Y,5559c,CLOSED,2020-04-07,10:39 AM
171306,Tree Removal,2020-04-07 10:41 AM,Tree Removal Inspection,TREEMAINTENANCE,"BLANCHETTE, PETER",6417  KASSARINE ,"6, ZONE",534P,5454b,CLOSED,2020-04-07,10:41 AM
171307,Tree Trim,2020-04-07 11:07 AM,Tree Trim Inspection,TREEMAINTENANCE,"UF - JONES, CODY",219  32ND ,"3, ZONE",453N,5359a,CLOSED,2020-04-07,11:07 AM
171308,Tree Trim,2020-04-07 11:15 AM,Tree Trim Inspection,TREEMAINTENANCE,"PATINO, ARNULFO",12008 NAUGHTON ST,"2, ZONE",490J,77024,CLOSED,2020-04-07,11:15 AM
171309,Tree Trim,2020-04-07 12:01 PM,Tree Trim Inspection,TREEMAINTENANCE,"BLANCHETTE, PETER",5715  KNIGHTWOOD ,"4, ZONE",414V,5562c,CLOSED,2020-04-07,12:01 PM
171310,Tree Removal,2020-04-07 12:12 PM,Tree Removal Inspection,TREEMAINTENANCE,"PATINO, ARNULFO",1914  BRANARD ,"2, ZONE",492V,5356a,CLOSED,2020-04-07,12:12 PM
171312,Tree Removal,2020-04-07 02:14 PM,Tree Removal Inspection,TREEMAINTENANCE,"BLANCHETTE, PETER",7330  EVANS ,"6, ZONE",575A,5553d,CLOSED,2020-04-07,02:14 PM
171313,Tree Removal,2020-04-07 02:36 PM,Tree Removal Inspection,TREEMAINTENANCE,"BLANCHETTE, PETER",939  ELTON ,"5, ZONE",576E,5753c,CLOSED,2020-04-07,02:36 PM
171315,Tree Trim,2020-04-07 03:17 PM,Tree Trim Inspection,TREEMAINTENANCE,"PATINO, ARNULFO",11339 LOCKGATE LN,"6, ZONE",573M,77048,CLOSED,2020-04-07,03:17 PM
171322,Tree Trim,2020-04-08 09:13 AM,Tree Trim Inspection,TREEMAINTENANCE,"BLANCHETTE, PETER",5600  LANGLEY ,"4, ZONE",414Z,5562c,CLOSED,2020-04-08,09:13 AM
171323,Tree Trim,2020-04-08 09:37 AM,Tree Trim Inspection,TREEMAINTENANCE,"BLANCHETTE, PETER",2302  BLEKER ,"4, ZONE",494B,5458b,CLOSED,2020-04-08,09:37 AM
171326,Tree Removal,2020-04-08 10:25 AM,Tree Removal Inspection,TREEMAINTENANCE,"BLANCHETTE, PETER",541 S 75TH ,"5, ZONE",535A,5556d,CLOSED,2020-04-08,10:25 AM
171327,Tree Removal,2020-04-08 10:33 AM,Tree Removal Inspection,TREEMAINTENANCE,"BLANCHETTE, PETER",9230  KLONDIKE ,"6, ZONE",575M,5652d,CLOSED,2020-04-08,10:33 AM
171328,Tree Trim,2020-04-08 12:10 PM,Tree Trim Inspection,TREEMAINTENANCE,"BLANCHETTE, PETER",1927  WENDY HILL ,"5, ZONE",618L,6049a,CLOSED,2020-04-08,12:10 PM
171329,Tree Removal,2020-04-08 12:18 PM,Tree Removal Inspection,TREEMAINTENANCE,"PATINO, ARNULFO",12614 ARP ST,"7, ZONE",570R,77085,CLOSED,2020-04-08,12:18 PM
171332,Tree Trim,2020-04-08 02:03 PM,Tree Trim Inspection,TREEMAINTENANCE,"PATINO, ARNULFO", 8200 LIVINGSTON ST&3600 STASSEN ST,"6, ZONE",533T,5353b,CLOSED,2020-04-08,02:03 PM
171333,Tree Trim,2020-04-08 02:18 PM,Tree Trim Inspection,TREEMAINTENANCE,"PATINO, ARNULFO", 3350 HONDO ST&8100 LAWLER ST,"6, ZONE",533T,5353b,CLOSED,2020-04-08,02:18 PM
171337,Tree Removal,2020-04-08 04:04 PM,Tree Removal Inspection,TREEMAINTENANCE,"BLANCHETTE, PETER", 4700 CROKER RIDGE RD&15800 RIDGECROFT RD,"7, ZONE",571Z,5250a,CLOSED,2020-04-08,04:04 PM
171338,Tree Trim,2020-04-08 04:29 PM,Tree Trim Inspection,TREEMAINTENANCE,"UF - JONES, CODY",1436  HARVARD ,"3, ZONE",453W,5359c,CLOSED,2020-04-08,04:29 PM
171339,Tree Removal,2020-04-08 10:52 PM,Tree Removal Inspection,TREEMAINTENANCE,"UF - JONES, CODY",606  21ST ,"3, ZONE",453S,5359c,CLOSED,2020-04-08,10:52 PM
171343,Tree Trim,2020-04-09 08:11 AM,Tree Trim Inspection,TREEMAINTENANCE,"BLANCHETTE, PETER", 3700 COLVIN ST&11700 WALLISVILLE RD,"4, ZONE",456X,5759c,CLOSED,2020-04-09,08:11 AM
171346,Tree Trim,2020-04-09 01:23 PM,Tree Trim Inspection,TREEMAINTENANCE,"BLANCHETTE, PETER",7141  SAINT LOUIS ,"4, ZONE",454R,5560d,CLOSED,2020-04-09,01:23 PM
171347,Tree Removal,2020-04-09 01:45 PM,Tree Removal Inspection,TREEMAINTENANCE,"BLANCHETTE, PETER", 2300 BERKLEY ST&7700 KELLER ST,"5, ZONE",535F,5655c,CLOSED,2020-04-09,01:45 PM
171350,Tree Trim,2020-04-09 03:06 PM,Tree Trim Inspection,TREEMAINTENANCE,"PATINO, ARNULFO", 3738 CORDER ST&7200 LA SALETTE ST,"6, ZONE",533Q,5454a,CLOSED,2020-04-09,03:06 PM
171351,Tree Trim,2020-04-09 03:21 PM,Tree Trim Inspection,TREEMAINTENANCE,"PATINO, ARNULFO", 1300 CAPITOL ST&700 CAROLINE ST,"1, ZONE",493Q,5457a,CLOSED,2020-04-09,03:21 PM
171354,Tree Trim,2020-04-09 04:14 PM,Tree Trim Inspection,TREEMAINTENANCE,"UF - JONES, CODY", 2600 WATSON ST&800 WENDEL ST,"3, ZONE",493B,5358b,CLOSED,2020-04-09,04:14 PM
171355,Tree Trim,2020-04-09 06:30 PM,Tree Trim Inspection,TREEMAINTENANCE,"UF - JONES, CODY",2226  LIBBEY ,"3, ZONE",451M,5160b,CLOSED,2020-04-09,06:30 PM
171356,Tree Removal,2020-04-09 06:46 PM,Tree Removal Inspection,TREEMAINTENANCE,"UF - BURKES, JEREMY",8008  WOODWAY ,"2, ZONE",490R,5056b,CLOSED,2020-04-09,06:46 PM
171357,Tree Removal,2020-04-09 07:35 PM,Tree Removal Inspection,TREEMAINTENANCE,"UF - JONES, CODY",1760  CAMPBELL ,"3, ZONE",450U,5059c,CLOSED,2020-04-09,07:35 PM
171365,Tree Trim,2020-04-10 08:53 AM,Tree Trim Inspection,TREEMAINTENANCE,"PATINO, ARNULFO", 5800 POINT WEST DR&8800 TOWN PARK DR,"2, ZONE",530A,4955d,CLOSED,2020-04-10,08:53 AM
171366,Tree Trim,2020-04-10 09:14 AM,Tree Trim Inspection,TREEMAINTENANCE,"UF - JONES, CODY",2403  GRAY ,"6, ZONE",493V,5456a,CLOSED,2020-04-10,09:14 AM
171368,Tree Trim,2020-04-10 09:51 AM,Tree Trim Inspection,TREEMAINTENANCE,"PATINO, ARNULFO",3400 HADLEY ST,"6, ZONE",493Z,77004,CLOSED,2020-04-10,09:51 AM
171369,Tree Removal,2020-04-10 10:08 AM,Tree Removal Inspection,TREEMAINTENANCE,"UF - JONES, CODY",9920  PORTO RICO ,"3, ZONE",450A,4961d,CLOSED,2020-04-10,10:08 AM
171371,Tree Removal,2020-04-10 10:27 AM,Tree Removal Inspection,TREEMAINTENANCE,"PATINO, ARNULFO",3226 ASHFIELD DR,"2, ZONE",488Z,77082,CLOSED,2020-04-10,10:27 AM
171372,Tree Trim,2020-04-10 10:32 AM,Tree Trim Inspection,TREEMAINTENANCE,"BLANCHETTE, PETER",13  COOPER ,"4, ZONE",413X,5361b,CLOSED,2020-04-10,10:32 AM
171373,Tree Removal,2020-04-10 11:28 AM,Tree Removal Inspection,TREEMAINTENANCE,"BLANCHETTE, PETER",13531  RURAL OAK ,"5, ZONE",576V,5851c,CLOSED,2020-04-10,11:28 AM
171374,Tree Removal,2020-04-10 11:33 AM,Tree Removal Inspection,TREEMAINTENANCE,"UF - JONES, CODY", 2018 COUNTER POINT DR&7600 INCH RD,"3, ZONE",451T,5159c,CLOSED,2020-04-10,11:33 AM
171375,Tree Trim,2020-04-10 12:02 PM,Tree Trim Inspection,TREEMAINTENANCE,"PATINO, ARNULFO",2400 JACKSON ST,"2, ZONE",493U,77004,CLOSED,2020-04-10,12:02 PM
171376,Tree Removal,2020-04-10 01:05 PM,Tree Removal Inspection,TREEMAINTENANCE,"BLANCHETTE, PETER",9529  HOLLOCK ,"6, ZONE",575M,5752a,CLOSED,2020-04-10,01:05 PM
171377,Tree Trim,2020-04-10 01:06 PM,Tree Trim Inspection,TREEMAINTENANCE,"PATINO, ARNULFO", 3220 BREMOND ST&2500 NETTLETON ST,"6, ZONE",493Z,5456a,CLOSED,2020-04-10,01:06 PM
171378,Tree Removal,2020-04-10 02:14 PM,Tree Removal Inspection,TREEMAINTENANCE,"UF - JONES, CODY", 3700 MANGUM RD&4800 MILWEE ST,"3, ZONE",451M,5160d,CLOSED,2020-04-10,02:14 PM
171379,Tree Removal,2020-04-10 02:29 PM,Tree Removal Inspection,TREEMAINTENANCE,"BLANCHETTE, PETER",4111  BERING ,"5, ZONE",494P,5457d,CLOSED,2020-04-10,02:29 PM
171380,Tree Removal,2020-04-10 02:29 PM,Tree Removal Inspection,TREEMAINTENANCE,"UF - JONES, CODY",15034  CHIPMAN ,"4, ZONE",412D,5364c,CLOSED,2020-04-10,02:29 PM
171381,Tree Removal,2020-04-10 04:02 PM,Tree Removal Inspection,TREEMAINTENANCE,"PATINO, ARNULFO",1900 WINDSOR ST,"2, ZONE",492R,77006,CLOSED,2020-04-10,04:02 PM
171382,Tree Trim,2020-04-10 04:05 PM,Tree Trim Inspection,TREEMAINTENANCE,"PATINO, ARNULFO",5123  RIDGE MANOR ,"7, ZONE",611C,5150d,CLOSED,2020-04-10,04:05 PM
171386,Tree Trim,2020-04-10 07:10 PM,Tree Trim Inspection,TREEMAINTENANCE,"UF - JONES, CODY",1054  CHAMBOARD ,"3, ZONE",452L,5260b,CLOSED,2020-04-10,07:10 PM
171387,Tree Trim,2020-04-10 07:10 PM,Tree Trim Inspection,TREEMAINTENANCE,"UF - JONES, CODY",1054  CHAMBOARD ,"3, ZONE",452L,5260b,CLOSED,2020-04-10,07:10 PM
171388,Tree Trim,2020-04-11 02:52 PM,Tree Trim Inspection,TREEMAINTENANCE,"PATINO, ARNULFO",2034 W MAIN ST,"2, ZONE",492V,77098,CLOSED,2020-04-11,02:52 PM
171392,Tree Removal,2020-04-12 11:20 AM,Tree Removal Inspection,TREEMAINTENANCE,"PATINO, ARNULFO",8200  PARK PLACE ,"5, ZONE",535P,5654a,CLOSED,2020-04-12,11:20 AM
171393,Tree Removal,2020-04-12 11:44 AM,Tree Removal Inspection,TREEMAINTENANCE,"BLANCHETTE, PETER",7211  AVENUE N ,"5, ZONE",495S,5556b,CLOSED,2020-04-12,11:44 AM
171394,Tree Removal,2020-04-12 05:02 PM,Tree Removal Inspection,TREEMAINTENANCE,"UF - JONES, CODY",2211  NORFOLK ,"2, ZONE",492Y,5256d,CLOSED,2020-04-12,05:02 PM
171395,Tree Trim,2020-04-12 06:45 PM,Tree Trim Inspection,TREEMAINTENANCE,"UF - JONES, CODY",2714  MORNINGVIEW ,"3, ZONE",450Q,5059a,CLOSED,2020-04-12,06:45 PM
171398,Tree Trim,2020-04-13 09:03 AM,Tree Trim Inspection,TREEMAINTENANCE,"PATINO, ARNULFO",6818 CASTLEVIEW LN,"7, ZONE",571W,77489,CLOSED,2020-04-13,09:03 AM
171399,Tree Removal,2020-04-13 09:19 AM,Tree Removal Inspection,TREEMAINTENANCE,"UF - JONES, CODY",3815  CETTI ,"4, ZONE",453Z,5459c,CLOSED,2020-04-13,09:19 AM
171400,Tree Removal,2020-04-13 10:08 AM,Tree Removal Inspection,TREEMAINTENANCE,"UF - JONES, CODY",631 E 14TH ,"3, ZONE",453W,5359c,CLOSED,2020-04-13,10:08 AM
171401,Tree Trim,2020-04-13 11:49 AM,Tree Trim Inspection,TREEMAINTENANCE,"PATINO, ARNULFO",5000 SAN JACINTO ST,"7, ZONE",493W,77004,CLOSED,2020-04-13,11:49 AM
171402,Tree Trim,2020-04-13 11:56 AM,Tree Trim Inspection,TREEMAINTENANCE,"PATINO, ARNULFO",7806  RIPTIDE ,"2, ZONE",529J,4854b,CLOSED,2020-04-13,11:56 AM
171403,Tree Trim,2020-04-13 12:05 PM,Tree Trim Inspection,TREEMAINTENANCE,"PATINO, ARNULFO",10411 HUNTINGTON ESTATES DR,"2, ZONE",528V,77099,CLOSED,2020-04-13,12:05 PM
171404,Tree Removal,2020-04-13 12:35 PM,Tree Removal Inspection,TREEMAINTENANCE,"PATINO, ARNULFO",4918 PORTER RIDGE DR,"7, ZONE",611C,77053,CLOSED,2020-04-13,12:35 PM
171405,Tree Trim,2020-04-13 01:02 PM,Tree Trim Inspection,TREEMAINTENANCE,"BLANCHETTE, PETER",12802  EMPORIA ,"4, ZONE",496H,5858a,CLOSED,2020-04-13,01:02 PM
171408,Tree Removal,2020-04-13 02:08 PM,Tree Removal Inspection,TREEMAINTENANCE,"PATINO, ARNULFO",10819  SILKWOOD ,"7, ZONE",530W,5053c,CLOSED,2020-04-13,02:08 PM
171409,Tree Trim,2020-04-13 02:25 PM,Tree Trim Inspection,TREEMAINTENANCE,"UF - JONES, CODY",503 W 21ST ,"3, ZONE",452V,5359c,CLOSED,2020-04-13,02:25 PM
171410,Tree Trim,2020-04-13 02:45 PM,Tree Trim Inspection,TREEMAINTENANCE,"PATINO, ARNULFO",15710  CHIMNEY ROCK ,"7, ZONE",571W,5150a,CLOSED,2020-04-13,02:45 PM
171411,Tree Removal,2020-04-13 03:16 PM,Tree Removal Inspection,TREEMAINTENANCE,"PATINO, ARNULFO",2303  SIEBER ,"5, ZONE",536S,5754c,CLOSED,2020-04-13,03:16 PM
171413,Tree Trim,2020-04-13 04:22 PM,Tree Trim Inspection,TREEMAINTENANCE,"BLANCHETTE, PETER",7649  EDNA ,"6, ZONE",535N,5654a,CLOSED,2020-04-13,04:22 PM
171414,Tree Trim,2020-04-13 04:35 PM,Tree Trim Inspection,TREEMAINTENANCE,"PATINO, ARNULFO",BUFFALO RUN & SETTEMONT RD,"7, ZONE",570Q,77489,CLOSED,2020-04-13,04:35 PM
171415,Tree Removal,2020-04-13 04:41 PM,Tree Removal Inspection,TREEMAINTENANCE,"UF - JONES, CODY",616 W BELL ,"2, ZONE",493N,5357d,CLOSED,2020-04-13,04:41 PM
171416,Tree Trim,2020-04-13 07:30 PM,Tree Trim Inspection,TREEMAINTENANCE,"BLANCHETTE, PETER",12115  PANAY ,"6, ZONE",573R,5452d,CLOSED,2020-04-13,07:30 PM
171417,Tree Trim,2020-04-13 07:33 PM,Tree Trim Inspection,TREEMAINTENANCE,"BLANCHETTE, PETER",12110  PANAY ,"6, ZONE",573R,5452d,CLOSED,2020-04-13,07:33 PM
171418,Tree Removal,2020-04-13 08:14 PM,Tree Removal Inspection,TREEMAINTENANCE,"UF - JONES, CODY", 1700 FAIRVIEW AVE&2400 WINDSOR ST,"2, ZONE",492V,5356a,CLOSED,2020-04-13,08:14 PM
171419,Tree Removal,2020-04-14 07:44 AM,Tree Removal Inspection,TREEMAINTENANCE,"BLANCHETTE, PETER",12600  GREENS BAYOU ,"4, ZONE",496G,5758d,CLOSED,2020-04-14,07:44 AM
171420,Tree Trim,2020-04-14 07:46 AM,Tree Trim Inspection,TREEMAINTENANCE,"PATINO, ARNULFO",7702 BURNING HILLS DR,"7, ZONE",530U,5053b,CLOSED,2020-04-14,07:46 AM
171421,Tree Trim,2020-04-14 07:47 AM,Tree Trim Inspection,TREEMAINTENANCE,"PATINO, ARNULFO",7631  BURNING HILLS ,"7, ZONE",530Y,5053b,CLOSED,2020-04-14,07:47 AM
171422,Tree Trim,2020-04-14 08:16 AM,Tree Trim Inspection,TREEMAINTENANCE,"PATINO, ARNULFO", 1800 BINZ ST&5600 CHENEVERT ST,"7, ZONE",533B,5355b,CLOSED,2020-04-14,08:16 AM
171423,Tree Trim,2020-04-14 08:35 AM,Tree Trim Inspection,TREEMAINTENANCE,"PATINO, ARNULFO",12750 BROOKGLADE CIR,"2, ZONE",528R,77099,CLOSED,2020-04-14,08:35 AM
171424,Tree Removal,2020-04-14 08:40 AM,Tree Removal Inspection,TREEMAINTENANCE,"UF - JONES, CODY",899  DILLARD ,"3, ZONE",412Y,5261b,CLOSED,2020-04-14,08:40 AM
171425,Tree Trim,2020-04-14 08:42 AM,Tree Trim Inspection,TREEMAINTENANCE,"UF - JONES, CODY",891  DILLARD ,"3, ZONE",412Y,5261b,CLOSED,2020-04-14,08:42 AM
171426,Tree Trim,2020-04-14 09:18 AM,Tree Trim Inspection,TREEMAINTENANCE,"BLANCHETTE, PETER",3730  KINGWOOD ,"4, ZONE",337A,5869a,CLOSED,2020-04-14,09:18 AM
171427,Tree Removal,2020-04-14 09:29 AM,Tree Removal Inspection,TREEMAINTENANCE,"PATINO, ARNULFO",8202  GLENSCOTT ,"6, ZONE",535Y,5653a,CLOSED,2020-04-14,09:29 AM
171429,Tree Removal,2020-04-14 09:59 AM,Tree Removal Inspection,TREEMAINTENANCE,"BLANCHETTE, PETER",7631  MCHENRY ,"6, ZONE",535N,5554b,CLOSED,2020-04-14,09:59 AM
171430,Tree Trim,2020-04-14 10:15 AM,Tree Trim Inspection,TREEMAINTENANCE,"UF - JONES, CODY",4402 A  SPENCER ,"2, ZONE",492H,5358c,CLOSED,2020-04-14,10:15 AM
171431,Tree Removal,2020-04-14 10:34 AM,Tree Removal Inspection,TREEMAINTENANCE,"UF - JONES, CODY",5212  KIAM ,"3, ZONE",492C,5258d,CLOSED,2020-04-14,10:34 AM
171432,Tree Removal,2020-04-14 10:37 AM,Tree Removal Inspection,TREEMAINTENANCE,"UF - JONES, CODY",419 E 41 ST.,"3, ZONE",453J,5360c,CLOSED,2020-04-14,10:37 AM
171433,Tree Removal,2020-04-14 11:24 AM,Tree Removal Inspection,TREEMAINTENANCE,"UF - JONES, CODY",8606  SHADY ,"4, ZONE",454H,5561c,CLOSED,2020-04-14,11:24 AM
171435,Tree Trim,2020-04-14 11:58 AM,Tree Trim Inspection,TREEMAINTENANCE,"PATINO, ARNULFO",10619 LONGMONT DR,"2, ZONE",489Q,77042,CLOSED,2020-04-14,11:58 AM
171436,Tree Removal,2020-04-14 12:01 PM,Tree Removal Inspection,TREEMAINTENANCE,"PATINO, ARNULFO",9230  KLONDIKE ,"6, ZONE",575M,5652d,CLOSED,2020-04-14,12:01 PM
171437,Tree Trim,2020-04-14 12:14 PM,Tree Trim Inspection,TREEMAINTENANCE,"PATINO, ARNULFO",BEECHNUT ST & GLENFIELD CT,"7, ZONE",531N,77074,CLOSED,2020-04-14,12:14 PM
171438,Tree Trim,2020-04-14 12:37 PM,Tree Trim Inspection,TREEMAINTENANCE,"PATINO, ARNULFO",9319  CARVEL ,"2, ZONE",529M,4954b,CLOSED,2020-04-14,12:37 PM
171442,Tree Trim,2020-04-14 02:51 PM,Tree Trim Inspection,TREEMAINTENANCE,"PATINO, ARNULFO", 1600 CALUMET ST&5500 CRAWFORD ST,"7, ZONE",533B,5356d,CLOSED,2020-04-14,02:51 PM
171443,Tree Trim,2020-04-14 03:41 PM,Tree Trim Inspection,TREEMAINTENANCE,"PATINO, ARNULFO",11700  BISSONNET ,"2, ZONE",529T,4853b,CLOSED,2020-04-14,03:41 PM
171444,Tree Trim,2020-04-14 04:08 PM,Tree Trim Inspection,TREEMAINTENANCE,"UF - JONES, CODY",1324  ASHLAND ,"3, ZONE",452Z,5359c,CLOSED,2020-04-14,04:08 PM
171445,Tree Trim,2020-04-14 04:19 PM,Tree Trim Inspection,TREEMAINTENANCE,"BLANCHETTE, PETER",3022  PINE GULLY ,"5, ZONE",535L,5655c,CLOSED,2020-04-14,04:19 PM
171446,Tree Removal,2020-04-15 03:09 AM,Tree Removal Inspection,TREEMAINTENANCE,"PATINO, ARNULFO",12700 KIMBERLEY LN,"2, ZONE",489H,77024,CLOSED,2020-04-15,03:09 AM
171447,Tree Removal,2020-04-15 03:32 AM,Tree Removal Inspection,TREEMAINTENANCE,"BLANCHETTE, PETER",8919  NOEL ,"6, ZONE",534W,5453b,CLOSED,2020-04-15,03:32 AM
171452,Tree Code Violation,2020-04-15 07:48 AM,Tree Code Violation Inspection,TREEPROTECTION,"PATINO, ARNULFO", 1622 VERMONT ST&1900 WINDSOR ST,"2, ZONE",492R,5357c,CLOSED,2020-04-15,07:48 AM
171454,Tree Trim,2020-04-15 08:18 AM,Tree Trim Inspection,TREEMAINTENANCE,"BLANCHETTE, PETER",3835 N MACGREGOR ,"6, ZONE",533H,5455a,CLOSED,2020-04-15,08:18 AM
171457,Tree Removal,2020-04-15 10:26 AM,Tree Removal Inspection,TREEMAINTENANCE,"PATINO, ARNULFO",2108  SOUTHGATE ,"7, ZONE",532H,5355c,CLOSED,2020-04-15,10:26 AM
171460,Tree Trim,2020-04-15 10:40 AM,Tree Trim Inspection,TREEMAINTENANCE,"UF - JONES, CODY", 2600 WATSON ST&800 WENDEL ST,"3, ZONE",493B,5358b,CLOSED,2020-04-15,10:40 AM
171461,Tree Trim,2020-04-15 10:43 AM,Tree Trim Inspection,TREEMAINTENANCE,"UF - JONES, CODY",7722  GARSEE ,"3, ZONE",410R,5062d,CLOSED,2020-04-15,10:43 AM
171464,Tree Trim,2020-04-15 12:17 PM,Tree Trim Inspection,TREEMAINTENANCE,"UF - JONES, CODY",3919  GARDENDALE ,"3, ZONE",451R,5159b,CLOSED,2020-04-15,12:17 PM
171465,Tree Trim,2020-04-15 12:41 PM,Tree Trim Inspection,TREEMAINTENANCE,"PATINO, ARNULFO",1836  ALBANS ,"7, ZONE",532D,5356c,CLOSED,2020-04-15,12:41 PM
171466,Tree Trim,2020-04-15 01:23 PM,Tree Trim Inspection,TREEMAINTENANCE,"BLANCHETTE, PETER",8342  BONNER ,"5, ZONE",535Q,5654b,CLOSED,2020-04-15,01:23 PM
171467,Tree Trim,2020-04-15 01:53 PM,Tree Trim Inspection,TREEMAINTENANCE,"PATINO, ARNULFO",1429  KIRBY ,"2, ZONE",492Q,5257d,CLOSED,2020-04-15,01:53 PM
171469,Tree Trim,2020-04-15 02:38 PM,Tree Trim Inspection,TREEMAINTENANCE,"PATINO, ARNULFO",5455 GRAPE ST,"7, ZONE",531P,77096,CLOSED,2020-04-15,02:38 PM
171470,Tree Trim,2020-04-15 02:50 PM,Tree Trim Inspection,TREEMAINTENANCE,"UF - JONES, CODY",3720  ALBA ,"3, ZONE",452Q,5260d,CLOSED,2020-04-15,02:50 PM
171473,Tree Removal,2020-04-15 04:42 PM,Tree Removal Inspection,TREEMAINTENANCE,"UF - JONES, CODY",1009  BAYLAND ,"3, ZONE",493B,5358b,CLOSED,2020-04-15,04:42 PM
171474,Tree Removal,2020-04-16 03:00 AM,Tree Removal Inspection,TREEMAINTENANCE,"PATINO, ARNULFO",7302  KELLER ,"5, ZONE",535E,5655c,CLOSED,2020-04-16,03:00 AM
171476,Tree Trim,2020-04-16 07:45 AM,Tree Trim Inspection,TREEMAINTENANCE,"PATINO, ARNULFO", 1500 CALUMET ST&5500 LA BRANCH ST,"7, ZONE",533B,5356d,CLOSED,2020-04-16,07:45 AM
171477,Tree Trim,2020-04-16 08:05 AM,Tree Trim Inspection,TREEMAINTENANCE,"PATINO, ARNULFO", 1500 CLEBURNE ST&4100 LA BRANCH ST,"2, ZONE",493X,5356d,CLOSED,2020-04-16,08:05 AM
171479,Tree Trim,2020-04-16 08:28 AM,Tree Trim Inspection,TREEMAINTENANCE,"PATINO, ARNULFO", 5200 AUSTIN ST&1400 SOUTHMORE BLVD,"7, ZONE",493X,5356d,CLOSED,2020-04-16,08:28 AM
171481,Tree Trim,2020-04-16 08:51 AM,Tree Trim Inspection,TREEMAINTENANCE,"PATINO, ARNULFO",1800 PROSPECT ST,"7, ZONE",533B,5356d,CLOSED,2020-04-16,08:51 AM
171483,Tree Trim,2020-04-16 09:30 AM,Tree Trim Inspection,TREEMAINTENANCE,"PATINO, ARNULFO",1800 ROSEDALE ST,"7, ZONE",493X,77004,CLOSED,2020-04-16,09:30 AM
171484,Tree Trim,2020-04-16 09:30 AM,Tree Trim Inspection,TREEMAINTENANCE,"PATINO, ARNULFO", 4900 CHENEVERT ST&1800 ROSEDALE ST,"7, ZONE",493X,5356d,CLOSED,2020-04-16,09:30 AM
171488,Tree Trim,2020-04-16 10:25 AM,Tree Trim Inspection,TREEMAINTENANCE,"PATINO, ARNULFO", 1200 ISABELLA ST&4000 SAN JACINTO ST,"2, ZONE",493X,5356b,CLOSED,2020-04-16,10:25 AM
171489,Tree Trim,2020-04-16 10:29 AM,Tree Trim Inspection,TREEMAINTENANCE,"BLANCHETTE, PETER",10842  REGAL MANOR ,"6, ZONE",575U,5651d,CLOSED,2020-04-16,10:29 AM
171490,Tree Trim,2020-04-16 10:32 AM,Tree Trim Inspection,TREEMAINTENANCE,"BLANCHETTE, PETER",10838  REGAL MANOR ,"6, ZONE",575U,5651d,CLOSED,2020-04-16,10:32 AM
171491,Tree Trim,2020-04-16 10:35 AM,Tree Trim Inspection,TREEMAINTENANCE,"UF - JONES, CODY",2208  COMMONWEALTH ,"2, ZONE",493N,5357c,CLOSED,2020-04-16,10:35 AM
171492,Tree Stump Grinding,2020-04-16 11:15 AM,Tree Stump Inspection,TREEMAINTENANCE,"BLANCHETTE, PETER",14831  MCLEOD ,"4, ZONE",413A,5364c,CLOSED,2020-04-16,11:15 AM
171493,Tree Removal,2020-04-16 11:36 AM,Tree Removal Inspection,TREEMAINTENANCE,"PATINO, ARNULFO",5818 BENNING DR,"7, ZONE",531W,77096,CLOSED,2020-04-16,11:36 AM
171494,Tree Trim,2020-04-16 11:42 AM,Tree Trim Inspection,TREEMAINTENANCE,"PATINO, ARNULFO", 3500 CHAFFIN ST&7000 EPPES ST,"6, ZONE",534R,5554b,CLOSED,2020-04-16,11:42 AM
171495,Tree Trim,2020-04-16 01:01 PM,Tree Trim Inspection,TREEMAINTENANCE,"PATINO, ARNULFO",1508 MARYLAND ST,"2, ZONE",493N,77006,CLOSED,2020-04-16,01:01 PM
171496,Tree Trim,2020-04-16 01:18 PM,Tree Trim Inspection,TREEMAINTENANCE,"BLANCHETTE, PETER",14903  DOGWOOD TREE ,"4, ZONE",413A,5364c,CLOSED,2020-04-16,01:18 PM
171498,Tree Trim,2020-04-16 01:56 PM,Tree Trim Inspection,TREEMAINTENANCE,"PATINO, ARNULFO", 3240 CAROTHERS ST&7200 CULMORE DR&7000 SLOAN ST,"6, ZONE",534R,5554b,CLOSED,2020-04-16,01:56 PM
171499,Tree Trim,2020-04-16 02:07 PM,Tree Trim Inspection,TREEMAINTENANCE,"BLANCHETTE, PETER",4021  MILLS BRANCH ,"4, ZONE",297N,5771b,CLOSED,2020-04-16,02:07 PM
171500,Tree Removal,2020-04-16 02:19 PM,Tree Removal Inspection,TREEMAINTENANCE,"BLANCHETTE, PETER",9832 MARTIN LUTHER KING ,"6, ZONE",574E,5452b,CLOSED,2020-04-16,02:19 PM
171505,Tree Trim,2020-04-16 03:49 PM,Tree Trim Inspection,TREEMAINTENANCE,"PATINO, ARNULFO",10719 CRADDOCK DR,"2, ZONE",528Z,77099,CLOSED,2020-04-16,03:49 PM
171506,Tree Trim,2020-04-17 04:57 AM,Tree Trim Inspection,TREEMAINTENANCE,"UF - JONES, CODY",341 W 21ST ,"3, ZONE",452V,5359c,CLOSED,2020-04-17,04:57 AM
171509,Tree Trim,2020-04-17 09:08 AM,Tree Trim Inspection,TREEMAINTENANCE,"UF - JONES, CODY",729  ASHLAND ,"3, ZONE",492D,5358a,CLOSED,2020-04-17,09:08 AM
171510,Tree Trim,2020-04-17 09:46 AM,Tree Trim Inspection,TREEMAINTENANCE,"BLANCHETTE, PETER", 141 FIDELITY ST,"5, ZONE",495Z,5656b,CLOSED,2020-04-17,09:46 AM
171511,Tree Trim,2020-04-17 09:47 AM,Tree Trim Inspection,TREEMAINTENANCE,"PATINO, ARNULFO",6218  MCKINSTRY ,"7, ZONE",571P,5151a,CLOSED,2020-04-17,09:47 AM
171512,Tree Trim,2020-04-17 09:49 AM,Tree Trim Inspection,TREEMAINTENANCE,"BLANCHETTE, PETER",324  MASSACHUSETTS ,"5, ZONE",495Z,5656b,CLOSED,2020-04-17,09:49 AM
171513,Tree Trim,2020-04-17 10:48 AM,Tree Trim Inspection,TREEMAINTENANCE,"PATINO, ARNULFO",5731 ARIEL ST,"7, ZONE",531N,77096,CLOSED,2020-04-17,10:48 AM
171515,Tree Removal,2020-04-17 11:28 AM,Tree Removal Inspection,TREEMAINTENANCE,"BLANCHETTE, PETER",3200  RUSSELL ,"4, ZONE",494B,5458b,CLOSED,2020-04-17,11:28 AM
171518,Tree Trim,2020-04-17 12:00 PM,Tree Trim Inspection,TREEMAINTENANCE,"PATINO, ARNULFO",2005 BRENTWOOD DR,"2, ZONE",492R,77019,CLOSED,2020-04-17,12:00 PM
171519,Tree Trim,2020-04-17 01:05 PM,Tree Trim Inspection,TREEMAINTENANCE,"PATINO, ARNULFO",11918 ALIEF PLACE DR,"2, ZONE",529A,77072,CLOSED,2020-04-17,01:05 PM
171520,Tree Trim,2020-04-17 01:33 PM,Tree Trim Inspection,TREEMAINTENANCE,"BLANCHETTE, PETER",3151  PLEASANT COVE ,"5, ZONE",578W,5951d,CLOSED,2020-04-17,01:33 PM
171521,Tree Trim,2020-04-17 01:56 PM,Tree Trim Inspection,TREEMAINTENANCE,"BLANCHETTE, PETER",3436  BLODGETT ,"6, ZONE",533D,5455a,CLOSED,2020-04-17,01:56 PM
171523,Tree Trim,2020-04-17 05:03 PM,Tree Trim Inspection,TREEMAINTENANCE,"UF - JONES, CODY",1902  GANYARD ,"3, ZONE",449V,4959c,CLOSED,2020-04-17,05:03 PM
171524,Tree Trim,2020-04-18 10:14 AM,Tree Trim Inspection,TREEMAINTENANCE,"BLANCHETTE, PETER",5427 S SHADY CREEK ,"5, ZONE",536S,5754c,CLOSED,2020-04-18,10:14 AM
171525,Tree Removal,2020-04-18 04:05 PM,Tree Removal Inspection,TREEMAINTENANCE,"BLANCHETTE, PETER",3503  KILKENNY ,"6, ZONE",573Q,5451a,CLOSED,2020-04-18,04:05 PM
171526,Tree Trim,2020-04-19 12:10 AM,Tree Trim Inspection,TREEMAINTENANCE,"PATINO, ARNULFO",4000 HUTCHINS ST,"6, ZONE",493Y,77004,CLOSED,2020-04-19,12:10 AM
171527,Tree Trim,2020-04-19 08:49 AM,Tree Trim Inspection,TREEMAINTENANCE,"BLANCHETTE, PETER",2823  HOHL ,"4, ZONE",454E,5461d,CLOSED,2020-04-19,08:49 AM
171528,Tree Trim,2020-04-19 11:45 AM,Tree Trim Inspection,TREEMAINTENANCE,"UF - JONES, CODY",7302  VINSON ,"3, ZONE",412W,5261a,CLOSED,2020-04-19,11:45 AM
171529,Tree Trim,2020-04-19 01:19 PM,Tree Trim Inspection,TREEMAINTENANCE,"UF - JONES, CODY", 788 DEWALT ST&8340 VETERANS MEMORIAL DR,"3, ZONE",412Q,5262b,CLOSED,2020-04-19,01:19 PM
171530,Tree Removal,2020-04-19 02:01 PM,Tree Removal Inspection,TREEMAINTENANCE,"UF - JONES, CODY",6302  LAUTREC ,"3, ZONE",411S,5162c,CLOSED,2020-04-19,02:01 PM
171531,Tree Removal,2020-04-19 02:09 PM,Tree Removal Inspection,TREEMAINTENANCE,"PATINO, ARNULFO",11219 PECAN CREEK DR,"3, ZONE",449X,77043,CLOSED,2020-04-19,02:09 PM
171533,Tree Trim,2020-04-20 08:10 AM,Tree Trim Inspection,TREEMAINTENANCE,"PATINO, ARNULFO", 4500 CAROLINE ST&1300 ROSEWOOD ST,"7, ZONE",493X,5356d,CLOSED,2020-04-20,08:10 AM
171534,Tree Trim,2020-04-20 08:24 AM,Tree Trim Inspection,TREEMAINTENANCE,"PATINO, ARNULFO",4100 CAROLINE ST,"2, ZONE",493X,77004,CLOSED,2020-04-20,08:24 AM
171535,Tree Trim,2020-04-20 09:23 AM,Tree Trim Inspection,TREEMAINTENANCE,"PATINO, ARNULFO",6652 KIRBY DR,"7, ZONE",532G,77005,CLOSED,2020-04-20,09:23 AM
171536,Tree Trim,2020-04-20 09:26 AM,Tree Trim Inspection,TREEMAINTENANCE,"PATINO, ARNULFO", 5476 W BELLFORT AVE&11300 BURDINE ST,"7, ZONE",571B,5153c,CLOSED,2020-04-20,09:26 AM
171537,Tree Trim,2020-04-20 09:35 AM,Tree Trim Inspection,TREEMAINTENANCE,"PATINO, ARNULFO",1129 W GRAY ST,"2, ZONE",493N,77006,CLOSED,2020-04-20,09:35 AM
171543,Tree Removal,2020-04-20 11:47 AM,Tree Removal Inspection,TREEMAINTENANCE,"BLANCHETTE, PETER",11915  AGGIE ,"4, ZONE",413T,5362d,CLOSED,2020-04-20,11:47 AM
171544,Tree Trim,2020-04-20 12:07 PM,Tree Trim Inspection,TREEMAINTENANCE,"BLANCHETTE, PETER",234  HAHLO ,"4, ZONE",494D,5558a,CLOSED,2020-04-20,12:07 PM
171546,Tree Trim,2020-04-20 12:23 PM,Tree Trim Inspection,TREEMAINTENANCE,"UF - POLOVTSEV, SERA",7325  AVENUE L ,"5, ZONE",495S,5556b,CLOSED,2020-04-20,12:23 PM
171548,Tree Removal,2020-04-20 01:24 PM,Tree Removal Inspection,TREEMAINTENANCE,"PATINO, ARNULFO",1624 SUL ROSS ST,"2, ZONE",492V,77006,CLOSED,2020-04-20,01:24 PM
171549,Tree Trim,2020-04-20 02:23 PM,Tree Trim Inspection,TREEMAINTENANCE,"BLANCHETTE, PETER",5002  WILEY ,"4, ZONE",414Y,5561a,CLOSED,2020-04-20,02:23 PM
171550,Tree Removal,2020-04-20 02:38 PM,Tree Removal Inspection,TREEMAINTENANCE,"UF - JONES, CODY",306 S 78TH ,"5, ZONE",495W,5656c,CLOSED,2020-04-20,02:38 PM
171551,Tree Removal,2020-04-20 04:07 PM,Tree Removal Inspection,TREEMAINTENANCE,"BLANCHETTE, PETER",2823  DEER HOLLOW ,"4, ZONE",297Y,5870c,CLOSED,2020-04-20,04:07 PM
171552,Tree Removal,2020-04-20 04:18 PM,Tree Removal Inspection,TREEMAINTENANCE,"PATINO, ARNULFO",6339  BRIAR TERRACE ,"2, ZONE",529G,4955c,CLOSED,2020-04-20,04:18 PM
171553,Tree Trim,2020-04-20 04:46 PM,Tree Trim Inspection,TREEMAINTENANCE,"UF - POLOVTSEV, SERA",4726  WOODSIDE ,"5, ZONE",494T,5456b,CLOSED,2020-04-20,04:46 PM
171554,Tree Trim,2020-04-20 05:24 PM,Tree Trim Inspection,TREEMAINTENANCE,"PATINO, ARNULFO",12330 CHESSINGTON DR,"7, ZONE",570E,77031,CLOSED,2020-04-20,05:24 PM
171555,Tree Trim,2020-04-20 06:38 PM,Tree Trim Inspection,TREEMAINTENANCE,"PATINO, ARNULFO",10119  PEBBLE PARK ,"2, ZONE",529R,4954d,CLOSED,2020-04-20,06:38 PM
171556,Tree Trim,2020-04-21 02:32 AM,Tree Trim Inspection,TREEMAINTENANCE,"PATINO, ARNULFO",3775 CHILDRESS ST,"7, ZONE",492W,77005,CLOSED,2020-04-21,02:32 AM
171557,Tree Removal,2020-04-21 04:40 AM,Tree Removal Inspection,TREEMAINTENANCE,"UF - JONES, CODY",9920  PORTO RICO ,"3, ZONE",450A,4961d,CLOSED,2020-04-21,04:40 AM
171558,Tree Removal,2020-04-21 04:42 AM,Tree Removal Inspection,TREEMAINTENANCE,"UF - JONES, CODY", 4600 CAMPBELL RD&9600 CASA LOMA DR,"3, ZONE",450F,5060a,CLOSED,2020-04-21,04:42 AM
171561,Tree Trim,2020-04-21 09:14 AM,Tree Trim Inspection,TREEMAINTENANCE,"PATINO, ARNULFO",2000 N MACGREGOR WAY,"7, ZONE",533E,77030,CLOSED,2020-04-21,09:14 AM
171562,Tree Removal,2020-04-21 10:00 AM,Tree Removal Inspection,TREEMAINTENANCE,"PATINO, ARNULFO",5635 CARTAGENA ST,"7, ZONE",571A,77035,CLOSED,2020-04-21,10:00 AM
171563,Tree Trim,2020-04-21 10:58 AM,Tree Trim Inspection,TREEMAINTENANCE,"PATINO, ARNULFO",5042 GRAPE ST,"7, ZONE",531Q,77096,CLOSED,2020-04-21,10:58 AM
171565,Tree Trim,2020-04-21 11:39 AM,Tree Trim Inspection,TREEMAINTENANCE,"PATINO, ARNULFO",11126 SOMERFORD DR,"2, ZONE",529B,77072,CLOSED,2020-04-21,11:39 AM
171566,Tree Trim,2020-04-21 11:58 AM,Tree Trim Inspection,TREEMAINTENANCE,"PATINO, ARNULFO", 13300 INDIAN CREEK RD&300 N WILCREST DR,"2, ZONE",489F,4857b,CLOSED,2020-04-21,11:58 AM
171567,Tree Trim,2020-04-21 12:04 PM,Tree Trim Inspection,TREEMAINTENANCE,"PATINO, ARNULFO",3636 SAN JACINTO ST,"2, ZONE",493T,77004,CLOSED,2020-04-21,12:04 PM
171568,Tree Trim,2020-04-21 01:21 PM,Tree Trim Inspection,TREEMAINTENANCE,"PATINO, ARNULFO",1709 BINGHAM ST,"2, ZONE",493F,77007,CLOSED,2020-04-21,01:21 PM
171569,Tree Trim,2020-04-21 01:24 PM,Tree Trim Inspection,TREEMAINTENANCE,"UF - POLOVTSEV, SERA",4445  WALKER ,"5, ZONE",494T,5456b,CLOSED,2020-04-21,01:24 PM
171572,Tree Removal,2020-04-21 02:05 PM,Tree Removal Inspection,TREEMAINTENANCE,"PATINO, ARNULFO",9318 NEFF ST,"2, ZONE",529H,77036,CLOSED,2020-04-21,02:05 PM
171573,Tree Trim,2020-04-21 03:08 PM,Tree Trim Inspection,TREEMAINTENANCE,"BLANCHETTE, PETER",4025  DOVER ,"6, ZONE",535T,5654c,CLOSED,2020-04-21,03:08 PM
171574,Tree Trim,2020-04-21 05:28 PM,Tree Trim Inspection,TREEMAINTENANCE,"UF - JONES, CODY", 100 E 13TH ST&100 W 13TH ST&1300 HEIGHTS BLVD,"3, ZONE",453W,5359c,CLOSED,2020-04-21,05:28 PM
171575,Tree Trim,2020-04-21 07:02 PM,Tree Trim Inspection,TREEMAINTENANCE,"UF - JONES, CODY", 5310 BOLIVIA BLVD&5100 GOLDEN FOREST DR,"3, ZONE",451G,5161d,CLOSED,2020-04-21,07:02 PM
171583,Tree Trim,2020-04-22 08:00 AM,Tree Trim Inspection,TREEMAINTENANCE,"UF - JONES, CODY", 6900 EASTER ST&2400 W LITTLE YORK RD,"3, ZONE",412W,5161b,CLOSED,2020-04-22,08:00 AM
171584,Tree Trim,2020-04-22 09:25 AM,Tree Trim Inspection,TREEMAINTENANCE,"UF - JONES, CODY",4815  HOFFMAN ,"4, ZONE",454U,5559a,CLOSED,2020-04-22,09:25 AM
171585,Tree Removal,2020-04-22 09:28 AM,Tree Removal Inspection,TREEMAINTENANCE,"PATINO, ARNULFO",10139  TORRINGTON ,"6, ZONE",576P,5751a,CLOSED,2020-04-22,09:28 AM
171586,Tree Trim,2020-04-22 09:48 AM,Tree Trim Inspection,TREEMAINTENANCE,"PATINO, ARNULFO",730  TRADEMARK ,"2, ZONE",488E,4757a,CLOSED,2020-04-22,09:48 AM
171587,Tree Removal,2020-04-22 10:43 AM,Tree Removal Inspection,TREEMAINTENANCE,"UF - JONES, CODY",4450  TAMPICO ,"4, ZONE",454L,5560a,CLOSED,2020-04-22,10:43 AM
171589,Tree Trim,2020-04-22 11:07 AM,Tree Trim Inspection,TREEMAINTENANCE,"PATINO, ARNULFO",8843  SHARPVIEW ,"2, ZONE",530J,4954b,CLOSED,2020-04-22,11:07 AM
171590,Tree Removal,2020-04-22 11:13 AM,Tree Removal Inspection,TREEMAINTENANCE,"PATINO, ARNULFO",6600 HARBOR TOWN DR,"2, ZONE",530F,77036,CLOSED,2020-04-22,11:13 AM
171592,Tree Code Violation,2020-04-22 11:47 AM,Tree Code Violation Inspection,TREEPROTECTION,"UF - JONES, CODY",610  NORTHWOOD ,"3, ZONE",453X,5359d,CLOSED,2020-04-22,11:47 AM
171594,Tree Trim,2020-04-22 01:00 PM,Tree Trim Inspection,TREEMAINTENANCE,"UF - JONES, CODY",5700  COLLINGSWORTH ,"4, ZONE",454Y,5559c,CLOSED,2020-04-22,01:00 PM
171595,Tree Removal,2020-04-22 01:08 PM,Tree Removal Inspection,TREEMAINTENANCE,"BLANCHETTE, PETER",2119  ST EMANUEL ,"6, ZONE",493U,5456a,CLOSED,2020-04-22,01:08 PM
171596,Tree Trim,2020-04-22 01:34 PM,Tree Trim Inspection,TREEMAINTENANCE,"PATINO, ARNULFO",9640 S WILCREST ,"2, ZONE",529U,4953a,CLOSED,2020-04-22,01:34 PM
171598,Tree Removal,2020-04-22 03:03 PM,Tree Removal Inspection,TREEMAINTENANCE,"UF - JONES, CODY", 2800 VEGA ST&8750 VENUS ST,"3, ZONE",411R,5162b,CLOSED,2020-04-22,03:03 PM
171599,Tree Trim,2020-04-22 03:26 PM,Tree Trim Inspection,TREEMAINTENANCE,"PATINO, ARNULFO",4400 CRAWFORD ST,"7, ZONE",493X,77004,CLOSED,2020-04-22,03:26 PM
171600,Tree Trim,2020-04-22 03:55 PM,Tree Trim Inspection,TREEMAINTENANCE,"PATINO, ARNULFO",9510 S GESSNER RD,"7, ZONE",530T,77074,CLOSED,2020-04-22,03:55 PM
171601,Tree Trim,2020-04-22 04:32 PM,Tree Trim Inspection,TREEMAINTENANCE,"BLANCHETTE, PETER",718  SAINT CHARLES ,"5, ZONE",493R,5457c,CLOSED,2020-04-22,04:32 PM
171602,Tree Trim,2020-04-22 04:42 PM,Tree Trim Inspection,TREEMAINTENANCE,"UF - JONES, CODY",1119  MANSFIELD ,"3, ZONE",452B,5261c,CLOSED,2020-04-22,04:42 PM
171603,Tree Trim,2020-04-22 04:42 PM,Tree Trim Inspection,TREEMAINTENANCE,"UF - JONES, CODY",607  JEWETT ,"3, ZONE",453Y,5359d,CLOSED,2020-04-22,04:42 PM
171604,Tree Trim,2020-04-22 07:25 PM,Tree Trim Inspection,TREEMAINTENANCE,"UF - JONES, CODY",2118  HARLAND ,"3, ZONE",451P,5159a,CLOSED,2020-04-22,07:25 PM
171606,Tree Trim,2020-04-23 07:56 AM,Tree Trim Inspection,TREEMAINTENANCE,"UF - JONES, CODY", 1300 FAIRBANKS ST&5600 GANO ST,"4, ZONE",453V,5459a,CLOSED,2020-04-23,07:56 AM
171609,Tree Removal,2020-04-23 09:08 AM,Tree Removal Inspection,TREEMAINTENANCE,"BLANCHETTE, PETER",7350  THUROW ,"6, ZONE",535N,5554b,CLOSED,2020-04-23,09:08 AM
171611,Tree Removal,2020-04-23 09:25 AM,Tree Removal Inspection,TREEMAINTENANCE,"UF - JONES, CODY",908  FIRNAT ,"4, ZONE",453G,5461c,CLOSED,2020-04-23,09:25 AM
171612,Tree Removal,2020-04-23 09:25 AM,Tree Removal Inspection,TREEMAINTENANCE,"PATINO, ARNULFO",4918 RIDGEWEST ST,"7, ZONE",611D,77053,CLOSED,2020-04-23,09:25 AM
171613,Tree Code Violation,2020-04-23 09:55 AM,Tree Code Violation Inspection,TREEPROTECTION,"BLANCHETTE, PETER",1711  TURNING BASIN ,"5, ZONE",495Q,5657c,CLOSED,2020-04-23,09:55 AM
171615,Tree Trim,2020-04-23 10:46 AM,Tree Trim Inspection,TREEMAINTENANCE,"UF - JONES, CODY",542  OXFORD ,"3, ZONE",493A,5358c,CLOSED,2020-04-23,10:46 AM
171616,Tree Removal,2020-04-23 10:56 AM,Tree Removal Inspection,TREEMAINTENANCE,"UF - JONES, CODY",7032  ANTOINE ,"3, ZONE",411Y,5161a,CLOSED,2020-04-23,10:56 AM
171617,Tree Trim,2020-04-23 11:41 AM,Tree Trim Inspection,TREEMAINTENANCE,"UF - JONES, CODY",3414  RUSSELL ,"4, ZONE",454X,5459d,CLOSED,2020-04-23,11:41 AM
171618,Tree Removal,2020-04-23 11:58 AM,Tree Removal Inspection,TREEMAINTENANCE,"PATINO, ARNULFO",10910  VANDERFORD ,"2, ZONE",569B,4952a,CLOSED,2020-04-23,11:58 AM
171619,Tree Trim,2020-04-23 12:07 PM,Tree Trim Inspection,TREEMAINTENANCE,"PATINO, ARNULFO",3400  MORNINGSIDE ,"2, ZONE",492U,5256b,CLOSED,2020-04-23,12:07 PM
171621,Tree Removal,2020-04-23 01:20 PM,Tree Removal Inspection,TREEMAINTENANCE,"UF - JONES, CODY",3602  REAGAN ,"3, ZONE",493B,5358b,CLOSED,2020-04-23,01:20 PM
171623,Tree Trim,2020-04-23 01:38 PM,Tree Trim Inspection,TREEMAINTENANCE,"PATINO, ARNULFO", 2100 ALABAMA ST&3700 ST EMANUEL ST,"6, ZONE",493Y,5356d,CLOSED,2020-04-23,01:38 PM
171624,Tree Trim,2020-04-23 02:56 PM,Tree Trim Inspection,TREEMAINTENANCE,"UF - JONES, CODY", 1900 BENSON ST&4100 RAWLEY ST,"4, ZONE",494F,5458d,CLOSED,2020-04-23,02:56 PM
171625,Tree Trim,2020-04-23 02:57 PM,Tree Trim Inspection,TREEMAINTENANCE,"UF - JONES, CODY", 1900 BENSON ST&4100 RAWLEY ST,"4, ZONE",494F,5458d,CLOSED,2020-04-23,02:57 PM
171626,Tree Trim,2020-04-23 03:03 PM,Tree Trim Inspection,TREEMAINTENANCE,"UF - JONES, CODY", 4500 OXFORD ST&600 E WHITNEY ST,"3, ZONE",453J,5360a,CLOSED,2020-04-23,03:03 PM
171627,Tree Trim,2020-04-23 03:42 PM,Tree Trim Inspection,TREEMAINTENANCE,"PATINO, ARNULFO",1411  WINROCK ,"2, ZONE",491N,5057d,CLOSED,2020-04-23,03:42 PM
171629,Tree Trim,2020-04-23 05:02 PM,Tree Trim Inspection,TREEMAINTENANCE,"BLANCHETTE, PETER",10803  SAGEVALE ,"6, ZONE",616B,5750a,CLOSED,2020-04-23,05:02 PM
171631,Tree Removal,2020-04-23 05:58 PM,Tree Removal Inspection,TREEMAINTENANCE,"PATINO, ARNULFO",9422 HIGHMEADOW DR,"2, ZONE",490T,77063,CLOSED,2020-04-23,05:58 PM
171632,Tree Trim,2020-04-23 06:08 PM,Tree Trim Inspection,TREEMAINTENANCE,"UF - JONES, CODY",4902  LYONS ,"4, ZONE",494G,5558c,CLOSED,2020-04-23,06:08 PM
171633,Tree Removal,2020-04-24 04:45 AM,Tree Removal Inspection,TREEMAINTENANCE,"PATINO, ARNULFO",4001 C C LANARK ,"7, ZONE",532J,5255c,CLOSED,2020-04-24,04:45 AM
171636,Tree Removal,2020-04-24 08:43 AM,Tree Removal Inspection,TREEMAINTENANCE,"UF - JONES, CODY", 3000 N DURHAM DR&3200 N SHEPHERD DR,"3, ZONE",452R,5259b,CLOSED,2020-04-24,08:43 AM
171637,Tree Removal,2020-04-24 08:47 AM,Tree Removal Inspection,TREEMAINTENANCE,"BLANCHETTE, PETER",3702  GULF ,"5, ZONE",535P,5654a,CLOSED,2020-04-24,08:47 AM
171638,Tree Trim,2020-04-24 09:18 AM,Tree Trim Inspection,TREEMAINTENANCE,"UF - JONES, CODY",904 W DREW ,"2, ZONE",493N,5357c,CLOSED,2020-04-24,09:18 AM
171642,Tree Trim,2020-04-24 10:44 AM,Tree Trim Inspection,TREEMAINTENANCE,"PATINO, ARNULFO",2400 HOLLY HALL ST,"7, ZONE",533N,77054,CLOSED,2020-04-24,10:44 AM
171643,Tree Trim,2020-04-24 11:07 AM,Tree Trim Inspection,TREEMAINTENANCE,"PATINO, ARNULFO",2400  HOLLY HALL ,"7, ZONE",533N,5354c,CLOSED,2020-04-24,11:07 AM
171644,Tree Trim,2020-04-24 12:13 PM,Tree Trim Inspection,TREEMAINTENANCE,"UF - POLOVTSEV, SERA",215 HOFFMAN ST,"4, ZONE",494C,77020,CLOSED,2020-04-24,12:13 PM
171645,Tree Trim,2020-04-24 12:34 PM,Tree Trim Inspection,TREEMAINTENANCE,"PATINO, ARNULFO",4533 ,"7, ZONE",571D,5253c,CLOSED,2020-04-24,12:34 PM
171646,Tree Trim,2020-04-24 01:04 PM,Tree Trim Inspection,TREEMAINTENANCE,"PATINO, ARNULFO",6445 SOUTHWEST FWY,"7, ZONE",531A,77081,CLOSED,2020-04-24,01:04 PM
171647,Tree Removal,2020-04-24 01:20 PM,Tree Removal Inspection,TREEMAINTENANCE,"UF - JONES, CODY",208 S 79TH ,"5, ZONE",495X,5656c,CLOSED,2020-04-24,01:20 PM
171648,Tree Trim,2020-04-24 02:29 PM,Tree Trim Inspection,TREEMAINTENANCE,"UF - BURKES, JEREMY",2802  VEGA ,"3, ZONE",411R,5162b,CLOSED,2020-04-24,02:29 PM
171650,Tree Removal,2020-04-24 02:46 PM,Tree Removal Inspection,TREEMAINTENANCE,"BLANCHETTE, PETER",1114  WOOLWORTH ,"5, ZONE",494M,5558c,CLOSED,2020-04-24,02:46 PM
171652,Tree Trim,2020-04-24 03:15 PM,Tree Trim Inspection,TREEMAINTENANCE,"PATINO, ARNULFO",327  PARLIAMENT ,"5, ZONE",576G,5752b,CLOSED,2020-04-24,03:15 PM
171653,Tree Trim,2020-04-24 04:42 PM,Tree Trim Inspection,TREEMAINTENANCE,"UF - JONES, CODY",5419  DUNSMERE ,"3, ZONE",452C,5261d,CLOSED,2020-04-24,04:42 PM
171654,Tree Removal,2020-04-25 07:47 AM,Tree Removal Inspection,TREEMAINTENANCE,"PATINO, ARNULFO",7265  CAYTON ,"6, ZONE",574D,5553d,CLOSED,2020-04-25,07:47 AM
171655,Tree Trim,2020-04-25 08:44 AM,Tree Trim Inspection,TREEMAINTENANCE,"PATINO, ARNULFO",7320 CULLEN BLVD,"6, ZONE",533R,77051,CLOSED,2020-04-25,08:44 AM
171656,Tree Trim,2020-04-25 05:21 PM,Tree Trim Inspection,TREEMAINTENANCE,"UF - POLOVTSEV, SERA",7901  BURMAN ,"5, ZONE",495J,5557b,CLOSED,2020-04-25,05:21 PM
171657,Tree Trim,2020-04-25 09:45 PM,Tree Trim Inspection,TREEMAINTENANCE,"UF - JONES, CODY", 1000 T C JESTER BLVD&1100 TIMBERGROVE LN,"3, ZONE",452Y,5258b,CLOSED,2020-04-25,09:45 PM
171658,Tree Trim,2020-04-27 06:29 AM,Tree Trim Inspection,TREEMAINTENANCE,"UF - JONES, CODY",1001  STUDEWOOD ,"3, ZONE",493A,5358b,CLOSED,2020-04-27,06:29 AM
171659,Tree Trim,2020-04-27 06:55 AM,Tree Trim Inspection,TREEMAINTENANCE,"UF - JONES, CODY",932 W 20TH ,"3, ZONE",452U,5259d,CLOSED,2020-04-27,06:55 AM
171668,Tree Trim,2020-04-27 10:30 AM,Tree Trim Inspection,TREEMAINTENANCE,"UF - JONES, CODY", 1000 FERGUSON WAY&1000 NORTH LN,"3, ZONE",412P,5262b,CLOSED,2020-04-27,10:30 AM
171669,Tree Trim,2020-04-27 11:24 AM,Tree Trim Inspection,TREEMAINTENANCE,"PATINO, ARNULFO",5014  REDBUD ,"6, ZONE",533V,5453b,CLOSED,2020-04-27,11:24 AM
171671,Tree Trim,2020-04-27 11:48 AM,Tree Trim Inspection,TREEMAINTENANCE,"PATINO, ARNULFO",1806  DECATUR ,"2, ZONE",493K,5357b,CLOSED,2020-04-27,11:48 AM
171672,Tree Stump Grinding,2020-04-27 11:49 AM,Tree Stump Inspection,TREEMAINTENANCE,"UF - BURKES, JEREMY",428  OXFORD ,"3, ZONE",493E,5358c,CLOSED,2020-04-27,11:49 AM
171673,Tree Removal,2020-04-27 12:00 PM,Tree Removal Inspection,TREEMAINTENANCE,"UF - JONES, CODY",428  OXFORD ,"3, ZONE",493E,5358c,CLOSED,2020-04-27,12:00 PM
171675,Tree Trim,2020-04-27 01:01 PM,Tree Trim Inspection,TREEMAINTENANCE,"UF - JONES, CODY",1435  HERKIMER ,"3, ZONE",452Z,5359c,CLOSED,2020-04-27,01:01 PM
171676,Tree Trim,2020-04-27 01:03 PM,Tree Trim Inspection,TREEMAINTENANCE,"PATINO, ARNULFO", 3200 HILLCROFT AVE&7500 RICHMOND AVE,"2, ZONE",490Z,5056d,CLOSED,2020-04-27,01:03 PM
171677,Tree Trim,2020-04-27 01:21 PM,Tree Trim Inspection,TREEMAINTENANCE,"PATINO, ARNULFO",5811 HEATHERBROOK DR,"7, ZONE",571Q,77085,CLOSED,2020-04-27,01:21 PM
171678,Tree Trim,2020-04-27 01:56 PM,Tree Trim Inspection,TREEMAINTENANCE,"BLANCHETTE, PETER",721  ST CHARLES ,"5, ZONE",493R,5457c,CLOSED,2020-04-27,01:56 PM
171680,Tree Trim,2020-04-27 02:09 PM,Tree Trim Inspection,TREEMAINTENANCE,"UF - JONES, CODY",6414  BEAU GESTE ,"3, ZONE",411S,5062d,CLOSED,2020-04-27,02:09 PM
171685,Tree Removal,2020-04-27 03:53 PM,Tree Removal Inspection,TREEMAINTENANCE,"UF - JONES, CODY",409  BYRNE ,"3, ZONE",493B,5358b,CLOSED,2020-04-27,03:53 PM
171687,Tree Trim,2020-04-27 05:13 PM,Tree Trim Inspection,TREEMAINTENANCE,"PATINO, ARNULFO",11627  KIRKVALLEY ,"6, ZONE",576X,5751d,CLOSED,2020-04-27,05:13 PM
171688,Tree Removal,2020-04-27 07:09 PM,Tree Removal Inspection,TREEMAINTENANCE,"PATINO, ARNULFO",436 WESTMORELAND ST,"2, ZONE",493T,77006,CLOSED,2020-04-27,07:09 PM
171689,Tree Trim,2020-04-27 08:38 PM,Tree Trim Inspection,TREEMAINTENANCE,"UF - POLOVTSEV, SERA",7814  BALTIMORE ,"5, ZONE",495W,5656c,CLOSED,2020-04-27,08:38 PM
171690,Tree Code Violation,2020-04-27 09:05 PM,Tree Code Violation Inspection,TREEPROTECTION,"PATINO, ARNULFO",1910  VERMONT ,"2, ZONE",492R,5357c,CLOSED,2020-04-27,09:05 PM
171691,Tree Removal,2020-04-28 05:00 AM,Tree Removal Inspection,TREEMAINTENANCE,"BLANCHETTE, PETER",6000  MILART ,"6, ZONE",534J,5454b,CLOSED,2020-04-28,05:00 AM
171694,Tree Trim,2020-04-28 09:14 AM,Tree Trim Inspection,TREEMAINTENANCE,"PATINO, ARNULFO",5200 W BELLFORT AVE,"7, ZONE",531X,77096,CLOSED,2020-04-28,09:14 AM
171695,Tree Trim,2020-04-28 09:29 AM,Tree Trim Inspection,TREEMAINTENANCE,"UF - JONES, CODY",795 W LITTLE YORK ,"3, ZONE",412U,5262d,CLOSED,2020-04-28,09:29 AM
171696,Tree Trim,2020-04-28 10:07 AM,Tree Trim Inspection,TREEMAINTENANCE,"PATINO, ARNULFO",12631 WESTELLA DR,"2, ZONE",488R,77077,CLOSED,2020-04-28,10:07 AM
171697,Tree Trim,2020-04-28 11:47 AM,Tree Trim Inspection,TREEMAINTENANCE,"BLANCHETTE, PETER",9329  CATHEDRAL ,"6, ZONE",573B,5353d,CLOSED,2020-04-28,11:47 AM
171698,Tree Removal,2020-04-28 11:50 AM,Tree Removal Inspection,TREEMAINTENANCE,"BLANCHETTE, PETER",143  DE BOLL ,"4, ZONE",453F,5361d,CLOSED,2020-04-28,11:50 AM
171699,Tree Trim,2020-04-28 12:00 PM,Tree Trim Inspection,TREEMAINTENANCE,"BLANCHETTE, PETER", 800 S 75TH ST&7100 LAWNDALE ST,"5, ZONE",535A,5555b,CLOSED,2020-04-28,12:00 PM
171701,Tree Trim,2020-04-28 02:35 PM,Tree Trim Inspection,TREEMAINTENANCE,"BLANCHETTE, PETER", 3700 PARKWOOD DR&5700 SWANK ST,"6, ZONE",533G,5455c,CLOSED,2020-04-28,02:35 PM
171702,Tree Trim,2020-04-28 02:51 PM,Tree Trim Inspection,TREEMAINTENANCE,"BLANCHETTE, PETER", 5900 DEL RIO ST&3300 PARKWOOD DR&3400 S PARKWOOD DR,"6, ZONE",533G,5455c,CLOSED,2020-04-28,02:51 PM
171704,Tree Trim,2020-04-28 04:58 PM,Tree Trim Inspection,TREEMAINTENANCE,"PATINO, ARNULFO",11310 MURR WAY,"6, ZONE",573H,77048,CLOSED,2020-04-28,04:58 PM
171705,Tree Trim,2020-04-28 09:11 PM,Tree Trim Inspection,TREEMAINTENANCE,"UF - JONES, CODY",224  COCKEREL ,"3, ZONE",452R,5360c,CLOSED,2020-04-28,09:11 PM
171706,Tree Removal,2020-04-29 05:46 AM,Tree Removal Inspection,TREEMAINTENANCE,"UF - JONES, CODY",8040  HOWTON ,"4, ZONE",455P,5660c,CLOSED,2020-04-29,05:46 AM
171707,Tree Trim,2020-04-29 06:54 AM,Tree Trim Inspection,TREEMAINTENANCE,"UF - JONES, CODY",3710  REAGAN ,"3, ZONE",453X,5358b,CLOSED,2020-04-29,06:54 AM
171708,Tree Removal,2020-04-29 06:58 AM,Tree Removal Inspection,TREEMAINTENANCE,"UF - JONES, CODY", 1500 ALAMO ST&2200 HOUSTON AVE,"2, ZONE",493G,5358d,CLOSED,2020-04-29,06:58 AM
171709,Tree Removal,2020-04-29 07:00 AM,Tree Removal Inspection,TREEMAINTENANCE,"PATINO, ARNULFO",5730 JASON ST,"7, ZONE",531N,77096,CLOSED,2020-04-29,07:00 AM
171711,Tree Removal,2020-04-29 07:41 AM,Tree Removal Inspection,TREEMAINTENANCE,"UF - JONES, CODY",945  PATTERSON ,"2, ZONE",492H,5357a,CLOSED,2020-04-29,07:41 AM
171712,Tree Removal,2020-04-29 08:03 AM,Tree Removal Inspection,TREEMAINTENANCE,"UF - JONES, CODY", 4000 CRANE ST&4000 SAYERS ST,"4, ZONE",454X,5459d,CLOSED,2020-04-29,08:03 AM
171715,Tree Removal,2020-04-29 08:59 AM,Tree Removal Inspection,TREEMAINTENANCE,"BLANCHETTE, PETER", 300 GREGG ST&3400 MELVA ST,"5, ZONE",494J,5457b,CLOSED,2020-04-29,08:59 AM
171716,Tree Removal,2020-04-29 09:06 AM,Tree Removal Inspection,TREEMAINTENANCE,"PATINO, ARNULFO",5443 WILLOWBEND BLVD,"7, ZONE",531X,77096,CLOSED,2020-04-29,09:06 AM
171717,Tree Removal,2020-04-29 09:24 AM,Tree Removal Inspection,TREEMAINTENANCE,"BLANCHETTE, PETER",4509  COKE ,"5, ZONE",494K,5558c,CLOSED,2020-04-29,09:24 AM
171719,Tree Removal,2020-04-29 09:40 AM,Tree Removal Inspection,TREEMAINTENANCE,"UF - JONES, CODY",9920  PORTO RICO ,"3, ZONE",450A,4961d,CLOSED,2020-04-29,09:40 AM
171720,Tree Removal,2020-04-29 09:53 AM,Tree Removal Inspection,TREEMAINTENANCE,"BLANCHETTE, PETER",4323  PEASE ,"5, ZONE",494W,5456b,CLOSED,2020-04-29,09:53 AM
171721,Tree Trim,2020-04-29 09:58 AM,Tree Trim Inspection,TREEMAINTENANCE,"PATINO, ARNULFO", 11500 BRAESRIDGE DR&7600 HOPEWELL LN,"7, ZONE",570C,5052b,CLOSED,2020-04-29,09:58 AM
171722,Tree Removal,2020-04-29 10:03 AM,Tree Removal Inspection,TREEMAINTENANCE,"BLANCHETTE, PETER",6836  AVENUE S ,"5, ZONE",494R,5557d,CLOSED,2020-04-29,10:03 AM
171723,Tree Removal,2020-04-29 10:03 AM,Tree Removal Inspection,TREEMAINTENANCE,"PATINO, ARNULFO",6800 BISSONNET ST,"7, ZONE",530R,77074,CLOSED,2020-04-29,10:03 AM
171725,Tree Removal,2020-04-29 10:12 AM,Tree Removal Inspection,TREEMAINTENANCE,"UF - JONES, CODY", 4000 RICHMOND AVE&3700 WESLAYAN ST,"2, ZONE",492W,5256c,CLOSED,2020-04-29,10:12 AM
171727,Tree Removal,2020-04-29 10:16 AM,Tree Removal Inspection,TREEMAINTENANCE,"BLANCHETTE, PETER",205  HAGERMAN ,"5, ZONE",494T,5457d,CLOSED,2020-04-29,10:16 AM
171728,Tree Trim,2020-04-29 10:19 AM,Tree Trim Inspection,TREEMAINTENANCE,"BLANCHETTE, PETER",10502  CHESTERFIELD ,"6, ZONE",573F,5352b,CLOSED,2020-04-29,10:19 AM
171729,Tree Trim,2020-04-29 10:19 AM,Tree Trim Inspection,TREEMAINTENANCE,"BLANCHETTE, PETER", 5000 ENNIS ST&3000 ROSEDALE ST,"6, ZONE",533C,5455a,CLOSED,2020-04-29,10:19 AM
171730,Tree Removal,2020-04-29 10:26 AM,Tree Removal Inspection,TREEMAINTENANCE,"BLANCHETTE, PETER",10522  CHESTERFIELD ,"6, ZONE",573F,5352b,CLOSED,2020-04-29,10:26 AM
171731,Tree Removal,2020-04-29 10:29 AM,Tree Removal Inspection,TREEMAINTENANCE,"UF - JONES, CODY", 3500 WESLAYAN ST&4000 WHITMAN ST,"2, ZONE",492W,5256c,CLOSED,2020-04-29,10:29 AM
171732,Tree Trim,2020-04-29 10:43 AM,Tree Trim Inspection,TREEMAINTENANCE,"PATINO, ARNULFO",1000  COUNTRY PLACE ,"2, ZONE",488D,4858c,CLOSED,2020-04-29,10:43 AM
171733,Tree Trim,2020-04-29 10:53 AM,Tree Trim Inspection,TREEMAINTENANCE,"BLANCHETTE, PETER",8602  SHADY VISTA ,"4, ZONE",455G,5661c,CLOSED,2020-04-29,10:53 AM
171734,Tree Removal,2020-04-29 10:56 AM,Tree Removal Inspection,TREEMAINTENANCE,"BLANCHETTE, PETER",5501  MALMEDY ,"6, ZONE",534N,5454b,CLOSED,2020-04-29,10:56 AM
171736,Tree Removal,2020-04-29 11:12 AM,Tree Removal Inspection,TREEMAINTENANCE,"UF - JONES, CODY",516  SUL ROSS ,"2, ZONE",493S,5356b,CLOSED,2020-04-29,11:12 AM
171738,Tree Removal,2020-04-29 11:14 AM,Tree Removal Inspection,TREEMAINTENANCE,"BLANCHETTE, PETER", 7427  LINDENCREST,"6, ZONE",575A,5653c,CLOSED,2020-04-29,11:14 AM
171739,Tree Trim,2020-04-29 11:27 AM,Tree Trim Inspection,TREEMAINTENANCE,"UF - JONES, CODY",5805  CENTRALCREST ,"3, ZONE",451P,5159a,CLOSED,2020-04-29,11:27 AM
171740,Tree Removal,2020-04-29 11:32 AM,Tree Removal Inspection,TREEMAINTENANCE,"PATINO, ARNULFO",7838 CANDLE LN,"7, ZONE",530Y,77071,CLOSED,2020-04-29,11:32 AM
171742,Tree Removal,2020-04-29 11:45 AM,Tree Removal Inspection,TREEMAINTENANCE,"BLANCHETTE, PETER",6026 S ACRES ,"6, ZONE",574F,5552a,CLOSED,2020-04-29,11:45 AM
171743,Tree Trim,2020-04-29 11:59 AM,Tree Trim Inspection,TREEMAINTENANCE,"UF - JONES, CODY",1309 B  NASHUA ,"3, ZONE",452Y,5259d,CLOSED,2020-04-29,11:59 AM
171745,Tree Removal,2020-04-29 12:07 PM,Tree Removal Inspection,TREEMAINTENANCE,"UF - JONES, CODY",6814  DONLEN ,"4, ZONE",453Q,5360d,CLOSED,2020-04-29,12:07 PM
171746,Tree Removal,2020-04-29 12:07 PM,Tree Removal Inspection,TREEMAINTENANCE,"PATINO, ARNULFO",8926 PECAN PLACE DR,"7, ZONE",570A,77071,CLOSED,2020-04-29,12:07 PM
171748,Tree Removal,2020-04-29 12:46 PM,Tree Removal Inspection,TREEMAINTENANCE,"BLANCHETTE, PETER",7519  KELLER ,"5, ZONE",535E,5655c,CLOSED,2020-04-29,12:46 PM
171749,Tree Removal,2020-04-29 12:54 PM,Tree Removal Inspection,TREEMAINTENANCE,"PATINO, ARNULFO",11718  BRAEWICK ,"7, ZONE",570D,5052b,CLOSED,2020-04-29,12:54 PM
171751,Tree Removal,2020-04-29 01:22 PM,Tree Removal Inspection,TREEMAINTENANCE,"BLANCHETTE, PETER",541 S 75TH ,"5, ZONE",535A,5556d,CLOSED,2020-04-29,01:22 PM
171752,Tree Removal,2020-04-29 01:36 PM,Tree Removal Inspection,TREEMAINTENANCE,"PATINO, ARNULFO",3607  PENWOOD ,"6, ZONE",534K,5555c,CLOSED,2020-04-29,01:36 PM
171753,Tree Removal,2020-04-29 01:37 PM,Tree Removal Inspection,TREEMAINTENANCE,"PATINO, ARNULFO",12909 VILLAGE GATE DR,"2, ZONE",488Y,77082,CLOSED,2020-04-29,01:37 PM
171754,Tree Planting,2020-04-29 01:39 PM,Tree Planting Inspection,TREEPROTECTION,"PATINO, ARNULFO",1612 WAUGH DR,"2, ZONE",492R,77019,CLOSED,2020-04-29,01:39 PM
171755,Tree Trim,2020-04-29 01:57 PM,Tree Trim Inspection,TREEMAINTENANCE,"UF - JONES, CODY",3218  AREBA ,"3, ZONE",411Z,5161b,CLOSED,2020-04-29,01:57 PM
171757,Tree Removal,2020-04-29 02:25 PM,Tree Removal Inspection,TREEMAINTENANCE,"BLANCHETTE, PETER",8619 CANDY ,"5, ZONE",495L,5658c,CLOSED,2020-04-29,02:25 PM
171758,Tree Removal,2020-04-29 02:27 PM,Tree Removal Inspection,TREEMAINTENANCE,"BLANCHETTE, PETER",5235  KEYSTONE ,"6, ZONE",534J,5454b,CLOSED,2020-04-29,02:27 PM
171759,Tree Trim,2020-04-29 02:30 PM,Tree Trim Inspection,TREEMAINTENANCE,"PATINO, ARNULFO",1103 MCDUFFIE ST,"2, ZONE",492R,77019,CLOSED,2020-04-29,02:30 PM
171760,Tree Removal,2020-04-29 02:36 PM,Tree Removal Inspection,TREEMAINTENANCE,"PATINO, ARNULFO",3100 DELANO ST,"6, ZONE",493Y,77004,CLOSED,2020-04-29,02:36 PM
171761,Tree Removal,2020-04-29 02:37 PM,Tree Removal Inspection,TREEMAINTENANCE,"BLANCHETTE, PETER",6605  TEXARKANA ,"4, ZONE",494D,5558b,CLOSED,2020-04-29,02:37 PM
171762,Tree Removal,2020-04-29 02:40 PM,Tree Removal Inspection,TREEMAINTENANCE,"UF - JONES, CODY",5214  ENGLEFORD ,"4, ZONE",454Y,5559c,CLOSED,2020-04-29,02:40 PM
171763,Tree Trim,2020-04-29 02:52 PM,Tree Trim Inspection,TREEMAINTENANCE,"BLANCHETTE, PETER", 7100 APACHE ST&7000 HOMESTEAD RD,"4, ZONE",454R,5560d,CLOSED,2020-04-29,02:52 PM
171764,Tree Removal,2020-04-29 03:57 PM,Tree Removal Inspection,TREEMAINTENANCE,"BLANCHETTE, PETER",6451  BROOKSIDE ,"5, ZONE",494Y,5556c,CLOSED,2020-04-29,03:57 PM
171765,Tree Trim,2020-04-29 04:45 PM,Tree Trim Inspection,TREEMAINTENANCE,"PATINO, ARNULFO",9721  CHATFIELD ,"7, ZONE",532T,5254d,CLOSED,2020-04-29,04:45 PM
171766,Tree Removal,2020-04-29 06:30 PM,Tree Removal Inspection,TREEMAINTENANCE,"UF - JONES, CODY",407 E 25TH ,"3, ZONE",453S,5359a,CLOSED,2020-04-29,06:30 PM
171767,Tree Trim,2020-04-29 07:04 PM,Tree Trim Inspection,TREEMAINTENANCE,"PATINO, ARNULFO",6403 RAMBLERIDGE DR,"7, ZONE",571X,77053,CLOSED,2020-04-29,07:04 PM
171768,Tree Removal,2020-04-30 03:32 AM,Tree Removal Inspection,TREEMAINTENANCE,"PATINO, ARNULFO",15711 MUNSON LN,"7, ZONE",571X,77053,CLOSED,2020-04-30,03:32 AM
171769,Tree Removal,2020-04-30 03:37 AM,Tree Removal Inspection,TREEMAINTENANCE,"PATINO, ARNULFO",5402 STURBRIDGE DR,"2, ZONE",491L,77056,CLOSED,2020-04-30,03:37 AM
171770,Tree Removal,2020-04-30 03:46 AM,Tree Removal Inspection,TREEMAINTENANCE,"BLANCHETTE, PETER",4514  SHERMAN ,"5, ZONE",494T,5457d,CLOSED,2020-04-30,03:46 AM
171771,Tree Removal,2020-04-30 03:46 AM,Tree Removal Inspection,TREEMAINTENANCE,"UF - JONES, CODY",HEIGHTS BLVD & W 12TH ST ,"3, ZONE",453S,77008,CLOSED,2020-04-30,03:46 AM
171774,Tree Removal,2020-04-30 07:24 AM,Tree Removal Inspection,TREEMAINTENANCE,"PATINO, ARNULFO",9850  PAGEWOOD ,"2, ZONE",490W,4955b,CLOSED,2020-04-30,07:24 AM
171776,Tree Removal,2020-04-30 07:27 AM,Tree Removal Inspection,TREEMAINTENANCE,"PATINO, ARNULFO",9850  PAGEWOOD ,"2, ZONE",490W,4955b,CLOSED,2020-04-30,07:27 AM
171780,Tree Trim,2020-04-30 08:39 AM,Tree Trim Inspection,TREEMAINTENANCE,"PATINO, ARNULFO", 8000 HILLCROFT AVE&5700 HOLLY ST,"7, ZONE",531J,5154a,CLOSED,2020-04-30,08:39 AM
171781,Tree Trim,2020-04-30 08:44 AM,Tree Trim Inspection,TREEMAINTENANCE,"PATINO, ARNULFO",10600 KINNEY RD,"2, ZONE",529Y,77099,CLOSED,2020-04-30,08:44 AM
171782,Tree Trim,2020-04-30 08:48 AM,Tree Trim Inspection,TREEMAINTENANCE,"PATINO, ARNULFO",5306 SPELLMAN RD,"7, ZONE",531X,77096,CLOSED,2020-04-30,08:48 AM
171783,Tree Removal,2020-04-30 09:01 AM,Tree Removal Inspection,TREEMAINTENANCE,"PATINO, ARNULFO",3511 DREW ST,"6, ZONE",493Z,77004,CLOSED,2020-04-30,09:01 AM
171784,Tree Removal,2020-04-30 09:06 AM,Tree Removal Inspection,TREEMAINTENANCE,"UF - JONES, CODY",1139  WYNNWOOD ,"3, ZONE",452Y,5259d,CLOSED,2020-04-30,09:06 AM
171785,Tree Trim,2020-04-30 09:11 AM,Tree Trim Inspection,TREEMAINTENANCE,"PATINO, ARNULFO",3600 BURLINGTON ST,"2, ZONE",493T,77006,CLOSED,2020-04-30,09:11 AM
171786,Tree Removal,2020-04-30 09:25 AM,Tree Removal Inspection,TREEMAINTENANCE,"BLANCHETTE, PETER",8430  COASTWAY ,"6, ZONE",575Y,5651d,CLOSED,2020-04-30,09:25 AM
171787,Tree Trim,2020-04-30 09:30 AM,Tree Trim Inspection,TREEMAINTENANCE,"PATINO, ARNULFO",12563 ASHFORD RIV,"2, ZONE",528M,77072,CLOSED,2020-04-30,09:30 AM
171788,Tree Removal,2020-04-30 09:37 AM,Tree Removal Inspection,TREEMAINTENANCE,"UF - JONES, CODY", 6400 SCHULER ST&6300 TAGGART ST,"2, ZONE",492F,5258d,CLOSED,2020-04-30,09:37 AM
171789,Tree Removal,2020-04-30 09:55 AM,Tree Removal Inspection,TREEMAINTENANCE,"PATINO, ARNULFO",7711 CHASEWAY DR,"7, ZONE",570V,77489,CLOSED,2020-04-30,09:55 AM
171790,Tree Trim,2020-04-30 10:13 AM,Tree Trim Inspection,TREEMAINTENANCE,"BLANCHETTE, PETER", 2600 CLAY ST&1400 LIVE OAK ST,"5, ZONE",493V,5457c,CLOSED,2020-04-30,10:13 AM
171791,Tree Trim,2020-04-30 10:32 AM,Tree Trim Inspection,TREEMAINTENANCE,"UF - JONES, CODY",1120  SILBER ,"3, ZONE",451Y,5158b,CLOSED,2020-04-30,10:32 AM
171792,Tree Trim,2020-04-30 10:55 AM,Tree Trim Inspection,TREEMAINTENANCE,"PATINO, ARNULFO",10306  CLIFFWOOD ,"7, ZONE",531V,5153b,CLOSED,2020-04-30,10:55 AM
171793,Tree Trim,2020-04-30 10:56 AM,Tree Trim Inspection,TREEMAINTENANCE,"BLANCHETTE, PETER", 14300 PROVIDENCE PINE TRL&14300 WINDSOR OAKS LN,"5, ZONE",618A,5950b,CLOSED,2020-04-30,10:56 AM
171794,Tree Removal,2020-04-30 11:08 AM,Tree Removal Inspection,TREEMAINTENANCE,"PATINO, ARNULFO",7500 TIPPS ST,"5, ZONE",535A,77023,CLOSED,2020-04-30,11:08 AM
171795,Tree Removal,2020-04-30 11:49 AM,Tree Removal Inspection,TREEMAINTENANCE,"PATINO, ARNULFO",5500 SHADOW CREST ST,"7, ZONE",531S,77096,CLOSED,2020-04-30,11:49 AM
171796,Tree Trim,2020-04-30 11:54 AM,Tree Trim Inspection,TREEMAINTENANCE,"UF - JONES, CODY",945  DOROTHY ,"3, ZONE",492D,5358a,CLOSED,2020-04-30,11:54 AM
171797,Tree Trim,2020-04-30 12:10 PM,Tree Trim Inspection,TREEMAINTENANCE,"UF - JONES, CODY",4416  STEFFANI ,"3, ZONE",450E,4960b,CLOSED,2020-04-30,12:10 PM
171798,Tree Removal,2020-04-30 01:06 PM,Tree Removal Inspection,TREEMAINTENANCE,"PATINO, ARNULFO",15139 JORDAN OAKS ST,"7, ZONE",571U,77053,CLOSED,2020-04-30,01:06 PM
171799,Tree Trim,2020-04-30 01:11 PM,Tree Trim Inspection,TREEMAINTENANCE,"UF - JONES, CODY", 10000 NEUENS RD&1820 WITTE RD,"3, ZONE",450S,4959d,CLOSED,2020-04-30,01:11 PM
171800,Tree Removal,2020-04-30 01:13 PM,Tree Removal Inspection,TREEMAINTENANCE,"UF - JONES, CODY",5002  AUTUMN FOREST ,"3, ZONE",451C,5161d,CLOSED,2020-04-30,01:13 PM
171801,Tree Removal,2020-04-30 01:23 PM,Tree Removal Inspection,TREEMAINTENANCE,"BLANCHETTE, PETER",7355  THUROW ,"6, ZONE",535J,5554b,CLOSED,2020-04-30,01:23 PM
171802,Tree Removal,2020-04-30 01:25 PM,Tree Removal Inspection,TREEMAINTENANCE,"PATINO, ARNULFO",1000 CLEBURNE ST,"2, ZONE",493T,77004,CLOSED,2020-04-30,01:25 PM
171803,Tree Trim,2020-04-30 01:56 PM,Tree Trim Inspection,TREEMAINTENANCE,"BLANCHETTE, PETER",4103  HERMITAGE HOLLOW ,"4, ZONE",296V,5770b,CLOSED,2020-04-30,01:56 PM
171805,Tree Trim,2020-04-30 02:04 PM,Tree Trim Inspection,TREEMAINTENANCE,"UF - JONES, CODY",6529  UTAH ,"3, ZONE",412X,5261b,CLOSED,2020-04-30,02:04 PM
171806,Tree Removal,2020-04-30 02:10 PM,Tree Removal Inspection,TREEMAINTENANCE,"BLANCHETTE, PETER",7509 S FINCH ,"4, ZONE",455J,5560b,CLOSED,2020-04-30,02:10 PM
171809,Tree Trim,2020-04-30 02:30 PM,Tree Trim Inspection,TREEMAINTENANCE,"UF - POLOVTSEV, SERA",7520  COOK ,"2, ZONE",528M,4854b,CLOSED,2020-04-30,02:30 PM
171811,Tree Trim,2020-04-30 02:49 PM,Tree Trim Inspection,TREEMAINTENANCE,"UF - JONES, CODY",402 E 18TH ,"3, ZONE",453S,5359c,CLOSED,2020-04-30,02:49 PM
171812,Tree Trim,2020-04-30 02:55 PM,Tree Trim Inspection,TREEMAINTENANCE,"BLANCHETTE, PETER",7517 N FINCH ,"4, ZONE",455J,5560b,CLOSED,2020-04-30,02:55 PM
171814,Tree Trim,2020-04-30 03:34 PM,Tree Trim Inspection,TREEMAINTENANCE,"BLANCHETTE, PETER",4003  CRANE ,"4, ZONE",454X,5459d,CLOSED,2020-04-30,03:34 PM
171815,Tree Removal,2020-04-30 03:38 PM,Tree Removal Inspection,TREEMAINTENANCE,"BLANCHETTE, PETER",8302  TATE ,"4, ZONE",455U,5659a,CLOSED,2020-04-30,03:38 PM
171816,Tree Removal,2020-04-30 04:17 PM,Tree Removal Inspection,TREEMAINTENANCE,"UF - JONES, CODY",3710  GALWAY ,"3, ZONE",450L,5060c,CLOSED,2020-04-30,04:17 PM
171817,Tree Trim,2020-04-30 04:25 PM,Tree Trim Inspection,TREEMAINTENANCE,"PATINO, ARNULFO",12058  GREEN GLADE ,"2, ZONE",529S,4853b,CLOSED,2020-04-30,04:25 PM
171818,Tree Trim,2020-04-30 04:25 PM,Tree Trim Inspection,TREEMAINTENANCE,"BLANCHETTE, PETER",5014  REDBUD ,"6, ZONE",533V,5453b,CLOSED,2020-04-30,04:25 PM
171819,Tree Trim,2020-04-30 04:49 PM,Tree Trim Inspection,TREEMAINTENANCE,"PATINO, ARNULFO", 5200 W BELLFORT AVE&5242 BRIARBEND DR,"7, ZONE",531X,5153d,CLOSED,2020-04-30,04:49 PM
171820,Tree Trim,2020-04-30 05:50 PM,Tree Trim Inspection,TREEMAINTENANCE,"BLANCHETTE, PETER", 4100 CRANE ST&4000 FALLS ST,"4, ZONE",454X,5459d,CLOSED,2020-04-30,05:50 PM
171821,Tree Trim,2020-04-30 06:11 PM,Tree Trim Inspection,TREEMAINTENANCE,"UF - POLOVTSEV, SERA", 400 65TH ST&6500 SHERMAN ST,"5, ZONE",494U,5556a,CLOSED,2020-04-30,06:11 PM
171822,Tree Trim,2020-04-30 06:28 PM,Tree Trim Inspection,TREEMAINTENANCE,"BLANCHETTE, PETER",2520  CUMBERLAND ,"6, ZONE",534G,5555a,CLOSED,2020-04-30,06:28 PM
171823,Tree Removal,2020-04-30 06:36 PM,Tree Removal Inspection,TREEMAINTENANCE,"UF - JONES, CODY",9834  EDGEWORTH ,"4, ZONE",454A,5461a,CLOSED,2020-04-30,06:36 PM
171824,Tree Trim,2020-05-01 02:54 AM,Tree Trim Inspection,TREEMAINTENANCE,"UF - JONES, CODY",2014  CROCKER ,"2, ZONE",493N,5357c,CLOSED,2020-05-01,02:54 AM
171825,Tree Removal,2020-05-01 08:01 AM,Tree Removal Inspection,TREEMAINTENANCE,"UF - JONES, CODY",4934  BROOM ,"3, ZONE",451G,5160b,CLOSED,2020-05-01,08:01 AM
171828,Tree Trim,2020-05-01 09:03 AM,Tree Trim Inspection,TREEMAINTENANCE,"PATINO, ARNULFO",12715 VILLAWOOD LN,"2, ZONE",528M,77072,CLOSED,2020-05-01,09:03 AM
171829,Tree Removal,2020-05-01 09:13 AM,Tree Removal Inspection,TREEMAINTENANCE,"UF - JONES, CODY", 600 HESLEP ST&700 VINCENT ST,"3, ZONE",453Y,5359d,CLOSED,2020-05-01,09:13 AM
171836,Tree Trim,2020-05-01 12:22 PM,Tree Trim Inspection,TREEMAINTENANCE,"PATINO, ARNULFO",5775  GREENCRAIG ,"7, ZONE",571E,5152c,CLOSED,2020-05-01,12:22 PM
171837,Tree Removal,2020-05-01 12:52 PM,Tree Removal Inspection,TREEMAINTENANCE,"PATINO, ARNULFO",5722  JACKWOOD ,"7, ZONE",531N,5154c,CLOSED,2020-05-01,12:52 PM
171839,Tree Trim,2020-05-01 01:56 PM,Tree Trim Inspection,TREEMAINTENANCE,"PATINO, ARNULFO",7700 OAK VISTA ST,"6, ZONE",535S,77087,CLOSED,2020-05-01,01:56 PM
171840,Tree Trim,2020-05-01 02:17 PM,Tree Trim Inspection,TREEMAINTENANCE,"UF - JONES, CODY",540  34TH ,"3, ZONE",452R,5260d,CLOSED,2020-05-01,02:17 PM
171841,Tree Trim,2020-05-01 04:18 PM,Tree Trim Inspection,TREEMAINTENANCE,"PATINO, ARNULFO",8750 E RYLANDER CIR,"7, ZONE",570F,77071,CLOSED,2020-05-01,04:18 PM
171842,Tree Removal,2020-05-01 04:57 PM,Tree Removal Inspection,TREEMAINTENANCE,"UF - JONES, CODY",159  LUTHER ,"4, ZONE",453B,5361d,CLOSED,2020-05-01,04:57 PM
171843,Tree Trim,2020-05-01 05:51 PM,Tree Trim Inspection,TREEMAINTENANCE,"PATINO, ARNULFO",4900 CRAWFORD ST,"7, ZONE",493X,77004,CLOSED,2020-05-01,05:51 PM
171844,Tree Removal,2020-05-01 06:14 PM,Tree Removal Inspection,TREEMAINTENANCE,"UF - JONES, CODY",3601  CRANE ,"4, ZONE",454X,5459d,CLOSED,2020-05-01,06:14 PM
171845,Tree Trim,2020-05-01 07:37 PM,Tree Trim Inspection,TREEMAINTENANCE,"PATINO, ARNULFO",1800 COMMONWEALTH ST,"2, ZONE",492R,77006,CLOSED,2020-05-01,07:37 PM
171846,Tree Removal,2020-05-01 07:52 PM,Tree Removal Inspection,TREEMAINTENANCE,"BLANCHETTE, PETER",8602  SHADY VISTA ,"4, ZONE",455G,5661c,CLOSED,2020-05-01,07:52 PM
171848,Tree Trim,2020-05-02 03:04 AM,Tree Trim Inspection,TREEMAINTENANCE,"PATINO, ARNULFO",6520 ALMEDA RD,"7, ZONE",533E,77030,CLOSED,2020-05-02,03:04 AM
171849,Tree Trim,2020-05-02 03:39 AM,Tree Trim Inspection,TREEMAINTENANCE,"BLANCHETTE, PETER", 1836 MATAMORAS ST,"5, ZONE",535A,5556d,CLOSED,2020-05-02,03:39 AM
171850,Tree Trim,2020-05-02 05:36 PM,Tree Trim Inspection,TREEMAINTENANCE,"UF - JONES, CODY",4510  VERDOME ,"3, ZONE",451H,5160b,CLOSED,2020-05-02,05:36 PM
171851,Tree Removal,2020-05-02 05:38 PM,Tree Removal Inspection,TREEMAINTENANCE,"PATINO, ARNULFO",1211  MARCONI ,"2, ZONE",493N,5357c,CLOSED,2020-05-02,05:38 PM
171852,Tree Trim,2020-05-02 08:23 PM,Tree Trim Inspection,TREEMAINTENANCE,"PATINO, ARNULFO",12302  RINCON ,"2, ZONE",488R,4856a,CLOSED,2020-05-02,08:23 PM
171853,Tree Removal,2020-05-03 12:39 PM,Tree Removal Inspection,TREEMAINTENANCE,"BLANCHETTE, PETER",5739  HIRONDEL ,"6, ZONE",574A,5453d,CLOSED,2020-05-03,12:39 PM
171854,Tree Trim,2020-05-03 02:29 PM,Tree Trim Inspection,TREEMAINTENANCE,"PATINO, ARNULFO", 8500 KIRBY DR&2300 S LOOP FWY W,"7, ZONE",532U,5354c,CLOSED,2020-05-03,02:29 PM
171859,Tree Trim,2020-05-04 06:25 AM,Tree Trim Inspection,TREEMAINTENANCE,"BLANCHETTE, PETER",11226  SAGEVILLE ,"6, ZONE",576Z,5851c,CLOSED,2020-05-04,06:25 AM
171866,Tree Removal,2020-05-04 10:25 AM,Tree Removal Inspection,TREEMAINTENANCE,"PATINO, ARNULFO",3715 S WAYSIDE DR,"6, ZONE",534L,77023,CLOSED,2020-05-04,10:25 AM
171867,Tree Removal,2020-05-04 10:56 AM,Tree Removal Inspection,TREEMAINTENANCE,"UF - JONES, CODY",1321  WILBURFORCE ,"3, ZONE",412X,5261a,CLOSED,2020-05-04,10:56 AM
171868,Tree Removal,2020-05-04 11:18 AM,Tree Removal Inspection,TREEMAINTENANCE,"BLANCHETTE, PETER",626  KENWOOD ,"4, ZONE",496B,5758a,CLOSED,2020-05-04,11:18 AM
171869,Tree Removal,2020-05-04 11:46 AM,Tree Removal Inspection,TREEMAINTENANCE,"UF - JONES, CODY",1638  CORTLANDT ,"3, ZONE",453S,5359c,CLOSED,2020-05-04,11:46 AM
171870,Tree Removal,2020-05-04 11:58 AM,Tree Removal Inspection,TREEMAINTENANCE,"PATINO, ARNULFO",1910  WOODLAND PARK ,"2, ZONE",489P,4856b,CLOSED,2020-05-04,11:58 AM
171871,Tree Trim,2020-05-04 12:28 PM,Tree Trim Inspection,TREEMAINTENANCE,"BLANCHETTE, PETER",2320  EMANCIPATION ,"6, ZONE",493U,5456a,CLOSED,2020-05-04,12:28 PM
171872,Tree Trim,2020-05-04 12:59 PM,Tree Trim Inspection,TREEMAINTENANCE,"PATINO, ARNULFO",550 MCKINNEY ST,"1, ZONE",493L,77002,CLOSED,2020-05-04,12:59 PM
171873,Tree Trim,2020-05-04 01:03 PM,Tree Trim Inspection,TREEMAINTENANCE,"UF - JONES, CODY",5939  DARKWOOD ,"3, ZONE",411T,5162c,CLOSED,2020-05-04,01:03 PM
171874,Tree Trim,2020-05-04 01:47 PM,Tree Trim Inspection,TREEMAINTENANCE,"UF - POLOVTSEV, SERA",7344 WALKER ST,"5, ZONE",495W,77011,CLOSED,2020-05-04,01:47 PM
171875,Tree Trim,2020-05-04 01:59 PM,Tree Trim Inspection,TREEMAINTENANCE,"PATINO, ARNULFO",5943  RUTHERGLENN ,"7, ZONE",531S,5153a,CLOSED,2020-05-04,01:59 PM
171876,Tree Trim,2020-05-04 02:02 PM,Tree Trim Inspection,TREEMAINTENANCE,"PATINO, ARNULFO",5346 BEECHNUT ST,"7, ZONE",531P,77096,CLOSED,2020-05-04,02:02 PM
171877,Tree Trim,2020-05-04 02:03 PM,Tree Trim Inspection,TREEMAINTENANCE,"PATINO, ARNULFO",4606 WAYNESBORO DR,"7, ZONE",531V,77035,CLOSED,2020-05-04,02:03 PM
171878,Tree Removal,2020-05-04 02:12 PM,Tree Removal Inspection,TREEMAINTENANCE,"BLANCHETTE, PETER",1202  DIEZ ,"5, ZONE",494X,5456d,CLOSED,2020-05-04,02:12 PM
171879,Tree Removal,2020-05-04 03:16 PM,Tree Removal Inspection,TREEMAINTENANCE,"PATINO, ARNULFO",7135  SIMS ,"6, ZONE",534Z,5553b,CLOSED,2020-05-04,03:16 PM
171880,Tree Removal,2020-05-04 04:08 PM,Tree Removal Inspection,TREEMAINTENANCE,"BLANCHETTE, PETER",7138  CANAL ,"5, ZONE",495S,5556b,CLOSED,2020-05-04,04:08 PM
171881,Tree Trim,2020-05-04 04:21 PM,Tree Trim Inspection,TREEMAINTENANCE,"BLANCHETTE, PETER",16626  SEAWOLF ,"5, ZONE",618T,6049c,CLOSED,2020-05-04,04:21 PM
171882,Tree Trim,2020-05-04 04:43 PM,Tree Trim Inspection,TREEMAINTENANCE,"UF - POLOVTSEV, SERA",12815  EMPORIA ,"4, ZONE",496H,5858a,CLOSED,2020-05-04,04:43 PM
171883,Tree Trim,2020-05-04 04:44 PM,Tree Trim Inspection,TREEMAINTENANCE,"UF - POLOVTSEV, SERA",902  GRAND OAKS ,"4, ZONE",496H,5858a,CLOSED,2020-05-04,04:44 PM
171884,Tree Trim,2020-05-04 05:36 PM,Tree Trim Inspection,TREEMAINTENANCE,"UF - JONES, CODY",510  FRAWLEY ,"4, ZONE",453Y,5459c,CLOSED,2020-05-04,05:36 PM
171885,Tree Trim,2020-05-04 05:57 PM,Tree Trim Inspection,TREEMAINTENANCE,"UF - POLOVTSEV, SERA",3809 LIBERTY RD,"4, ZONE",494B,77026,CLOSED,2020-05-04,05:57 PM
171886,Tree Trim,2020-05-04 06:16 PM,Tree Trim Inspection,TREEMAINTENANCE,"BLANCHETTE, PETER", 3400 GOLDEN TRAILS DR&4200 VILLA HILL DR,"4, ZONE",297X,5870c,CLOSED,2020-05-04,06:16 PM
171887,Tree Trim,2020-05-04 07:20 PM,Tree Trim Inspection,TREEMAINTENANCE,"BLANCHETTE, PETER",6647  AVENUE K ,"5, ZONE",494V,5557d,CLOSED,2020-05-04,07:20 PM
171888,Tree Trim,2020-05-04 08:21 PM,Tree Trim Inspection,TREEMAINTENANCE,"PATINO, ARNULFO", 11500 ENDICOTT LN&5270 MCKNIGHT ST,"7, ZONE",571B,5153c,CLOSED,2020-05-04,08:21 PM
171891,Tree Trim,2020-05-05 08:35 AM,Tree Trim Inspection,TREEMAINTENANCE,"BLANCHETTE, PETER",11531  FM 1960 ,"4, ZONE",338R,6068a,CLOSED,2020-05-05,08:35 AM
171892,Tree Trim,2020-05-05 08:46 AM,Tree Trim Inspection,TREEMAINTENANCE,"PATINO, ARNULFO",10965  GESSNER ,"7, ZONE",530X,5053c,CLOSED,2020-05-05,08:46 AM
171893,Tree Removal,2020-05-05 09:07 AM,Tree Removal Inspection,TREEMAINTENANCE,"UF - JONES, CODY",9903  VALLEY SUN ,"4, ZONE",456A,5761a,CLOSED,2020-05-05,09:07 AM
171894,Tree Trim,2020-05-05 09:15 AM,Tree Trim Inspection,TREEMAINTENANCE,"BLANCHETTE, PETER",8839  COMAL ,"6, ZONE",533Y,5453a,CLOSED,2020-05-05,09:15 AM
171895,Tree Trim,2020-05-05 09:43 AM,Tree Trim Inspection,TREEMAINTENANCE,"UF - JONES, CODY",1616 W LITTLE YORK ,"3, ZONE",412X,5261a,CLOSED,2020-05-05,09:43 AM
171896,Tree Trim,2020-05-05 10:39 AM,Tree Trim Inspection,TREEMAINTENANCE,"BLANCHETTE, PETER",11002  JUTLAND ,"6, ZONE",573H,5452b,CLOSED,2020-05-05,10:39 AM
171898,Tree Trim,2020-05-05 10:40 AM,Tree Trim Inspection,TREEMAINTENANCE,"PATINO, ARNULFO", 8200 WATEKA CIR&8922 WATEKA DR,"7, ZONE",530P,5054c,CLOSED,2020-05-05,10:40 AM
171899,Tree Trim,2020-05-05 10:40 AM,Tree Trim Inspection,TREEMAINTENANCE,"UF - JONES, CODY",5810 PHILLIPS ,"3, ZONE",452A,5261c,CLOSED,2020-05-05,10:40 AM
171900,Tree Removal,2020-05-05 10:46 AM,Tree Removal Inspection,TREEMAINTENANCE,"BLANCHETTE, PETER",11226  SAGEVILLE ,"6, ZONE",576Z,5851c,CLOSED,2020-05-05,10:46 AM
171901,Tree Trim,2020-05-05 10:47 AM,Tree Trim Inspection,TREEMAINTENANCE,"PATINO, ARNULFO", 8200 WATEKA CIR&8922 WATEKA DR,"7, ZONE",530P,5054c,CLOSED,2020-05-05,10:47 AM
171904,Tree Removal,2020-05-05 12:23 PM,Tree Removal Inspection,TREEMAINTENANCE,"UF - JONES, CODY",7605  POINTER ,"4, ZONE",454K,5560a,CLOSED,2020-05-05,12:23 PM
171906,Tree Trim,2020-05-05 12:29 PM,Tree Trim Inspection,TREEMAINTENANCE,"BLANCHETTE, PETER",8122  WETHERBY ,"6, ZONE",575P,5651a,CLOSED,2020-05-05,12:29 PM
171907,Tree Trim,2020-05-05 12:49 PM,Tree Trim Inspection,TREEMAINTENANCE,"UF - JONES, CODY",9701  LARSTON ,"3, ZONE",450X,5058a,CLOSED,2020-05-05,12:49 PM
171908,Tree Trim,2020-05-05 01:24 PM,Tree Trim Inspection,TREEMAINTENANCE,"PATINO, ARNULFO",3350  BREEZEWOOD ,"2, ZONE",489X,4855b,CLOSED,2020-05-05,01:24 PM
171909,Tree Removal,2020-05-05 01:43 PM,Tree Removal Inspection,TREEMAINTENANCE,"PATINO, ARNULFO",818  SUL ROSS ,"2, ZONE",493S,5356b,CLOSED,2020-05-05,01:43 PM
171910,Tree Trim,2020-05-05 01:48 PM,Tree Trim Inspection,TREEMAINTENANCE,"UF - JONES, CODY",1053  LUCKY ,"3, ZONE",412T,5262c,CLOSED,2020-05-05,01:48 PM
171912,Tree Trim,2020-05-05 02:14 PM,Tree Trim Inspection,TREEMAINTENANCE,"UF - POLOVTSEV, SERA", 7800 DENTON ST&8200 GREEN RIVER DR,"4, ZONE",455K,5660a,CLOSED,2020-05-05,02:14 PM
171913,Tree Removal,2020-05-05 02:21 PM,Tree Removal Inspection,TREEMAINTENANCE,"BLANCHETTE, PETER",6737  AVENUE E ,"5, ZONE",494V,5556b,CLOSED,2020-05-05,02:21 PM
171915,Tree Trim,2020-05-05 03:29 PM,Tree Trim Inspection,TREEMAINTENANCE,"PATINO, ARNULFO",1803  STONEY BROOK,"2, ZONE",490R,5056b,CLOSED,2020-05-05,03:29 PM
171917,Tree Trim,2020-05-05 03:45 PM,Tree Trim Inspection,TREEMAINTENANCE,"BLANCHETTE, PETER",193  WOODVALE ,"5, ZONE",535A,5556d,CLOSED,2020-05-05,03:45 PM
171918,Tree Trim,2020-05-05 03:50 PM,Tree Trim Inspection,TREEMAINTENANCE,"UF - JONES, CODY", 1000 T C JESTER BLVD&1100 TIMBERGROVE LN,"3, ZONE",452Y,5258b,CLOSED,2020-05-05,03:50 PM
171919,Tree Trim,2020-05-05 03:55 PM,Tree Trim Inspection,TREEMAINTENANCE,"UF - JONES, CODY",1226 TIMBERGROVE LN,"3, ZONE",452Y,5258b,CLOSED,2020-05-05,03:55 PM
171921,Tree Trim,2020-05-05 04:05 PM,Tree Trim Inspection,TREEMAINTENANCE,"UF - JONES, CODY",1015  WYNNWOOD ,"3, ZONE",452Y,5259d,CLOSED,2020-05-05,04:05 PM
171922,Tree Trim,2020-05-05 04:09 PM,Tree Trim Inspection,TREEMAINTENANCE,"UF - JONES, CODY",1903 W 14TH 1/2 ,"3, ZONE",452Y,5259d,CLOSED,2020-05-05,04:09 PM
171923,Tree Trim,2020-05-05 04:14 PM,Tree Trim Inspection,TREEMAINTENANCE,"BLANCHETTE, PETER",7107  PALMETTO ,"5, ZONE",535E,5555d,CLOSED,2020-05-05,04:14 PM
171924,Tree Trim,2020-05-05 04:18 PM,Tree Trim Inspection,TREEMAINTENANCE,"PATINO, ARNULFO", 10400 KIRKGLEN DR&11800 KIRKHOLM DR,"6, ZONE",576X,5751d,CLOSED,2020-05-05,04:18 PM
171930,Tree Trim,2020-05-06 06:25 AM,Tree Trim Inspection,TREEMAINTENANCE,"UF - JONES, CODY",9720  SPAULDING ,"4, ZONE",454D,5561c,CLOSED,2020-05-06,06:25 AM
171934,Tree Removal,2020-05-06 07:43 AM,Tree Removal Inspection,TREEMAINTENANCE,"PATINO, ARNULFO",5500  SHADOW CREST ,"7, ZONE",531S,5154c,CLOSED,2020-05-06,07:43 AM
171935,Tree Removal,2020-05-06 08:16 AM,Tree Removal Inspection,TREEMAINTENANCE,"UF - JONES, CODY",10310  PINE MOSS ,"3, ZONE",411J,5062b,CLOSED,2020-05-06,08:16 AM
171936,Tree Trim,2020-05-06 08:37 AM,Tree Trim Inspection,TREEMAINTENANCE,"BLANCHETTE, PETER",8110  ARROWHEAD ,"6, ZONE",575T,5651a,CLOSED,2020-05-06,08:37 AM
171937,Tree Trim,2020-05-06 08:54 AM,Tree Trim Inspection,TREEMAINTENANCE,"BLANCHETTE, PETER",4113  MALLOW ,"6, ZONE",533Y,5453c,CLOSED,2020-05-06,08:54 AM
171939,Tree Trim,2020-05-06 09:31 AM,Tree Trim Inspection,TREEMAINTENANCE,"UF - JONES, CODY",519  COMILE ,"4, ZONE",453Q,5360d,CLOSED,2020-05-06,09:31 AM
171940,Tree Trim,2020-05-06 09:33 AM,Tree Trim Inspection,TREEMAINTENANCE,"BLANCHETTE, PETER",4102  LAMAR ,"5, ZONE",494S,5456b,CLOSED,2020-05-06,09:33 AM
171941,Tree Planting,2020-05-06 09:34 AM,Tree Planting Inspection,TREEPROTECTION,"UF - JONES, CODY",307  TIMBER TERRACE ,"2, ZONE",491F,5158c,CLOSED,2020-05-06,09:34 AM
171943,Tree Removal,2020-05-06 09:48 AM,Tree Removal Inspection,TREEMAINTENANCE,"BLANCHETTE, PETER",4241  KINGWOOD ,"4, ZONE",337B,5870c,CLOSED,2020-05-06,09:48 AM
171944,Tree Trim,2020-05-06 10:50 AM,Tree Trim Inspection,TREEMAINTENANCE,"BLANCHETTE, PETER",101 ROCKLEIGH PL,"5, ZONE",535Q,5654b,CLOSED,2020-05-06,10:50 AM
171945,Tree Trim,2020-05-06 11:11 AM,Tree Trim Inspection,TREEMAINTENANCE,"PATINO, ARNULFO",8868  CHATSWORTH ,"2, ZONE",491D,5158d,CLOSED,2020-05-06,11:11 AM
171947,Tree Removal,2020-05-06 11:57 AM,Tree Removal Inspection,TREEMAINTENANCE,"UF - JONES, CODY",1423  RICHMOND ,"2, ZONE",492Z,5356c,CLOSED,2020-05-06,11:57 AM
171948,Tree Trim,2020-05-06 12:40 PM,Tree Trim Inspection,TREEMAINTENANCE,"PATINO, ARNULFO",8210 WATEKA DR,"7, ZONE",530P,77074,CLOSED,2020-05-06,12:40 PM
171949,Tree Removal,2020-05-06 01:01 PM,Tree Removal Inspection,TREEMAINTENANCE,"PATINO, ARNULFO",6146 ANDWOOD ST,"6, ZONE",534V,77087,CLOSED,2020-05-06,01:01 PM
171950,Tree Trim,2020-05-06 01:05 PM,Tree Trim Inspection,TREEMAINTENANCE,"UF - JONES, CODY",411  EUCLID ,"3, ZONE",493B,5358b,CLOSED,2020-05-06,01:05 PM
171951,Tree Trim,2020-05-06 01:32 PM,Tree Trim Inspection,TREEMAINTENANCE,"BLANCHETTE, PETER",11022  ROANDALE ,"6, ZONE",573H,5452c,CLOSED,2020-05-06,01:32 PM
171952,Tree Trim,2020-05-06 03:15 PM,Tree Trim Inspection,TREEMAINTENANCE,"UF - JONES, CODY",5800  TEAGUE ,"3, ZONE",450A,4961d,CLOSED,2020-05-06,03:15 PM
171953,Tree Removal,2020-05-06 03:16 PM,Tree Removal Inspection,TREEMAINTENANCE,"UF - JONES, CODY",510  VINCENT ,"3, ZONE",453Y,5359d,CLOSED,2020-05-06,03:16 PM
171954,Tree Trim,2020-05-06 04:17 PM,Tree Trim Inspection,TREEMAINTENANCE,"UF - POLOVTSEV, SERA",301  ALTIC ,"5, ZONE",494U,5556a,CLOSED,2020-05-06,04:17 PM
171955,Tree Trim,2020-05-06 04:32 PM,Tree Trim Inspection,TREEMAINTENANCE,"BLANCHETTE, PETER",903  EASTLAKE ,"5, ZONE",576E,5752a,CLOSED,2020-05-06,04:32 PM
171956,Tree Trim,2020-05-06 04:42 PM,Tree Trim Inspection,TREEMAINTENANCE,"UF - JONES, CODY",7020  AMARILLO ,"5, ZONE",494H,5558d,CLOSED,2020-05-06,04:42 PM
171957,Tree Trim,2020-05-06 06:33 PM,Tree Trim Inspection,TREEMAINTENANCE,"PATINO, ARNULFO",16202 BOWRIDGE LN,"7, ZONE",571X,77053,CLOSED,2020-05-06,06:33 PM
171958,Tree Trim,2020-05-07 01:38 AM,Tree Trim Inspection,TREEMAINTENANCE,"PATINO, ARNULFO", 600 BERING DR&5800 WOODWAY DR,"2, ZONE",491K,5157a,CLOSED,2020-05-07,01:38 AM
171959,Tree Removal,2020-05-07 07:08 AM,Tree Removal Inspection,TREEMAINTENANCE,"PATINO, ARNULFO",16202 BOWRIDGE LN,"7, ZONE",571X,77053,CLOSED,2020-05-07,07:08 AM
171965,Tree Removal,2020-05-07 08:18 AM,Tree Removal Inspection,TREEMAINTENANCE,"UF - JONES, CODY",818  YORKSHIRE ,"4, ZONE",453M,5460c,CLOSED,2020-05-07,08:18 AM
171966,Tree Trim,2020-05-07 08:23 AM,Tree Trim Inspection,TREEMAINTENANCE,"BLANCHETTE, PETER", 6900 JAPONICA ST&1800 REDWOOD ST,"5, ZONE",535E,5555b,CLOSED,2020-05-07,08:23 AM
171967,Tree Trim,2020-05-07 08:37 AM,Tree Trim Inspection,TREEMAINTENANCE,"PATINO, ARNULFO", 11900 ASHCROFT DR&5840 LUDINGTON DR,"7, ZONE",571A,5152a,CLOSED,2020-05-07,08:37 AM
171968,Tree Removal,2020-05-07 09:08 AM,Tree Removal Inspection,TREEMAINTENANCE,"PATINO, ARNULFO",9422  HIGHMEADOW ,"2, ZONE",490T,5056c,CLOSED,2020-05-07,09:08 AM
171969,Tree Trim,2020-05-07 09:20 AM,Tree Trim Inspection,TREEMAINTENANCE,"UF - JONES, CODY",3431  MILBRAD ,"4, ZONE",454X,5459d,CLOSED,2020-05-07,09:20 AM
171971,Tree Trim,2020-05-07 11:26 AM,Tree Trim Inspection,TREEMAINTENANCE,"PATINO, ARNULFO",4046  LEMAC ,"7, ZONE",532S,5254c,CLOSED,2020-05-07,11:26 AM
171972,Tree Trim,2020-05-07 12:15 PM,Tree Trim Inspection,TREEMAINTENANCE,"PATINO, ARNULFO",10815  LANGDON ,"2, ZONE",529L,4954a,CLOSED,2020-05-07,12:15 PM
171973,Tree Trim,2020-05-07 12:15 PM,Tree Trim Inspection,TREEMAINTENANCE,"PATINO, ARNULFO", 8602 BISSONNET ST&9600 S GESSNER RD,"7, ZONE",530T,5053a,CLOSED,2020-05-07,12:15 PM
171974,Tree Removal,2020-05-07 12:24 PM,Tree Removal Inspection,TREEMAINTENANCE,"BLANCHETTE, PETER",1003  ELTON ,"5, ZONE",576E,5753c,CLOSED,2020-05-07,12:24 PM
171975,Tree Removal,2020-05-07 01:11 PM,Tree Removal Inspection,TREEMAINTENANCE,"BLANCHETTE, PETER",726  EASTLAKE ,"5, ZONE",576F,5752a,CLOSED,2020-05-07,01:11 PM
171976,Tree Removal,2020-05-07 02:04 PM,Tree Removal Inspection,TREEMAINTENANCE,"BLANCHETTE, PETER",3105  GARROW ,"5, ZONE",494N,5457d,CLOSED,2020-05-07,02:04 PM
171978,Tree Trim,2020-05-07 02:56 PM,Tree Trim Inspection,TREEMAINTENANCE,"UF - JONES, CODY", 600 E 7TH 1/2 ST&750 OXFORD ST,"3, ZONE",493A,5358a,CLOSED,2020-05-07,02:56 PM
171980,Tree Removal,2020-05-07 03:28 PM,Tree Removal Inspection,TREEMAINTENANCE,"UF - JONES, CODY",1006 E 26TH ,"3, ZONE",453T,5359b,CLOSED,2020-05-07,03:28 PM
171981,Tree Trim,2020-05-07 03:51 PM,Tree Trim Inspection,TREEMAINTENANCE,"PATINO, ARNULFO",5666  BELCREST ,"6, ZONE",534W,5453b,CLOSED,2020-05-07,03:51 PM
171982,Tree Trim,2020-05-07 07:32 PM,Tree Trim Inspection,TREEMAINTENANCE,"PATINO, ARNULFO", 2600 KETTERING DR&4600 WESTHEIMER RD,"2, ZONE",491V,5156b,CLOSED,2020-05-07,07:32 PM
171983,Tree Removal,2020-05-08 02:31 AM,Tree Removal Inspection,TREEMAINTENANCE,"UF - JONES, CODY",4610  BRINKMAN ,"3, ZONE",452L,5260b,CLOSED,2020-05-08,02:31 AM
171989,Tree Trim,2020-05-08 08:57 AM,Tree Trim Inspection,TREEMAINTENANCE,"UF - JONES, CODY",4342  OAK SHADOWS ,"3, ZONE",451H,5161d,CLOSED,2020-05-08,08:57 AM
171990,Tree Trim,2020-05-08 09:17 AM,Tree Trim Inspection,TREEMAINTENANCE,"BLANCHETTE, PETER", 8302 BONNER DR,"5, ZONE",535Q,5654d,CLOSED,2020-05-08,09:17 AM
171991,Tree Trim,2020-05-08 09:32 AM,Tree Trim Inspection,TREEMAINTENANCE,"BLANCHETTE, PETER",7431  AVENUE E ,"5, ZONE",495W,5556b,CLOSED,2020-05-08,09:32 AM
171992,Tree Trim,2020-05-08 09:38 AM,Tree Trim Inspection,TREEMAINTENANCE,"UF - JONES, CODY", 1300 FAIRBANKS ST&5600 GANO ST,"4, ZONE",453V,5459a,CLOSED,2020-05-08,09:38 AM
171993,Tree Trim,2020-05-08 09:45 AM,Tree Trim Inspection,TREEMAINTENANCE,"UF - JONES, CODY",2710  MORNINGVIEW ,"3, ZONE",450Q,5059a,CLOSED,2020-05-08,09:45 AM
171994,Tree Trim,2020-05-08 09:57 AM,Tree Trim Inspection,TREEMAINTENANCE,"UF - JONES, CODY", 1300 FAIRBANKS ST&5600 GANO ST,"4, ZONE",453V,5459a,CLOSED,2020-05-08,09:57 AM
171995,Tree Trim,2020-05-08 10:17 AM,Tree Trim Inspection,TREEMAINTENANCE,"UF - JONES, CODY",4200  AIRLINE ,"3, ZONE",453K,5360d,CLOSED,2020-05-08,10:17 AM
171996,Tree Trim,2020-05-08 10:37 AM,Tree Trim Inspection,TREEMAINTENANCE,"PATINO, ARNULFO",6203 CHEENA DR,"7, ZONE",530V,77096,CLOSED,2020-05-08,10:37 AM
171997,Tree Removal,2020-05-08 11:45 AM,Tree Removal Inspection,TREEMAINTENANCE,"PATINO, ARNULFO",8910  PECAN PLACE ,"7, ZONE",570A,5052a,CLOSED,2020-05-08,11:45 AM
172000,Tree Trim,2020-05-08 12:19 PM,Tree Trim Inspection,TREEMAINTENANCE,"PATINO, ARNULFO",6600  SANDS POINT ,"7, ZONE",530H,5055d,CLOSED,2020-05-08,12:19 PM
172001,Tree Removal,2020-05-08 12:32 PM,Tree Removal Inspection,TREEMAINTENANCE,"UF - JONES, CODY",819  REDAN ,"3, ZONE",493B,5358b,CLOSED,2020-05-08,12:32 PM
172004,Tree Removal,2020-05-08 02:25 PM,Tree Removal Inspection,TREEMAINTENANCE,"PATINO, ARNULFO",2507 WICHITA ST,"6, ZONE",533B,77004,CLOSED,2020-05-08,02:25 PM
172005,Tree Trim,2020-05-08 02:31 PM,Tree Trim Inspection,TREEMAINTENANCE,"UF - JONES, CODY",4926  OLD BRICKHOUSE ,"3, ZONE",450E,4960b,CLOSED,2020-05-08,02:31 PM
172006,Tree Trim,2020-05-08 02:50 PM,Tree Trim Inspection,TREEMAINTENANCE,"UF - POLOVTSEV, SERA",4818  MCKINNEY ,"5, ZONE",494T,5556a,CLOSED,2020-05-08,02:50 PM
172007,Tree Removal,2020-05-08 02:51 PM,Tree Removal Inspection,TREEMAINTENANCE,"PATINO, ARNULFO",7302 KELLER ST,"5, ZONE",535E,77012,CLOSED,2020-05-08,02:51 PM
172008,Tree Removal,2020-05-08 02:54 PM,Tree Removal Inspection,TREEMAINTENANCE,"UF - JONES, CODY",449 W 24TH ,"3, ZONE",452V,5359a,CLOSED,2020-05-08,02:54 PM
172009,Tree Trim,2020-05-08 03:09 PM,Tree Trim Inspection,TREEMAINTENANCE,"PATINO, ARNULFO",4414 BRISBANE ST,"6, ZONE",573H,77047,CLOSED,2020-05-08,03:09 PM
172010,Tree Removal,2020-05-08 03:09 PM,Tree Removal Inspection,TREEMAINTENANCE,"PATINO, ARNULFO",7610 HOPEWELL LN,"7, ZONE",570C,77071,CLOSED,2020-05-08,03:09 PM
172011,Tree Removal,2020-05-08 04:10 PM,Tree Removal Inspection,TREEMAINTENANCE,"BLANCHETTE, PETER",4211  ROCK SPRINGS ,"4, ZONE",297T,5870a,CLOSED,2020-05-08,04:10 PM
172012,Tree Removal,2020-05-08 04:15 PM,Tree Removal Inspection,TREEMAINTENANCE,"UF - JONES, CODY",6602  GOLDSPIER ,"3, ZONE",411Z,5161b,CLOSED,2020-05-08,04:15 PM
172013,Tree Trim,2020-05-08 05:44 PM,Tree Trim Inspection,TREEMAINTENANCE,"PATINO, ARNULFO",1319  RICHMOND ,"2, ZONE",493W,5356c,CLOSED,2020-05-08,05:44 PM
172014,Tree Trim,2020-05-08 06:05 PM,Tree Trim Inspection,TREEMAINTENANCE,"UF - JONES, CODY", 1400 ANNE DR&9200 RANGELY DR,"3, ZONE",450Y,5058a,CLOSED,2020-05-08,06:05 PM
172015,Tree Trim,2020-05-08 06:27 PM,Tree Trim Inspection,TREEMAINTENANCE,"UF - JONES, CODY",1004 W 14TH ,"3, ZONE",452Z,5359c,CLOSED,2020-05-08,06:27 PM
172016,Tree Trim,2020-05-09 03:10 AM,Tree Trim Inspection,TREEMAINTENANCE,"PATINO, ARNULFO",5750 N BRAESWOOD BLVD,"7, ZONE",531S,77096,CLOSED,2020-05-09,03:10 AM
172017,Tree Removal,2020-05-09 04:00 AM,Tree Removal Inspection,TREEMAINTENANCE,"PATINO, ARNULFO",541 S 75TH ,"5, ZONE",535A,5556d,CLOSED,2020-05-09,04:00 AM
172018,Tree Trim,2020-05-09 05:44 AM,Tree Trim Inspection,TREEMAINTENANCE,"BLANCHETTE, PETER", 1800 HUTCHINS ST&2200 JEFFERSON ST,"5, ZONE",493V,5456a,CLOSED,2020-05-09,05:44 AM
172019,Tree Trim,2020-05-09 07:58 AM,Tree Trim Inspection,TREEMAINTENANCE,"PATINO, ARNULFO",5131 PRAIRIE RIDGE RD,"7, ZONE",611C,77053,CLOSED,2020-05-09,07:58 AM
172020,Tree Trim,2020-05-09 11:19 AM,Tree Trim Inspection,TREEMAINTENANCE,"PATINO, ARNULFO",7503 TIMBERWAY LN,"2, ZONE",528M,77072,CLOSED,2020-05-09,11:19 AM
172021,Tree Trim,2020-05-09 03:02 PM,Tree Trim Inspection,TREEMAINTENANCE,"PATINO, ARNULFO",2023  SOUTH ,"7, ZONE",492Z,5356c,CLOSED,2020-05-09,03:02 PM
172022,Tree Trim,2020-05-09 04:54 PM,Tree Trim Inspection,TREEMAINTENANCE,"PATINO, ARNULFO",2909  WHEELER ,"6, ZONE",533C,5456c,CLOSED,2020-05-09,04:54 PM
172023,Tree Removal,2020-05-10 01:23 AM,Tree Removal Inspection,TREEMAINTENANCE,"PATINO, ARNULFO",8805  PRICHETT ,"7, ZONE",531Q,5154d,CLOSED,2020-05-10,01:23 AM
172024,Tree Trim,2020-05-10 05:43 AM,Tree Trim Inspection,TREEMAINTENANCE,"PATINO, ARNULFO",7703  OAK VISTA (REVEILLE PARK),"6, ZONE",535S,5654c,CLOSED,2020-05-10,05:43 AM
172025,Tree Trim,2020-05-10 05:45 AM,Tree Trim Inspection,TREEMAINTENANCE,"PATINO, ARNULFO",2101  CENTRAL (MILBY PARK),"5, ZONE",535G,5655d,CLOSED,2020-05-10,05:45 AM
172026,Tree Trim,2020-05-10 11:37 AM,Tree Trim Inspection,TREEMAINTENANCE,"PATINO, ARNULFO", 9400 HALL RD&9200 S SAM HOUSTON PKWY E,"6, ZONE",575Z,5650b,CLOSED,2020-05-10,11:37 AM
172027,Tree Trim,2020-05-10 01:26 PM,Tree Trim Inspection,TREEMAINTENANCE,"UF - JONES, CODY", 6100 ARNOT ST&900 WESTCOTT ST,"2, ZONE",492F,5258d,CLOSED,2020-05-10,01:26 PM
172031,Tree Removal,2020-05-11 01:14 AM,Tree Removal Inspection,TREEMAINTENANCE,"PATINO, ARNULFO",2935 JACKSON ST,"2, ZONE",493U,77004,CLOSED,2020-05-11,01:14 AM
172032,Tree Removal,2020-05-11 07:54 AM,Tree Removal Inspection,TREEMAINTENANCE,"BLANCHETTE, PETER",11214  SAGEVALE ,"6, ZONE",616B,5750d,CLOSED,2020-05-11,07:54 AM
172034,Tree Removal,2020-05-11 08:13 AM,Tree Removal Inspection,TREEMAINTENANCE,"BLANCHETTE, PETER",3731  ALSACE ,"6, ZONE",533L,5455c,CLOSED,2020-05-11,08:13 AM
172035,Tree Trim,2020-05-11 09:12 AM,Tree Trim Inspection,TREEMAINTENANCE,"UF - JONES, CODY", 3700 BEAUCHAMP ST&300 PECORE ST,"3, ZONE",453X,5358b,CLOSED,2020-05-11,09:12 AM
172036,Tree Trim,2020-05-11 09:31 AM,Tree Trim Inspection,TREEMAINTENANCE,"UF - JONES, CODY", 5500 W 43RD ST&4300 ANTOINE DR,"3, ZONE",451G,5160a,CLOSED,2020-05-11,09:31 AM
172038,Tree Trim,2020-05-11 10:03 AM,Tree Trim Inspection,TREEMAINTENANCE,"PATINO, ARNULFO",7962 DAWNRIDGE DR,"7, ZONE",570C,77071,CLOSED,2020-05-11,10:03 AM
172039,Tree Trim,2020-05-11 11:03 AM,Tree Trim Inspection,TREEMAINTENANCE,"UF - POLOVTSEV, SERA",7815 DARLINGTON DR,"4, ZONE",455J,77028,CLOSED,2020-05-11,11:03 AM
172041,Tree Removal,2020-05-11 11:26 AM,Tree Removal Inspection,TREEMAINTENANCE,"PATINO, ARNULFO",6921 ROOK BLVD,"6, ZONE",534Z,77087,CLOSED,2020-05-11,11:26 AM
172042,Tree Trim,2020-05-11 11:47 AM,Tree Trim Inspection,TREEMAINTENANCE,"UF - JONES, CODY",1605 W CLAY ,"2, ZONE",492R,5357c,CLOSED,2020-05-11,11:47 AM
172043,Tree Trim,2020-05-11 11:59 AM,Tree Trim Inspection,TREEMAINTENANCE,"PATINO, ARNULFO",1906  OAKDALE ,"7, ZONE",533B,5356d,CLOSED,2020-05-11,11:59 AM
172044,Tree Removal,2020-05-11 12:05 PM,Tree Removal Inspection,TREEMAINTENANCE,"UF - JONES, CODY",802  WOODLAND ,"3, ZONE",493B,5358b,CLOSED,2020-05-11,12:05 PM
172045,Tree Removal,2020-05-11 12:16 PM,Tree Removal Inspection,TREEMAINTENANCE,"UF - JONES, CODY",401  HEIGHTS ,"3, ZONE",493E,5358c,CLOSED,2020-05-11,12:16 PM
172046,Tree Removal,2020-05-11 01:06 PM,Tree Removal Inspection,TREEMAINTENANCE,"PATINO, ARNULFO",4521  IVANHOE ,"2, ZONE",491V,5256a,CLOSED,2020-05-11,01:06 PM
172047,Tree Trim,2020-05-11 01:24 PM,Tree Trim Inspection,TREEMAINTENANCE,"BLANCHETTE, PETER",14138  TALLOW POINT ,"5, ZONE",618A,5950b,CLOSED,2020-05-11,01:24 PM
172048,Tree Removal,2020-05-11 01:35 PM,Tree Removal Inspection,TREEMAINTENANCE,"UF - JONES, CODY",2010  POTOMAC ,"2, ZONE",491N,5156a,CLOSED,2020-05-11,01:35 PM
172052,Tree Removal,2020-05-11 02:48 PM,Tree Removal Inspection,TREEMAINTENANCE,"UF - JONES, CODY",631 E 14TH ,"3, ZONE",453W,5359c,CLOSED,2020-05-11,02:48 PM
172054,Tree Trim,2020-05-11 05:44 PM,Tree Trim Inspection,TREEMAINTENANCE,"BLANCHETTE, PETER",2402  TRUXILLO ,"6, ZONE",493Y,5456c,CLOSED,2020-05-11,05:44 PM
172055,Tree Trim,2020-05-12 08:05 AM,Tree Trim Inspection,TREEMAINTENANCE,"UF - JONES, CODY",400  MERCURY ,"4, ZONE",496A,5758a,CLOSED,2020-05-12,08:05 AM
172056,Tree Removal,2020-05-12 08:46 AM,Tree Removal Inspection,TREEMAINTENANCE,"PATINO, ARNULFO",5202  REDSTART ,"7, ZONE",531Y,5153d,CLOSED,2020-05-12,08:46 AM
172057,Tree Trim,2020-05-12 08:55 AM,Tree Trim Inspection,TREEMAINTENANCE,"PATINO, ARNULFO",9410 RENTUR DR,"7, ZONE",530W,77031,CLOSED,2020-05-12,08:55 AM
172059,Tree Removal,2020-05-12 09:05 AM,Tree Removal Inspection,TREEMAINTENANCE,"PATINO, ARNULFO",9661 S GESSNER ,"7, ZONE",530T,5053a,CLOSED,2020-05-12,09:05 AM
172060,Tree Removal,2020-05-12 09:06 AM,Tree Removal Inspection,TREEMAINTENANCE,"PATINO, ARNULFO", 5500 KENT ST&1900 RICE BLVD,"7, ZONE",532D,5355a,CLOSED,2020-05-12,09:06 AM
172061,Tree Trim,2020-05-12 09:24 AM,Tree Trim Inspection,TREEMAINTENANCE,"BLANCHETTE, PETER",1422  EL DORADO ,"5, ZONE",618K,6049a,CLOSED,2020-05-12,09:24 AM
172062,Tree Trim,2020-05-12 10:08 AM,Tree Trim Inspection,TREEMAINTENANCE,"PATINO, ARNULFO", 7900 FAWN TERRACE DR&12120 VALLEY HILLS DR,"7, ZONE",570G,5052b,CLOSED,2020-05-12,10:08 AM
172063,Tree Trim,2020-05-12 10:13 AM,Tree Trim Inspection,TREEMAINTENANCE,"UF - JONES, CODY",726  ALLSTON ,"3, ZONE",492D,5358a,CLOSED,2020-05-12,10:13 AM
172064,Tree Removal,2020-05-12 10:51 AM,Tree Removal Inspection,TREEMAINTENANCE,"UF - JONES, CODY",7614  BELBAY ,"6, ZONE",534T,5553a,CLOSED,2020-05-12,10:51 AM
172065,Tree Removal,2020-05-12 10:59 AM,Tree Removal Inspection,TREEMAINTENANCE,"PATINO, ARNULFO",6900 BISSONNET ST,"7, ZONE",530R,77074,CLOSED,2020-05-12,10:59 AM
172066,Tree Planting,2020-05-12 12:35 PM,Tree Planting Inspection,TREEPROTECTION,"UF - JONES, CODY",12111  SANDROCK ,"6, ZONE",574N,5452d,CLOSED,2020-05-12,12:35 PM
172069,Tree Removal,2020-05-12 01:55 PM,Tree Removal Inspection,TREEMAINTENANCE,"BLANCHETTE, PETER",19524  CARVER ,"4, ZONE",335S,5567b,CLOSED,2020-05-12,01:55 PM
172072,Tree Removal,2020-05-12 02:34 PM,Tree Removal Inspection,TREEMAINTENANCE,"PATINO, ARNULFO",2301  DRYDEN ,"7, ZONE",532G,5255b,CLOSED,2020-05-12,02:34 PM
172073,Tree Trim,2020-05-12 02:37 PM,Tree Trim Inspection,TREEMAINTENANCE,"PATINO, ARNULFO",7100 COOK RD,"2, ZONE",529E,77072,CLOSED,2020-05-12,02:37 PM
172074,Tree Removal,2020-05-12 03:05 PM,Tree Removal Inspection,TREEMAINTENANCE,"UF - JONES, CODY",1004 W 14TH ,"3, ZONE",452Z,5359c,CLOSED,2020-05-12,03:05 PM
172075,Tree Trim,2020-05-12 03:18 PM,Tree Trim Inspection,TREEMAINTENANCE,"BLANCHETTE, PETER",7135  OFFICE CITY ,"5, ZONE",535J,5555d,CLOSED,2020-05-12,03:18 PM
172076,Tree Trim,2020-05-12 04:20 PM,Tree Trim Inspection,TREEMAINTENANCE,"UF - JONES, CODY",213  BAYLAND ,"3, ZONE",493B,5358b,CLOSED,2020-05-12,04:20 PM
172077,Tree Removal,2020-05-12 04:23 PM,Tree Removal Inspection,TREEMAINTENANCE,"UF - JONES, CODY",213  BAYLAND ,"3, ZONE",493B,5358b,CLOSED,2020-05-12,04:23 PM
172078,Tree Removal,2020-05-12 04:35 PM,Tree Removal Inspection,TREEMAINTENANCE,"PATINO, ARNULFO",3118 SAN JACINTO ST,"2, ZONE",493T,77004,CLOSED,2020-05-12,04:35 PM
172079,Tree Trim,2020-05-12 04:53 PM,Tree Trim Inspection,TREEMAINTENANCE,"PATINO, ARNULFO",HARWIN DR & SAVOY DR,"2, ZONE",530D,77036,CLOSED,2020-05-12,04:53 PM
172089,Tree Trim,2020-05-13 07:35 AM,Tree Trim Inspection,TREEMAINTENANCE,"BLANCHETTE, PETER", 1400 EDDINGTON ST&700 TELEPHONE RD,"5, ZONE",494X,5456b,CLOSED,2020-05-13,07:35 AM
172092,Tree Trim,2020-05-13 08:18 AM,Tree Trim Inspection,TREEMAINTENANCE,"UF - JONES, CODY",701  ARLINGTON ,"3, ZONE",493A,5358a,CLOSED,2020-05-13,08:18 AM
172093,Tree Trim,2020-05-13 09:01 AM,Tree Trim Inspection,TREEMAINTENANCE,"PATINO, ARNULFO",7323  AQUA ,"2, ZONE",529J,4854b,CLOSED,2020-05-13,09:01 AM
172094,Tree Removal,2020-05-13 09:47 AM,Tree Removal Inspection,TREEMAINTENANCE,"UF - JONES, CODY",616 W 18TH ,"3, ZONE",452V,5259d,CLOSED,2020-05-13,09:47 AM
172095,Tree Trim,2020-05-13 09:48 AM,Tree Trim Inspection,TREEMAINTENANCE,"UF - JONES, CODY", 500 AVONDALE ST&2700 WHITNEY ST,"2, ZONE",493S,5356b,CLOSED,2020-05-13,09:48 AM
172096,Tree Trim,2020-05-13 09:54 AM,Tree Trim Inspection,TREEMAINTENANCE,"PATINO, ARNULFO",6700 BEECHNUT ST,"7, ZONE",530R,77074,CLOSED,2020-05-13,09:54 AM
172097,Tree Trim,2020-05-13 09:56 AM,Tree Trim Inspection,TREEMAINTENANCE,"BLANCHETTE, PETER",8333 BONNER ,"5, ZONE",535Q,5654b,CLOSED,2020-05-13,09:56 AM
172098,Tree Removal,2020-05-13 09:57 AM,Tree Removal Inspection,TREEMAINTENANCE,"BLANCHETTE, PETER",6654  WINTON ,"6, ZONE",533L,5455c,CLOSED,2020-05-13,09:57 AM
172099,Tree Trim,2020-05-13 10:42 AM,Tree Trim Inspection,TREEMAINTENANCE,"UF - JONES, CODY",643  COLUMBIA ,"3, ZONE",493A,5358a,CLOSED,2020-05-13,10:42 AM
172100,Tree Trim,2020-05-13 11:17 AM,Tree Trim Inspection,TREEMAINTENANCE,"BLANCHETTE, PETER",9714  PLUMMER ,"5, ZONE",495R,5657d,CLOSED,2020-05-13,11:17 AM
172101,Tree Trim,2020-05-13 11:24 AM,Tree Trim Inspection,TREEMAINTENANCE,"PATINO, ARNULFO",6514  BANTA ,"7, ZONE",571X,5150a,CLOSED,2020-05-13,11:24 AM
172102,Tree Trim,2020-05-13 11:43 AM,Tree Trim Inspection,TREEMAINTENANCE,"UF - JONES, CODY",6818  GREENHURST ,"3, ZONE",412W,5261a,CLOSED,2020-05-13,11:43 AM
172103,Tree Trim,2020-05-13 11:45 AM,Tree Trim Inspection,TREEMAINTENANCE,"PATINO, ARNULFO",11902  ASHCROFT ,"7, ZONE",571A,5152a,CLOSED,2020-05-13,11:45 AM
172104,Tree Removal,2020-05-13 11:49 AM,Tree Removal Inspection,TREEMAINTENANCE,"UF - POLOVTSEV, SERA",102  ADAMS ,"5, ZONE",494T,5557c,CLOSED,2020-05-13,11:49 AM
172105,Tree Trim,2020-05-13 12:19 PM,Tree Trim Inspection,TREEMAINTENANCE,"UF - JONES, CODY", 1950 BRITTMOORE RD&10900 FULLERTON DR,"3, ZONE",449Q,4959a,CLOSED,2020-05-13,12:19 PM
172106,Tree Trim,2020-05-13 12:28 PM,Tree Trim Inspection,TREEMAINTENANCE,"PATINO, ARNULFO",6400 W BELLFORT AVE,"7, ZONE",570D,77035,CLOSED,2020-05-13,12:28 PM
172108,Tree Trim,2020-05-13 01:05 PM,Tree Trim Inspection,TREEMAINTENANCE,"UF - JONES, CODY",414 E 27TH ,"3, ZONE",453S,5359a,CLOSED,2020-05-13,01:05 PM
172109,Tree Trim,2020-05-13 01:13 PM,Tree Trim Inspection,TREEMAINTENANCE,"PATINO, ARNULFO",6611 FLAMINGO DR,"6, ZONE",534Y,77087,CLOSED,2020-05-13,01:13 PM
172110,Tree Removal,2020-05-13 01:14 PM,Tree Removal Inspection,TREEMAINTENANCE,"UF - JONES, CODY",213  BAYLAND ,"3, ZONE",493B,5358b,CLOSED,2020-05-13,01:14 PM
172112,Tree Trim,2020-05-13 01:52 PM,Tree Trim Inspection,TREEMAINTENANCE,"PATINO, ARNULFO",6103  BELDART ,"6, ZONE",534Y,5553a,CLOSED,2020-05-13,01:52 PM
172113,Tree Removal,2020-05-13 02:35 PM,Tree Removal Inspection,TREEMAINTENANCE,"UF - JONES, CODY",6676  LONG ,"6, ZONE",534R,5554b,CLOSED,2020-05-13,02:35 PM
172114,Tree Trim,2020-05-13 02:50 PM,Tree Trim Inspection,TREEMAINTENANCE,"UF - JONES, CODY",4603  CHAPMAN ,"4, ZONE",453V,5459c,CLOSED,2020-05-13,02:50 PM
172115,Tree Trim,2020-05-13 03:06 PM,Tree Trim Inspection,TREEMAINTENANCE,"PATINO, ARNULFO",2212 TANGLEY ST,"7, ZONE",532C,77005,CLOSED,2020-05-13,03:06 PM
172116,Tree Trim,2020-05-13 03:13 PM,Tree Trim Inspection,TREEMAINTENANCE,"UF - POLOVTSEV, SERA",3118 GREEN ST,"4, ZONE",494E,77020,CLOSED,2020-05-13,03:13 PM
172118,Tree Removal,2020-05-13 03:40 PM,Tree Removal Inspection,TREEMAINTENANCE,"PATINO, ARNULFO",5118  HUMMINGBIRD ,"7, ZONE",531Y,5153d,CLOSED,2020-05-13,03:40 PM
172119,Tree Removal,2020-05-13 04:04 PM,Tree Removal Inspection,TREEMAINTENANCE,"BLANCHETTE, PETER",7903  GLADSTONE ,"6, ZONE",533U,5454c,CLOSED,2020-05-13,04:04 PM
172120,Tree Trim,2020-05-13 04:35 PM,Tree Trim Inspection,TREEMAINTENANCE,"PATINO, ARNULFO",1220  FOUNTAIN VIEW ,"2, ZONE",491N,5157c,CLOSED,2020-05-13,04:35 PM
172121,Tree Trim,2020-05-13 05:19 PM,Tree Trim Inspection,TREEMAINTENANCE,"PATINO, ARNULFO",12906 FENLAND FIELD LN,"7, ZONE",572Q,77047,CLOSED,2020-05-13,05:19 PM
172123,Tree Trim,2020-05-14 12:22 AM,Tree Trim Inspection,TREEMAINTENANCE,"UF - POLOVTSEV, SERA",2901  FULTON ,"4, ZONE",493C,5458a,CLOSED,2020-05-14,12:22 AM
172124,Tree Trim,2020-05-14 12:42 AM,Tree Trim Inspection,TREEMAINTENANCE,"PATINO, ARNULFO",15006  TURKEY TRAIL ,"2, ZONE",488G,4857a,CLOSED,2020-05-14,12:42 AM
172125,Tree Trim,2020-05-14 12:43 AM,Tree Trim Inspection,TREEMAINTENANCE,"PATINO, ARNULFO",14900  MEMORIAL ,"2, ZONE",488G,4857a,CLOSED,2020-05-14,12:43 AM
172126,Tree Removal,2020-05-14 04:46 AM,Tree Removal Inspection,TREEMAINTENANCE,"PATINO, ARNULFO",8200  PARK PLACE ,"5, ZONE",535P,5654a,CLOSED,2020-05-14,04:46 AM
172127,Tree Trim,2020-05-14 08:08 AM,Tree Trim Inspection,TREEMAINTENANCE,"BLANCHETTE, PETER", 8300 BONNER DR&4600 RADCLIFFE,"5, ZONE",535Q,5654d,CLOSED,2020-05-14,08:08 AM
172128,Tree Trim,2020-05-14 08:27 AM,Tree Trim Inspection,TREEMAINTENANCE,"PATINO, ARNULFO",15802 IRONFORK DR,"7, ZONE",571X,77053,CLOSED,2020-05-14,08:27 AM
172129,Tree Removal,2020-05-14 09:08 AM,Tree Removal Inspection,TREEMAINTENANCE,"UF - JONES, CODY",4501 A  EIGEL ,"2, ZONE",492H,5358c,CLOSED,2020-05-14,09:08 AM
172132,Tree Removal,2020-05-14 09:35 AM,Tree Removal Inspection,TREEMAINTENANCE,"UF - JONES, CODY",5318  RANDON ,"3, ZONE",451G,5161d,CLOSED,2020-05-14,09:35 AM
172134,Tree Removal,2020-05-14 09:54 AM,Tree Removal Inspection,TREEMAINTENANCE,"UF - JONES, CODY",10406  MOORBERRY ,"3, ZONE",449V,4959d,CLOSED,2020-05-14,09:54 AM
172135,Tree Stump Grinding,2020-05-14 09:56 AM,Tree Stump Inspection,TREEMAINTENANCE,"PATINO, ARNULFO",3103  VIRGINIA ,"2, ZONE",492U,5256b,CLOSED,2020-05-14,09:56 AM
172136,Tree Removal,2020-05-14 09:57 AM,Tree Removal Inspection,TREEMAINTENANCE,"BLANCHETTE, PETER",501  KRESS ,"4, ZONE",494H,5558a,CLOSED,2020-05-14,09:57 AM
172137,Tree Trim,2020-05-14 09:58 AM,Tree Trim Inspection,TREEMAINTENANCE,"PATINO, ARNULFO",6400 W BELLFORT AVE,"7, ZONE",570D,77035,CLOSED,2020-05-14,09:58 AM
172138,Tree Removal,2020-05-14 10:01 AM,Tree Removal Inspection,TREEMAINTENANCE,"UF - JONES, CODY",5939  DARKWOOD ,"3, ZONE",411T,5162c,CLOSED,2020-05-14,10:01 AM
172140,Tree Trim,2020-05-14 10:08 AM,Tree Trim Inspection,TREEMAINTENANCE,"UF - JONES, CODY",1013  7TH 1/2 ,"3, ZONE",492D,5358a,CLOSED,2020-05-14,10:08 AM
172141,Tree Removal,2020-05-14 10:13 AM,Tree Removal Inspection,TREEMAINTENANCE,"PATINO, ARNULFO",5119  BRIARBEND ,"7, ZONE",531Y,5153d,CLOSED,2020-05-14,10:13 AM
172144,Tree Trim,2020-05-14 10:44 AM,Tree Trim Inspection,TREEMAINTENANCE,"BLANCHETTE, PETER",7001  WINFREE ,"6, ZONE",534R,5554b,CLOSED,2020-05-14,10:44 AM
172145,Tree Trim,2020-05-14 11:00 AM,Tree Trim Inspection,TREEMAINTENANCE,"PATINO, ARNULFO", 1450 ASHFORD PKWY&12500 BRIAR FOREST DR,"2, ZONE",488R,4857c,CLOSED,2020-05-14,11:00 AM
172146,Tree Trim,2020-05-14 11:29 AM,Tree Trim Inspection,TREEMAINTENANCE,"PATINO, ARNULFO",5618  JACKWOOD ,"7, ZONE",531N,5154c,CLOSED,2020-05-14,11:29 AM
172147,Tree Trim,2020-05-14 11:47 AM,Tree Trim Inspection,TREEMAINTENANCE,"PATINO, ARNULFO",2506 MORSE ST,"2, ZONE",492V,77019,CLOSED,2020-05-14,11:47 AM
172148,Tree Trim,2020-05-14 12:42 PM,Tree Trim Inspection,TREEMAINTENANCE,"PATINO, ARNULFO",6142  WESTOVER ,"6, ZONE",534Y,5553a,CLOSED,2020-05-14,12:42 PM
172149,Tree Trim,2020-05-14 01:27 PM,Tree Trim Inspection,TREEMAINTENANCE,"PATINO, ARNULFO",15626 FALL BRIAR DR,"7, ZONE",571X,77489,CLOSED,2020-05-14,01:27 PM
172151,Tree Removal,2020-05-14 03:49 PM,Tree Removal Inspection,TREEMAINTENANCE,"PATINO, ARNULFO",5722  ARIEL ,"7, ZONE",531N,5154c,CLOSED,2020-05-14,03:49 PM
172152,Tree Removal,2020-05-14 04:04 PM,Tree Removal Inspection,TREEMAINTENANCE,"PATINO, ARNULFO",6402  BAZEL BROOK ,"7, ZONE",571X,5150a,CLOSED,2020-05-14,04:04 PM
172153,Tree Removal,2020-05-14 04:42 PM,Tree Removal Inspection,TREEMAINTENANCE,"UF - POLOVTSEV, SERA",12600 GREENS BAYOU ST,"4, ZONE",496G,77013,CLOSED,2020-05-14,04:42 PM
172155,Tree Removal,2020-05-14 06:45 PM,Tree Removal Inspection,TREEMAINTENANCE,"UF - JONES, CODY",711 E 37TH ,"3, ZONE",453N,5360c,CLOSED,2020-05-14,06:45 PM
172156,Tree Trim,2020-05-15 03:38 AM,Tree Trim Inspection,TREEMAINTENANCE,"PATINO, ARNULFO",8202  WATEKA ,"7, ZONE",530P,5054c,CLOSED,2020-05-15,03:38 AM
172157,Tree Trim,2020-05-15 04:59 AM,Tree Trim Inspection,TREEMAINTENANCE,"UF - JONES, CODY",1418  PATTERSON ,"2, ZONE",492H,5358c,CLOSED,2020-05-15,04:59 AM
172158,Tree Trim,2020-05-15 07:06 AM,Tree Trim Inspection,TREEMAINTENANCE,"UF - POLOVTSEV, SERA",9310 HEATHERSIDE ST,"4, ZONE",454C,77016,CLOSED,2020-05-15,07:06 AM
172162,Tree Trim,2020-05-15 09:58 AM,Tree Trim Inspection,TREEMAINTENANCE,"PATINO, ARNULFO",7727  BISSONNET ,"7, ZONE",530Q,5054c,CLOSED,2020-05-15,09:58 AM
172163,Tree Trim,2020-05-15 11:17 AM,Tree Trim Inspection,TREEMAINTENANCE,"PATINO, ARNULFO",6010  VALKEITH ,"7, ZONE",531S,5053b,CLOSED,2020-05-15,11:17 AM
172164,Tree Trim,2020-05-15 11:19 AM,Tree Trim Inspection,TREEMAINTENANCE,"PATINO, ARNULFO",6011 VALKEITH DR,"7, ZONE",531S,77096,CLOSED,2020-05-15,11:19 AM
172165,Tree Trim,2020-05-15 11:21 AM,Tree Trim Inspection,TREEMAINTENANCE,"PATINO, ARNULFO",6030 VALKEITH DR,"7, ZONE",530V,77096,CLOSED,2020-05-15,11:21 AM
172166,Tree Trim,2020-05-15 11:24 AM,Tree Trim Inspection,TREEMAINTENANCE,"PATINO, ARNULFO",11110 FONDA ST,"7, ZONE",531X,77035,CLOSED,2020-05-15,11:24 AM
172167,Tree Trim,2020-05-15 11:26 AM,Tree Trim Inspection,TREEMAINTENANCE,"UF - JONES, CODY",1226 BUNDICK ,"3, ZONE",452B,5261a,CLOSED,2020-05-15,11:26 AM
172168,Tree Trim,2020-05-15 11:44 AM,Tree Trim Inspection,TREEMAINTENANCE,"PATINO, ARNULFO",4828 LA BRANCH ST,"7, ZONE",493X,77004,CLOSED,2020-05-15,11:44 AM
172169,Tree Removal,2020-05-15 11:52 AM,Tree Removal Inspection,TREEMAINTENANCE,"PATINO, ARNULFO",515 AVONDALE ST,"2, ZONE",493S,77006,CLOSED,2020-05-15,11:52 AM
172171,Tree Removal,2020-05-15 12:09 PM,Tree Removal Inspection,TREEMAINTENANCE,"PATINO, ARNULFO",6146 CHAFFIN ST,"6, ZONE",534V,77087,CLOSED,2020-05-15,12:09 PM
172172,Tree Trim,2020-05-15 12:29 PM,Tree Trim Inspection,TREEMAINTENANCE,"BLANCHETTE, PETER",6610  FLAMINGO ,"6, ZONE",534Y,5553a,CLOSED,2020-05-15,12:29 PM
172177,Tree Removal,2020-05-15 02:00 PM,Tree Removal Inspection,TREEMAINTENANCE,"UF - POLOVTSEV, SERA",7606 POINTER ST,"4, ZONE",454K,77016,CLOSED,2020-05-15,02:00 PM
172178,Tree Trim,2020-05-15 04:12 PM,Tree Trim Inspection,TREEMAINTENANCE,"BLANCHETTE, PETER",8622  TARTAN WALK ,"6, ZONE",575Y,5651d,CLOSED,2020-05-15,04:12 PM
172179,Tree Removal,2020-05-15 05:55 PM,Tree Removal Inspection,TREEMAINTENANCE,"PATINO, ARNULFO",9410 CLIFFWOOD DR,"7, ZONE",531R,77096,CLOSED,2020-05-15,05:55 PM
172180,Tree Removal,2020-05-15 05:56 PM,Tree Removal Inspection,TREEMAINTENANCE,"BLANCHETTE, PETER",3200  RUSSELL ,"4, ZONE",494B,5458b,CLOSED,2020-05-15,05:56 PM
172181,Tree Stump Grinding,2020-05-16 02:40 AM,Tree Stump Inspection,TREEMAINTENANCE,"UF - JONES, CODY",705 E 23RD ,"3, ZONE",453S,5359a,CLOSED,2020-05-16,02:40 AM
172182,Tree Code Violation,2020-05-16 05:27 AM,Tree Code Violation Inspection,TREEPROTECTION,"PATINO, ARNULFO",14900  MEMORIAL ,"2, ZONE",488G,4857a,CLOSED,2020-05-16,05:27 AM
172183,Tree Removal,2020-05-16 07:27 AM,Tree Removal Inspection,TREEMAINTENANCE,"PATINO, ARNULFO",11300 GREENWILLOW DR,"7, ZONE",571D,77035,CLOSED,2020-05-16,07:27 AM
172184,Tree Removal,2020-05-16 07:35 AM,Tree Removal Inspection,TREEMAINTENANCE,"BLANCHETTE, PETER",8800  GULF ,"6, ZONE",535Y,5653b,CLOSED,2020-05-16,07:35 AM
172185,Tree Removal,2020-05-16 08:04 AM,Tree Removal Inspection,TREEMAINTENANCE,"BLANCHETTE, PETER", 3500 NITA ST&10500 SCOTT ST,"6, ZONE",573G,5452a,CLOSED,2020-05-16,08:04 AM
172186,Tree Removal,2020-05-16 08:17 AM,Tree Removal Inspection,TREEMAINTENANCE,"BLANCHETTE, PETER",4909  HIGGINS ,"6, ZONE",573D,5453d,CLOSED,2020-05-16,08:17 AM
172187,Tree Trim,2020-05-16 08:37 AM,Tree Trim Inspection,TREEMAINTENANCE,"PATINO, ARNULFO", 6320 ELLA LEE LN&2500 WINROCK BLVD,"2, ZONE",491S,5056b,CLOSED,2020-05-16,08:37 AM
172188,Tree Removal,2020-05-16 08:38 AM,Tree Removal Inspection,TREEMAINTENANCE,"UF - JONES, CODY", 0 NORTH FWY&1200 WHITE OAK DR,"3, ZONE",493G,5358d,CLOSED,2020-05-16,08:38 AM
172189,Tree Removal,2020-05-16 10:18 AM,Tree Removal Inspection,TREEMAINTENANCE,"UF - JONES, CODY",6836  AVENUE S ,"5, ZONE",494R,5557d,CLOSED,2020-05-16,10:18 AM
172190,Tree Removal,2020-05-16 10:20 AM,Tree Removal Inspection,TREEMAINTENANCE,"PATINO, ARNULFO",8012  JUNIUS ,"5, ZONE",535F,5655a,CLOSED,2020-05-16,10:20 AM
172191,Tree Removal,2020-05-16 10:24 AM,Tree Removal Inspection,TREEMAINTENANCE,"BLANCHETTE, PETER",12896  MCNAIR ,"4, ZONE",496H,5858c,CLOSED,2020-05-16,10:24 AM
172192,Tree Removal,2020-05-16 11:03 AM,Tree Removal Inspection,TREEMAINTENANCE,"BLANCHETTE, PETER", 2 N CAROLINA ST&9200 CLINTON DR,"5, ZONE",495Y,5656b,CLOSED,2020-05-16,11:03 AM
172193,Tree Trim,2020-05-16 11:34 AM,Tree Trim Inspection,TREEMAINTENANCE,"BLANCHETTE, PETER",10521  KELBURN ,"4, ZONE",414Z,5562d,CLOSED,2020-05-16,11:34 AM
172194,Tree Removal,2020-05-16 11:39 AM,Tree Removal Inspection,TREEMAINTENANCE,"UF - JONES, CODY",401  HEIGHTS ,"3, ZONE",493E,5358c,CLOSED,2020-05-16,11:39 AM
172195,Tree Removal,2020-05-16 12:45 PM,Tree Removal Inspection,TREEMAINTENANCE,"PATINO, ARNULFO",5802 W RIDGECREEK DR,"7, ZONE",571X,77053,CLOSED,2020-05-16,12:45 PM
172196,Tree Removal,2020-05-16 01:27 PM,Tree Removal Inspection,TREEMAINTENANCE,"UF - JONES, CODY", 100 E 11TH ST&100 W 11TH ST&1100 HEIGHTS BLVD,"3, ZONE",453W,5358a,CLOSED,2020-05-16,01:27 PM
172197,Tree Trim,2020-05-16 01:31 PM,Tree Trim Inspection,TREEMAINTENANCE,"PATINO, ARNULFO",10811  BURDINE ,"7, ZONE",531X,5153c,CLOSED,2020-05-16,01:31 PM
172198,Tree Removal,2020-05-16 02:08 PM,Tree Removal Inspection,TREEMAINTENANCE,"UF - POLOVTSEV, SERA",9807 GILLMAN ST,"4, ZONE",455D,77078,CLOSED,2020-05-16,02:08 PM
172199,Tree Removal,2020-05-16 02:30 PM,Tree Removal Inspection,TREEMAINTENANCE,"PATINO, ARNULFO",4709 DOOLITTLE BLVD,"6, ZONE",533R,77033,CLOSED,2020-05-16,02:30 PM
172200,Tree Removal,2020-05-16 03:28 PM,Tree Removal Inspection,TREEMAINTENANCE,"BLANCHETTE, PETER",6102  CARSON ,"6, ZONE",574K,5552c,CLOSED,2020-05-16,03:28 PM
172201,Tree Removal,2020-05-16 03:32 PM,Tree Removal Inspection,TREEMAINTENANCE,"PATINO, ARNULFO",5900 CHESWOOD ST,"6, ZONE",534U,77087,CLOSED,2020-05-16,03:32 PM
172202,Tree Trim,2020-05-16 05:23 PM,Tree Trim Inspection,TREEMAINTENANCE,"PATINO, ARNULFO", 2 N POST OAK LN&4750 WOODWAY DR,"2, ZONE",491M,5157b,CLOSED,2020-05-16,05:23 PM
172203,Tree Removal,2020-05-16 11:26 PM,Tree Removal Inspection,TREEMAINTENANCE,"UF - POLOVTSEV, SERA",401 S HEIGHTS ,"2, ZONE",493J,5357a,CLOSED,2020-05-16,11:26 PM
172204,Tree Trim,2020-05-17 04:30 AM,Tree Trim Inspection,TREEMAINTENANCE,"UF - JONES, CODY", 200 MALONE ST&5700 VENICE ST,"2, ZONE",492L,5257b,CLOSED,2020-05-17,04:30 AM
172205,Tree Removal,2020-05-17 07:51 AM,Tree Removal Inspection,TREEMAINTENANCE,"PATINO, ARNULFO",8120 WOODWARD ST,"6, ZONE",533T,77051,CLOSED,2020-05-17,07:51 AM
172206,Tree Removal,2020-05-17 08:10 AM,Tree Removal Inspection,TREEMAINTENANCE,"UF - JONES, CODY",4110  CAVALCADE ,"4, ZONE",454X,5459d,CLOSED,2020-05-17,08:10 AM
172207,Tree Removal,2020-05-17 08:59 AM,Tree Removal Inspection,TREEMAINTENANCE,"PATINO, ARNULFO",1800  WESTHEIMER ,"2, ZONE",492V,5356a,CLOSED,2020-05-17,08:59 AM
172208,Tree Removal,2020-05-17 09:02 AM,Tree Removal Inspection,TREEMAINTENANCE,"UF - JONES, CODY", 4000 FLOYD ST&700 LEVERKUHN ST,"2, ZONE",492M,5357a,CLOSED,2020-05-17,09:02 AM
172209,Tree Trim,2020-05-17 12:15 PM,Tree Trim Inspection,TREEMAINTENANCE,"PATINO, ARNULFO",8302 BRANDON ST,"6, ZONE",533U,77051,CLOSED,2020-05-17,12:15 PM
172210,Tree Trim,2020-05-17 12:31 PM,Tree Trim Inspection,TREEMAINTENANCE,"UF - JONES, CODY",7207  DROWSY PINE ,"3, ZONE",411W,5061d,CLOSED,2020-05-17,12:31 PM
172211,Tree Trim,2020-05-17 12:35 PM,Tree Trim Inspection,TREEMAINTENANCE,"UF - JONES, CODY", 2100 ERNESTINE ST&1000 MUNGER ST,"5, ZONE",494W,5456d,CLOSED,2020-05-17,12:35 PM
172212,Tree Removal,2020-05-17 01:17 PM,Tree Removal Inspection,TREEMAINTENANCE,"PATINO, ARNULFO",11923 NEWBROOK DR,"2, ZONE",529N,77072,CLOSED,2020-05-17,01:17 PM
172213,Tree Removal,2020-05-17 03:22 PM,Tree Removal Inspection,TREEMAINTENANCE,"PATINO, ARNULFO",4600 N WAYSIDE DR,"4, ZONE",455W,77028,CLOSED,2020-05-17,03:22 PM
172214,Tree Trim,2020-05-17 03:58 PM,Tree Trim Inspection,TREEMAINTENANCE,"BLANCHETTE, PETER",9603  MANGO ,"6, ZONE",576S,5751a,CLOSED,2020-05-17,03:58 PM
172215,Tree Trim,2020-05-18 06:13 AM,Tree Trim Inspection,TREEMAINTENANCE,"UF - JONES, CODY",2211 W T C JESTER ,"3, ZONE",452T,5259c,CLOSED,2020-05-18,06:13 AM
172218,Tree Trim,2020-05-18 07:52 AM,Tree Trim Inspection,TREEMAINTENANCE,"BLANCHETTE, PETER", 6501 SHERMAN ST,"5, ZONE",494U,5556a,CLOSED,2020-05-18,07:52 AM
172219,Tree Trim,2020-05-18 07:59 AM,Tree Trim Inspection,TREEMAINTENANCE,"BLANCHETTE, PETER", 6700 ALPINE DR&6730 BRACE ST,"6, ZONE",574C,5553c,CLOSED,2020-05-18,07:59 AM
172220,Tree Removal,2020-05-18 08:13 AM,Tree Removal Inspection,TREEMAINTENANCE,"UF - JONES, CODY",713 E 14TH ,"3, ZONE",453W,5359c,CLOSED,2020-05-18,08:13 AM
172221,Tree Removal,2020-05-18 08:40 AM,Tree Removal Inspection,TREEMAINTENANCE,"PATINO, ARNULFO",13054 MEMORIAL DR,"2, ZONE",489G,77079,CLOSED,2020-05-18,08:40 AM
172222,Tree Trim,2020-05-18 08:46 AM,Tree Trim Inspection,TREEMAINTENANCE,"UF - POLOVTSEV, SERA",4900 LYONS AVE,"4, ZONE",494G,77020,CLOSED,2020-05-18,08:46 AM
172223,Tree Trim,2020-05-18 08:47 AM,Tree Trim Inspection,TREEMAINTENANCE,"BLANCHETTE, PETER",6026  MILART ,"6, ZONE",534J,5454b,CLOSED,2020-05-18,08:47 AM
172226,Tree Removal,2020-05-18 09:53 AM,Tree Removal Inspection,TREEMAINTENANCE,"PATINO, ARNULFO",6103  WIGTON ,"7, ZONE",530Z,5053b,CLOSED,2020-05-18,09:53 AM
172227,Tree Removal,2020-05-18 10:08 AM,Tree Removal Inspection,TREEMAINTENANCE,"PATINO, ARNULFO",4602 TETON ST,"6, ZONE",533V,77051,CLOSED,2020-05-18,10:08 AM
172229,Tree Removal,2020-05-18 10:24 AM,Tree Removal Inspection,TREEMAINTENANCE,"UF - JONES, CODY",627  8TH 1/2 ,"3, ZONE",493A,5358a,CLOSED,2020-05-18,10:24 AM
172230,Tree Trim,2020-05-18 10:31 AM,Tree Trim Inspection,TREEMAINTENANCE,"BLANCHETTE, PETER",9210  HOMESTEAD ,"4, ZONE",454H,5561d,CLOSED,2020-05-18,10:31 AM
172231,Tree Removal,2020-05-18 10:39 AM,Tree Removal Inspection,TREEMAINTENANCE,"UF - JONES, CODY",446  OXFORD ,"3, ZONE",493E,5358c,CLOSED,2020-05-18,10:39 AM
172232,Tree Removal,2020-05-18 10:44 AM,Tree Removal Inspection,TREEMAINTENANCE,"UF - POLOVTSEV, SERA",120  LATHROP ,"4, ZONE",494D,5558b,CLOSED,2020-05-18,10:44 AM
172234,Tree Removal,2020-05-18 11:13 AM,Tree Removal Inspection,TREEMAINTENANCE,"BLANCHETTE, PETER",1311  RUELL ,"5, ZONE",535M,5654b,CLOSED,2020-05-18,11:13 AM
172235,Tree Removal,2020-05-18 11:20 AM,Tree Removal Inspection,TREEMAINTENANCE,"UF - JONES, CODY",1029  EBERHARD ,"2, ZONE",493N,5357c,CLOSED,2020-05-18,11:20 AM
172236,Tree Removal,2020-05-18 12:26 PM,Tree Removal Inspection,TREEMAINTENANCE,"PATINO, ARNULFO",15623 BRIAR SPRING CT,"7, ZONE",571X,77489,CLOSED,2020-05-18,12:26 PM
172237,Tree Trim,2020-05-18 12:40 PM,Tree Trim Inspection,TREEMAINTENANCE,"UF - POLOVTSEV, SERA",7709 CABOT ST,"4, ZONE",455A,77016,CLOSED,2020-05-18,12:40 PM
172238,Tree Removal,2020-05-18 12:53 PM,Tree Removal Inspection,TREEMAINTENANCE,"PATINO, ARNULFO",2930 TIDEWATER DR,"7, ZONE",572L,77045,CLOSED,2020-05-18,12:53 PM
172239,Tree Trim,2020-05-18 01:22 PM,Tree Trim Inspection,TREEMAINTENANCE,"UF - JONES, CODY",1909  PRESLEY ,"4, ZONE",453M,5460c,CLOSED,2020-05-18,01:22 PM
172240,Tree Trim,2020-05-18 02:00 PM,Tree Trim Inspection,TREEMAINTENANCE,"BLANCHETTE, PETER",8021  BRUMBLAY ,"5, ZONE",535F,5655a,CLOSED,2020-05-18,02:00 PM
172241,Tree Removal,2020-05-18 02:08 PM,Tree Removal Inspection,TREEMAINTENANCE,"BLANCHETTE, PETER",11502  SAGEGROVE ,"6, ZONE",576Y,5750b,CLOSED,2020-05-18,02:08 PM
172242,Tree Removal,2020-05-18 03:06 PM,Tree Removal Inspection,TREEMAINTENANCE,"PATINO, ARNULFO",PARK MANOR ST & SHADOWRIDGE DR,"7, ZONE",611C,77053,CLOSED,2020-05-18,03:06 PM
172243,Tree Removal,2020-05-18 03:09 PM,Tree Removal Inspection,TREEMAINTENANCE,"PATINO, ARNULFO",3720  WESTHEIMER ,"2, ZONE",492S,5256a,CLOSED,2020-05-18,03:09 PM
172244,Tree Trim,2020-05-18 03:26 PM,Tree Trim Inspection,TREEMAINTENANCE,"PATINO, ARNULFO",5801  WOODWAY ,"2, ZONE",491K,5157a,CLOSED,2020-05-18,03:26 PM
172245,Tree Trim,2020-05-18 05:09 PM,Tree Trim Inspection,TREEMAINTENANCE,"PATINO, ARNULFO", 7000 KENDALIA DR&9300 LEADER ST,"2, ZONE",530E,4955d,CLOSED,2020-05-18,05:09 PM
172246,Tree Trim,2020-05-18 07:02 PM,Tree Trim Inspection,TREEMAINTENANCE,"BLANCHETTE, PETER",2711  FOREST OAKS ,"5, ZONE",536S,5754c,CLOSED,2020-05-18,07:02 PM
172247,Tree Removal,2020-05-19 03:53 AM,Tree Removal Inspection,TREEMAINTENANCE,"BLANCHETTE, PETER",6010  MILART ,"6, ZONE",534J,5454b,CLOSED,2020-05-19,03:53 AM
172248,Tree Removal,2020-05-19 05:46 AM,Tree Removal Inspection,TREEMAINTENANCE,"PATINO, ARNULFO", 4800 BROOKFIELD DR&14600 CAMPDEN HILL RD,"7, ZONE",571V,5251c,CLOSED,2020-05-19,05:46 AM
172249,Tree Trim,2020-05-19 06:38 AM,Tree Trim Inspection,TREEMAINTENANCE,"UF - POLOVTSEV, SERA",7710 CLAIBORNE ST,"4, ZONE",455A,77016,CLOSED,2020-05-19,06:38 AM
172250,Tree Trim,2020-05-19 07:03 AM,Tree Trim Inspection,TREEMAINTENANCE,"UF - POLOVTSEV, SERA", 7200 RAY ST&2200 VANCE ST,"4, ZONE",454J,5460c,CLOSED,2020-05-19,07:03 AM
172251,Tree Removal,2020-05-19 07:12 AM,Tree Removal Inspection,TREEMAINTENANCE,"BLANCHETTE, PETER",7441  CALHOUN ,"6, ZONE",533V,5454c,CLOSED,2020-05-19,07:12 AM
172252,Tree Trim,2020-05-19 07:18 AM,Tree Trim Inspection,TREEMAINTENANCE,"PATINO, ARNULFO",1605 ALLEN PKWY,"2, ZONE",493K,77019,CLOSED,2020-05-19,07:18 AM
172253,Tree Trim,2020-05-19 07:42 AM,Tree Trim Inspection,TREEMAINTENANCE,"BLANCHETTE, PETER",3820  YELLOWSTONE ,"6, ZONE",533L,5454a,CLOSED,2020-05-19,07:42 AM
172254,Tree Trim,2020-05-19 08:41 AM,Tree Trim Inspection,TREEMAINTENANCE,"UF - JONES, CODY",1850  CORTLANDT ,"3, ZONE",453S,5359c,CLOSED,2020-05-19,08:41 AM
172256,Tree Trim,2020-05-19 09:55 AM,Tree Trim Inspection,TREEMAINTENANCE,"PATINO, ARNULFO",6300  TAGGART ,"2, ZONE",492F,5258d,CLOSED,2020-05-19,09:55 AM
172257,Tree Removal,2020-05-19 09:56 AM,Tree Removal Inspection,TREEMAINTENANCE,"BLANCHETTE, PETER",8032  GLADSTONE ,"6, ZONE",533U,5454c,CLOSED,2020-05-19,09:56 AM
172258,Tree Trim,2020-05-19 09:59 AM,Tree Trim Inspection,TREEMAINTENANCE,"PATINO, ARNULFO",8510  CARVEL ,"2, ZONE",530J,5054a,CLOSED,2020-05-19,09:59 AM
172259,Tree Removal,2020-05-19 10:04 AM,Tree Removal Inspection,TREEMAINTENANCE,"BLANCHETTE, PETER", 448 S 75TH ST ,"5, ZONE",535A,5556d,CLOSED,2020-05-19,10:04 AM
172260,Tree Removal,2020-05-19 10:17 AM,Tree Removal Inspection,TREEMAINTENANCE,"UF - POLOVTSEV, SERA",2214  WIPPRECHT ,"4, ZONE",494C,5558a,CLOSED,2020-05-19,10:17 AM
172261,Tree Removal,2020-05-19 10:25 AM,Tree Removal Inspection,TREEMAINTENANCE,"PATINO, ARNULFO",6430  BAZEL BROOK ,"7, ZONE",571X,5150a,CLOSED,2020-05-19,10:25 AM
172263,Tree Trim,2020-05-19 10:58 AM,Tree Trim Inspection,TREEMAINTENANCE,"PATINO, ARNULFO",14403 WHITE HEATHER DR,"7, ZONE",572N,77045,CLOSED,2020-05-19,10:58 AM
172267,Tree Trim,2020-05-19 01:59 PM,Tree Trim Inspection,TREEMAINTENANCE,"BLANCHETTE, PETER",24231  LIGHTWOODS ,"4, ZONE",338L,5969d,CLOSED,2020-05-19,01:59 PM
172268,Tree Trim,2020-05-19 02:03 PM,Tree Trim Inspection,TREEMAINTENANCE,"BLANCHETTE, PETER", 4300 W LAKE HOUSTON PKWY&3400 NORTHPARK DR,"4, ZONE",297T,5870a,CLOSED,2020-05-19,02:03 PM
172269,Tree Removal,2020-05-19 02:17 PM,Tree Removal Inspection,TREEMAINTENANCE,"PATINO, ARNULFO",9318 LONGSTAFF DR,"7, ZONE",570A,77031,CLOSED,2020-05-19,02:17 PM
172270,Tree Trim,2020-05-19 02:54 PM,Tree Trim Inspection,TREEMAINTENANCE,"PATINO, ARNULFO", 1700 FAIRVIEW AVE&2400 WINDSOR ST,"2, ZONE",492V,5356a,CLOSED,2020-05-19,02:54 PM
172271,Tree Removal,2020-05-19 03:12 PM,Tree Removal Inspection,TREEMAINTENANCE,"BLANCHETTE, PETER",7340  SIMS ,"6, ZONE",534Z,5553b,CLOSED,2020-05-19,03:12 PM
172272,Tree Removal,2020-05-19 04:22 PM,Tree Removal Inspection,TREEMAINTENANCE,"PATINO, ARNULFO",12813 ARP ST,"7, ZONE",570R,77085,CLOSED,2020-05-19,04:22 PM
172273,Tree Removal,2020-05-19 06:30 PM,Tree Removal Inspection,TREEMAINTENANCE,"BLANCHETTE, PETER",10700  ROSEHAVEN ,"6, ZONE",573F,5352b,CLOSED,2020-05-19,06:30 PM
172274,Tree Trim,2020-05-19 08:49 PM,Tree Trim Inspection,TREEMAINTENANCE,"PATINO, ARNULFO",12402 SEA BISCUIT LN,"7, ZONE",570G,77071,CLOSED,2020-05-19,08:49 PM
172275,Tree Trim,2020-05-20 01:33 AM,Tree Trim Inspection,TREEMAINTENANCE,"PATINO, ARNULFO",1750  WROXTON ,"7, ZONE",532D,5356c,CLOSED,2020-05-20,01:33 AM
172276,Tree Removal,2020-05-20 04:18 AM,Tree Removal Inspection,TREEMAINTENANCE,"PATINO, ARNULFO",1746  WROXTON ,"7, ZONE",532D,5356c,CLOSED,2020-05-20,04:18 AM
172277,Tree Trim,2020-05-20 04:52 AM,Tree Trim Inspection,TREEMAINTENANCE,"PATINO, ARNULFO",10919 MULLINS DR,"7, ZONE",531W,77096,CLOSED,2020-05-20,04:52 AM
172278,Tree Trim,2020-05-20 04:55 AM,Tree Trim Inspection,TREEMAINTENANCE,"PATINO, ARNULFO",5638 PORTAL DR,"7, ZONE",531W,77096,CLOSED,2020-05-20,04:55 AM
172279,Tree Removal,2020-05-20 05:04 AM,Tree Removal Inspection,TREEMAINTENANCE,"PATINO, ARNULFO",5820 W FUQUA ,"7, ZONE",571T,5151d,CLOSED,2020-05-20,05:04 AM
172281,Tree Trim,2020-05-20 08:04 AM,Tree Trim Inspection,TREEMAINTENANCE,"BLANCHETTE, PETER", 8301 TAVENOR ,"6, ZONE",575K,5652c,CLOSED,2020-05-20,08:04 AM
172282,Tree Trim,2020-05-20 08:17 AM,Tree Trim Inspection,TREEMAINTENANCE,"PATINO, ARNULFO", 14500 HIRAM CLARKE RD&4500 TIFFANY DR,"7, ZONE",571R,5251c,CLOSED,2020-05-20,08:17 AM
172283,Tree Removal,2020-05-20 08:59 AM,Tree Removal Inspection,TREEMAINTENANCE,"UF - JONES, CODY", 7300 BIGWOOD ST&7300 BRETSHIRE DR,"4, ZONE",455A,5561b,CLOSED,2020-05-20,08:59 AM
172284,Tree Trim,2020-05-20 09:00 AM,Tree Trim Inspection,TREEMAINTENANCE,"PATINO, ARNULFO",7903 BRAESVIEW LN,"7, ZONE",530U,77071,CLOSED,2020-05-20,09:00 AM
172285,Tree Trim,2020-05-20 09:10 AM,Tree Trim Inspection,TREEMAINTENANCE,"UF - JONES, CODY",1139  JEROME ,"3, ZONE",453S,5359d,CLOSED,2020-05-20,09:10 AM
172286,Tree Trim,2020-05-20 09:54 AM,Tree Trim Inspection,TREEMAINTENANCE,"BLANCHETTE, PETER",15571  PENSGATE ,"5, ZONE",618J,5949b,CLOSED,2020-05-20,09:54 AM
172287,Tree Trim,2020-05-20 10:29 AM,Tree Trim Inspection,TREEMAINTENANCE,"PATINO, ARNULFO",11685  ALIEF CLODINE ,"2, ZONE",529B,4855d,CLOSED,2020-05-20,10:29 AM
172288,Tree Removal,2020-05-20 10:46 AM,Tree Removal Inspection,TREEMAINTENANCE,"UF - POLOVTSEV, SERA",6910 ALDERSON ST,"4, ZONE",494D,77020,CLOSED,2020-05-20,10:46 AM
172289,Tree Trim,2020-05-20 10:48 AM,Tree Trim Inspection,TREEMAINTENANCE,"BLANCHETTE, PETER", 15600 EL CAMINO REAL&1000 EL DORADO BLVD,"5, ZONE",618K,5949b,CLOSED,2020-05-20,10:48 AM
172290,Tree Trim,2020-05-20 10:59 AM,Tree Trim Inspection,TREEMAINTENANCE,"BLANCHETTE, PETER", 600 EL DORADO BLVD&15600 GALVESTON RD,"5, ZONE",618N,5949b,CLOSED,2020-05-20,10:59 AM
172291,Tree Trim,2020-05-20 11:03 AM,Tree Trim Inspection,TREEMAINTENANCE,"PATINO, ARNULFO",12522 BEAR VALLEY DR,"2, ZONE",528H,77072,CLOSED,2020-05-20,11:03 AM
172292,Tree Removal,2020-05-20 11:09 AM,Tree Removal Inspection,TREEMAINTENANCE,"BLANCHETTE, PETER",5202  ENYART ,"6, ZONE",534N,5454b,CLOSED,2020-05-20,11:09 AM
172293,Tree Trim,2020-05-20 11:17 AM,Tree Trim Inspection,TREEMAINTENANCE,"BLANCHETTE, PETER", 707 EL DORADO BLVD,"5, ZONE",618N,5949b,CLOSED,2020-05-20,11:17 AM
172294,Tree Trim,2020-05-20 11:22 AM,Tree Trim Inspection,TREEMAINTENANCE,"UF - POLOVTSEV, SERA",4301  TOPPING ,"4, ZONE",454C,5561a,CLOSED,2020-05-20,11:22 AM
172295,Tree Removal,2020-05-20 11:24 AM,Tree Removal Inspection,TREEMAINTENANCE,"PATINO, ARNULFO",11019  LANDS WALK ,"2, ZONE",529X,4953c,CLOSED,2020-05-20,11:24 AM
172296,Tree Removal,2020-05-20 12:06 PM,Tree Removal Inspection,TREEMAINTENANCE,"UF - JONES, CODY",8113  WAY ,"4, ZONE",455F,5661c,CLOSED,2020-05-20,12:06 PM
172297,Tree Trim,2020-05-20 12:25 PM,Tree Trim Inspection,TREEMAINTENANCE,"PATINO, ARNULFO",3326 OVERCROSS DR,"7, ZONE",572F,77045,CLOSED,2020-05-20,12:25 PM
172298,Tree Removal,2020-05-20 01:00 PM,Tree Removal Inspection,TREEMAINTENANCE,"UF - JONES, CODY",10206  LONDONDERRY ,"3, ZONE",449V,4959d,CLOSED,2020-05-20,01:00 PM
172299,Tree Removal,2020-05-20 02:02 PM,Tree Removal Inspection,TREEMAINTENANCE,"UF - POLOVTSEV, SERA",2414 FULTON ST,"4, ZONE",493C,77009,CLOSED,2020-05-20,02:02 PM
172310,Tree Trim,2020-05-20 04:29 PM,Tree Trim Inspection,TREEMAINTENANCE,"PATINO, ARNULFO",7523 TROULON DR,"7, ZONE",530L,77074,CLOSED,2020-05-20,04:29 PM
172311,Tree Removal,2020-05-20 04:34 PM,Tree Removal Inspection,TREEMAINTENANCE,"UF - POLOVTSEV, SERA",206 E JOHN ALBER RD,"4, ZONE",413S,77037,CLOSED,2020-05-20,04:34 PM
172312,Tree Trim,2020-05-20 04:35 PM,Tree Trim Inspection,TREEMAINTENANCE,"PATINO, ARNULFO",1401 S GESSNER RD,"2, ZONE",490N,77063,CLOSED,2020-05-20,04:35 PM
172313,Tree Removal,2020-05-20 05:10 PM,Tree Removal Inspection,TREEMAINTENANCE,"PATINO, ARNULFO",8803  NEFF ,"2, ZONE",530J,4954b,CLOSED,2020-05-20,05:10 PM
172315,Tree Trim,2020-05-20 05:50 PM,Tree Trim Inspection,TREEMAINTENANCE,"UF - POLOVTSEV, SERA",2310  GANO ,"4, ZONE",493D,5458a,CLOSED,2020-05-20,05:50 PM
172316,Tree Removal,2020-05-20 07:48 PM,Tree Removal Inspection,TREEMAINTENANCE,"UF - JONES, CODY",220 W 10TH ,"3, ZONE",492D,5358a,CLOSED,2020-05-20,07:48 PM
172317,Tree Removal,2020-05-20 08:19 PM,Tree Removal Inspection,TREEMAINTENANCE,"UF - POLOVTSEV, SERA",8014 MAGNA ST,"4, ZONE",454K,77093,CLOSED,2020-05-20,08:19 PM
172319,Tree Trim,2020-05-21 07:04 AM,Tree Trim Inspection,TREEMAINTENANCE,"BLANCHETTE, PETER",9436  COFFEE ,"6, ZONE",573D,5453c,CLOSED,2020-05-21,07:04 AM
172320,Tree Trim,2020-05-21 08:05 AM,Tree Trim Inspection,TREEMAINTENANCE,"BLANCHETTE, PETER", 5900 DEL RIO ST&3300 PARKWOOD DR&3400 S PARKWOOD DR,"6, ZONE",533G,5455c,CLOSED,2020-05-21,08:05 AM
172321,Tree Trim,2020-05-21 08:27 AM,Tree Trim Inspection,TREEMAINTENANCE,"UF - JONES, CODY",1013  7TH 1/2 ,"3, ZONE",492D,5358a,CLOSED,2020-05-21,08:27 AM
172322,Tree Removal,2020-05-21 09:13 AM,Tree Removal Inspection,TREEMAINTENANCE,"BLANCHETTE, PETER",12217  PALMFREE ,"5, ZONE",576R,5852c,CLOSED,2020-05-21,09:13 AM
172323,Tree Trim,2020-05-21 09:24 AM,Tree Trim Inspection,TREEMAINTENANCE,"UF - JONES, CODY",5201  MEMORIAL ,"2, ZONE",492L,5257b,CLOSED,2020-05-21,09:24 AM
172324,Tree Trim,2020-05-21 09:28 AM,Tree Trim Inspection,TREEMAINTENANCE,"UF - POLOVTSEV, SERA",12561  GREENS BAYOU ,"4, ZONE",496G,5758d,CLOSED,2020-05-21,09:28 AM
172325,Tree Removal,2020-05-21 09:30 AM,Tree Removal Inspection,TREEMAINTENANCE,"PATINO, ARNULFO",12813  ARP ,"7, ZONE",570R,5051d,CLOSED,2020-05-21,09:30 AM
172326,Tree Trim,2020-05-21 09:44 AM,Tree Trim Inspection,TREEMAINTENANCE,"BLANCHETTE, PETER",10731 SOUTHVIEW ST,"6, ZONE",573G,5452a,CLOSED,2020-05-21,09:44 AM
172327,Tree Trim,2020-05-21 11:05 AM,Tree Trim Inspection,TREEMAINTENANCE,"PATINO, ARNULFO",208 BAYLAND AVE,"3, ZONE",493B,77009,CLOSED,2020-05-21,11:05 AM
172328,Tree Trim,2020-05-21 11:09 AM,Tree Trim Inspection,TREEMAINTENANCE,"PATINO, ARNULFO",2132  BISSONNET ,"7, ZONE",492Y,5356c,CLOSED,2020-05-21,11:09 AM
172329,Tree Trim,2020-05-21 11:11 AM,Tree Trim Inspection,TREEMAINTENANCE,"PATINO, ARNULFO",2246  BISSONNET ,"7, ZONE",492Y,5256d,CLOSED,2020-05-21,11:11 AM
172330,Tree Trim,2020-05-21 11:14 AM,Tree Trim Inspection,TREEMAINTENANCE,"PATINO, ARNULFO",5230  HAZARD ,"7, ZONE",492Z,5356c,CLOSED,2020-05-21,11:14 AM
172331,Tree Trim,2020-05-21 11:32 AM,Tree Trim Inspection,TREEMAINTENANCE,"BLANCHETTE, PETER",5102  PEASE ,"5, ZONE",494X,5556c,CLOSED,2020-05-21,11:32 AM
172332,Tree Planting,2020-05-21 11:37 AM,Tree Planting Inspection,TREEPROTECTION,"PATINO, ARNULFO",6302 ROWAN LN,"7, ZONE",531J,77074,CLOSED,2020-05-21,11:37 AM
172333,Tree Trim,2020-05-21 12:06 PM,Tree Trim Inspection,TREEMAINTENANCE,"UF - JONES, CODY",2811  WESTGROVE ,"2, ZONE",492S,5256a,CLOSED,2020-05-21,12:06 PM
172334,Tree Removal,2020-05-21 02:00 PM,Tree Removal Inspection,TREEMAINTENANCE,"PATINO, ARNULFO",5106 RIDGEHAVEN DR,"7, ZONE",611C,77053,CLOSED,2020-05-21,02:00 PM
172336,Tree Trim,2020-05-21 02:28 PM,Tree Trim Inspection,TREEMAINTENANCE,"PATINO, ARNULFO",12627 WESTELLA DR,"2, ZONE",488R,77077,CLOSED,2020-05-21,02:28 PM
172337,Tree Removal,2020-05-21 03:08 PM,Tree Removal Inspection,TREEMAINTENANCE,"UF - JONES, CODY",8306  BIGWOOD ,"4, ZONE",455C,5661a,CLOSED,2020-05-21,03:08 PM
172338,Tree Removal,2020-05-21 03:22 PM,Tree Removal Inspection,TREEMAINTENANCE,"UF - JONES, CODY",1038  LAWRENCE ,"3, ZONE",492D,5358a,CLOSED,2020-05-21,03:22 PM
172339,Tree Trim,2020-05-21 04:14 PM,Tree Trim Inspection,TREEMAINTENANCE,"UF - JONES, CODY",8302  BIGWOOD ,"4, ZONE",455C,5661a,CLOSED,2020-05-21,04:14 PM
172340,Tree Trim,2020-05-21 04:34 PM,Tree Trim Inspection,TREEMAINTENANCE,"UF - POLOVTSEV, SERA",3431 MILBRAD ST,"4, ZONE",454X,77026,CLOSED,2020-05-21,04:34 PM
172341,Tree Removal,2020-05-21 04:55 PM,Tree Removal Inspection,TREEMAINTENANCE,"UF - JONES, CODY",1613  FAIRVIEW ,"2, ZONE",492V,5356a,CLOSED,2020-05-21,04:55 PM
172342,Tree Removal,2020-05-21 05:12 PM,Tree Removal Inspection,TREEMAINTENANCE,"UF - POLOVTSEV, SERA",4806  WYNNEWOOD ,"4, ZONE",456T,5759a,CLOSED,2020-05-21,05:12 PM
172343,Tree Code Violation,2020-05-21 07:40 PM,Tree Code Violation Inspection,TREEPROTECTION,"UF - JONES, CODY",1015 E 27TH ,"3, ZONE",453T,5359b,CLOSED,2020-05-21,07:40 PM
172344,Tree Trim,2020-05-21 07:55 PM,Tree Trim Inspection,TREEMAINTENANCE,"BLANCHETTE, PETER",7331  LINDENCREST ,"6, ZONE",575A,5553d,CLOSED,2020-05-21,07:55 PM
172345,Tree Removal,2020-05-21 09:01 PM,Tree Removal Inspection,TREEMAINTENANCE,"PATINO, ARNULFO",11507 PLUMBROOK DR,"2, ZONE",529X,77099,CLOSED,2020-05-21,09:01 PM
172349,Tree Trim,2020-05-22 08:53 AM,Tree Trim Inspection,TREEMAINTENANCE,"PATINO, ARNULFO", 3400 JULIAN ST&900 OMAR ST,"3, ZONE",493B,5358b,CLOSED,2020-05-22,08:53 AM
172350,Tree Trim,2020-05-22 09:03 AM,Tree Trim Inspection,TREEMAINTENANCE,"PATINO, ARNULFO",7830 HUMMINGBIRD ST,"7, ZONE",530Y,77071,CLOSED,2020-05-22,09:03 AM
172351,Tree Removal,2020-05-22 09:07 AM,Tree Removal Inspection,TREEMAINTENANCE,"PATINO, ARNULFO",1009  MISSOURI ,"2, ZONE",493S,5356a,CLOSED,2020-05-22,09:07 AM
172352,Tree Trim,2020-05-22 09:39 AM,Tree Trim Inspection,TREEMAINTENANCE,"PATINO, ARNULFO","1943 NORFOLK ST, APT A","2, ZONE",492Z,77098,CLOSED,2020-05-22,09:39 AM
172353,Tree Removal,2020-05-22 09:55 AM,Tree Removal Inspection,TREEMAINTENANCE,"PATINO, ARNULFO",312  CARNARVON ,"2, ZONE",491G,5158d,CLOSED,2020-05-22,09:55 AM
172354,Tree Removal,2020-05-22 11:09 AM,Tree Removal Inspection,TREEMAINTENANCE,"PATINO, ARNULFO",13054 MEMORIAL DR,"2, ZONE",489G,77079,CLOSED,2020-05-22,11:09 AM
172357,Tree Trim,2020-05-22 12:56 PM,Tree Trim Inspection,TREEMAINTENANCE,"PATINO, ARNULFO",15435 APPLERIDGE DR,"7, ZONE",570Z,77489,CLOSED,2020-05-22,12:56 PM
172358,Tree Removal,2020-05-22 01:53 PM,Tree Removal Inspection,TREEMAINTENANCE,"UF - JONES, CODY", 8600 ELBERT ST&7500 LAURA KOPPE RD,"4, ZONE",455E,5561d,CLOSED,2020-05-22,01:53 PM
172359,Tree Removal,2020-05-22 02:10 PM,Tree Removal Inspection,TREEMAINTENANCE,"PATINO, ARNULFO",7401  BROMPTON ,"7, ZONE",532K,5255d,CLOSED,2020-05-22,02:10 PM
172360,Tree Trim,2020-05-22 02:31 PM,Tree Trim Inspection,TREEMAINTENANCE,"UF - POLOVTSEV, SERA",2903 JENSEN DR,"4, ZONE",494A,77026,CLOSED,2020-05-22,02:31 PM
172362,Tree Trim,2020-05-22 03:04 PM,Tree Trim Inspection,TREEMAINTENANCE,"PATINO, ARNULFO",15522 FALL BRIAR DR,"7, ZONE",571X,77489,CLOSED,2020-05-22,03:04 PM
172363,Tree Trim,2020-05-22 03:11 PM,Tree Trim Inspection,TREEMAINTENANCE,"PATINO, ARNULFO",4626 SMOOTH OAK LN,"7, ZONE",571V,77053,CLOSED,2020-05-22,03:11 PM
172364,Tree Trim,2020-05-22 03:25 PM,Tree Trim Inspection,TREEMAINTENANCE,"BLANCHETTE, PETER",3346  DULCREST ,"6, ZONE",573F,5352b,CLOSED,2020-05-22,03:25 PM
172365,Tree Trim,2020-05-22 03:57 PM,Tree Trim Inspection,TREEMAINTENANCE,"BLANCHETTE, PETER",503  EL DORADO ,"5, ZONE",618N,5949d,CLOSED,2020-05-22,03:57 PM
172366,Tree Removal,2020-05-23 04:55 AM,Tree Removal Inspection,TREEMAINTENANCE,"UF - JONES, CODY",341  DORCHESTER ,"4, ZONE",453Q,5360d,CLOSED,2020-05-23,04:55 AM
172367,Tree Trim,2020-05-23 07:52 AM,Tree Trim Inspection,TREEMAINTENANCE,"PATINO, ARNULFO",5802 W RIDGECREEK DR,"7, ZONE",571X,77053,CLOSED,2020-05-23,07:52 AM
172368,Tree Removal,2020-05-23 10:09 AM,Tree Removal Inspection,TREEMAINTENANCE,"BLANCHETTE, PETER",9614  ASHVILLE ,"6, ZONE",573B,5453c,CLOSED,2020-05-23,10:09 AM
172369,Tree Removal,2020-05-23 12:02 PM,Tree Removal Inspection,TREEMAINTENANCE,"UF - JONES, CODY",1305  ASHLAND ,"3, ZONE",452Z,5359c,CLOSED,2020-05-23,12:02 PM
172370,Tree Trim,2020-05-23 03:00 PM,Tree Trim Inspection,TREEMAINTENANCE,"BLANCHETTE, PETER", 4300 W LAKE HOUSTON PKWY&3400 NORTHPARK DR,"4, ZONE",297T,5870a,CLOSED,2020-05-23,03:00 PM
172371,Tree Trim,2020-05-24 03:10 AM,Tree Trim Inspection,TREEMAINTENANCE,"UF - JONES, CODY",2210  DEWALT ,"3, ZONE",412N,5262a,CLOSED,2020-05-24,03:10 AM
172372,Tree Removal,2020-05-24 04:50 AM,Tree Removal Inspection,TREEMAINTENANCE,"PATINO, ARNULFO",13054  MEMORIAL ,"2, ZONE",489G,4957a,CLOSED,2020-05-24,04:50 AM
172373,Tree Trim,2020-05-24 04:17 PM,Tree Trim Inspection,TREEMAINTENANCE,"BLANCHETTE, PETER",4330  BELLFORT ,"6, ZONE",533Y,5453a,CLOSED,2020-05-24,04:17 PM
172374,Tree Trim,2020-05-25 05:30 AM,Tree Trim Inspection,TREEMAINTENANCE,"PATINO, ARNULFO",12726 BARRYKNOLL LN,"2, ZONE",489D,77024,CLOSED,2020-05-25,05:30 AM
172375,Tree Trim,2020-05-25 05:45 AM,Tree Trim Inspection,TREEMAINTENANCE,"PATINO, ARNULFO",3831 DRAKE ST,"7, ZONE",492W,77005,CLOSED,2020-05-25,05:45 AM
172376,Tree Trim,2020-05-25 09:15 AM,Tree Trim Inspection,TREEMAINTENANCE,"BLANCHETTE, PETER",7747  CAYTON ,"6, ZONE",535X,5653a,CLOSED,2020-05-25,09:15 AM
172377,Tree Removal,2020-05-25 09:28 AM,Tree Removal Inspection,TREEMAINTENANCE,"BLANCHETTE, PETER",8037  LENORE ,"5, ZONE",535U,5654d,CLOSED,2020-05-25,09:28 AM
172378,Tree Removal,2020-05-25 09:45 AM,Tree Removal Inspection,TREEMAINTENANCE,"UF - POLOVTSEV, SERA",263  GOODSON ,"4, ZONE",373W,5364a,CLOSED,2020-05-25,09:45 AM
172379,Tree Trim,2020-05-25 10:22 AM,Tree Trim Inspection,TREEMAINTENANCE,"BLANCHETTE, PETER",1409  SAINT EMANUEL ,"5, ZONE",493R,5457c,CLOSED,2020-05-25,10:22 AM
172380,Tree Trim,2020-05-25 11:30 AM,Tree Trim Inspection,TREEMAINTENANCE,"PATINO, ARNULFO",3119 GANNETT ST,"7, ZONE",532P,77025,CLOSED,2020-05-25,11:30 AM
172381,Tree Removal,2020-05-25 12:27 PM,Tree Removal Inspection,TREEMAINTENANCE,"PATINO, ARNULFO",12722  VILLAWOOD ,"2, ZONE",528M,4854a,CLOSED,2020-05-25,12:27 PM
172382,Tree Stump Grinding,2020-05-25 01:59 PM,Tree Stump Inspection,TREEMAINTENANCE,"PATINO, ARNULFO",12102 PLUMBROOK DR,"2, ZONE",529S,77099,CLOSED,2020-05-25,01:59 PM
172383,Tree Trim,2020-05-25 03:46 PM,Tree Trim Inspection,TREEMAINTENANCE,"PATINO, ARNULFO",5706 FIRENZA DR,"7, ZONE",571E,77035,CLOSED,2020-05-25,03:46 PM
172384,Tree Trim,2020-05-25 03:48 PM,Tree Trim Inspection,TREEMAINTENANCE,"UF - POLOVTSEV, SERA",16818 HIGHMORE DR,"4, ZONE",375J,77396,CLOSED,2020-05-25,03:48 PM
172385,Tree Planting,2020-05-25 04:43 PM,Tree Planting Inspection,TREEPROTECTION,"PATINO, ARNULFO",4443 GRAPEVINE ST,"7, ZONE",572N,77045,CLOSED,2020-05-25,04:43 PM
172386,Tree Trim,2020-05-26 07:08 AM,Tree Trim Inspection,TREEMAINTENANCE,"PATINO, ARNULFO",2615  FANNIN ,"2, ZONE",493T,5356b,CLOSED,2020-05-26,07:08 AM
172387,Tree Trim,2020-05-26 07:32 AM,Tree Trim Inspection,TREEMAINTENANCE,"BLANCHETTE, PETER",5030  PERRY ,"6, ZONE",534J,5454b,CLOSED,2020-05-26,07:32 AM
172388,Tree Trim,2020-05-26 09:44 AM,Tree Trim Inspection,TREEMAINTENANCE,"UF - JONES, CODY",928  YALE ,"3, ZONE",492D,5358a,CLOSED,2020-05-26,09:44 AM
172389,Tree Trim,2020-05-26 09:49 AM,Tree Trim Inspection,TREEMAINTENANCE,"PATINO, ARNULFO",2605 GREENBRIAR DR,"2, ZONE",492U,77098,CLOSED,2020-05-26,09:49 AM
172390,Tree Removal,2020-05-26 09:49 AM,Tree Removal Inspection,TREEMAINTENANCE,"BLANCHETTE, PETER",4902  PERRY ,"6, ZONE",534J,5454b,CLOSED,2020-05-26,09:49 AM
172391,Tree Trim,2020-05-26 09:50 AM,Tree Trim Inspection,TREEMAINTENANCE,"PATINO, ARNULFO", 2300 BISSONNET ST&4500 GREENBRIAR DR,"7, ZONE",492Y,5256d,CLOSED,2020-05-26,09:50 AM
172393,Tree Trim,2020-05-26 11:01 AM,Tree Trim Inspection,TREEMAINTENANCE,"UF - JONES, CODY",19008  SAUMS ,"3, ZONE",447S,4659c,CLOSED,2020-05-26,11:01 AM
172394,Tree Trim,2020-05-26 11:33 AM,Tree Trim Inspection,TREEMAINTENANCE,"PATINO, ARNULFO",2258 WOODLAND SPRINGS ST,"2, ZONE",489T,77077,CLOSED,2020-05-26,11:33 AM
172395,Tree Trim,2020-05-26 11:38 AM,Tree Trim Inspection,TREEMAINTENANCE,"PATINO, ARNULFO",2242 HICKORY LAWN DR,"2, ZONE",489S,77077,CLOSED,2020-05-26,11:38 AM
172396,Tree Trim,2020-05-26 12:24 PM,Tree Trim Inspection,TREEMAINTENANCE,"PATINO, ARNULFO",14300 BRIAR FOREST DR,"2, ZONE",488J,77077,CLOSED,2020-05-26,12:24 PM
172397,Tree Trim,2020-05-26 12:24 PM,Tree Trim Inspection,TREEMAINTENANCE,"UF - JONES, CODY",8534  SCENIC GREEN ,"3, ZONE",411R,5162b,CLOSED,2020-05-26,12:24 PM
172398,Tree Stump Grinding,2020-05-26 12:34 PM,Tree Stump Inspection,TREEMAINTENANCE,"BLANCHETTE, PETER",7330  EVANS ,"6, ZONE",575A,5553d,CLOSED,2020-05-26,12:34 PM
172401,Tree Trim,2020-05-26 01:32 PM,Tree Trim Inspection,TREEMAINTENANCE,"PATINO, ARNULFO",5246  WIGTON ,"7, ZONE",531T,5153b,CLOSED,2020-05-26,01:32 PM
172402,Tree Removal,2020-05-26 01:35 PM,Tree Removal Inspection,TREEMAINTENANCE,"BLANCHETTE, PETER",10107  AVES ,"5, ZONE",576J,5752a,CLOSED,2020-05-26,01:35 PM
172403,Tree Removal,2020-05-26 02:02 PM,Tree Removal Inspection,TREEMAINTENANCE,"UF - JONES, CODY",9306  WILLOWVIEW ,"3, ZONE",450U,5059c,CLOSED,2020-05-26,02:02 PM
172404,Tree Trim,2020-05-26 02:09 PM,Tree Trim Inspection,TREEMAINTENANCE,"PATINO, ARNULFO",2615 TIDEWATER DR,"7, ZONE",572L,77045,CLOSED,2020-05-26,02:09 PM
172405,Tree Trim,2020-05-26 02:14 PM,Tree Trim Inspection,TREEMAINTENANCE,"PATINO, ARNULFO",5201 MEMORIAL DR,"2, ZONE",492L,77007,CLOSED,2020-05-26,02:14 PM
172406,Tree Trim,2020-05-26 02:43 PM,Tree Trim Inspection,TREEMAINTENANCE,"PATINO, ARNULFO",1800 DEVONSHIRE CRES,"7, ZONE",533E,77030,CLOSED,2020-05-26,02:43 PM
172407,Tree Trim,2020-05-26 02:59 PM,Tree Trim Inspection,TREEMAINTENANCE,"PATINO, ARNULFO",3402 CENTER ST,"2, ZONE",493E,77007,CLOSED,2020-05-26,02:59 PM
172408,Tree Trim,2020-05-26 03:23 PM,Tree Trim Inspection,TREEMAINTENANCE,"BLANCHETTE, PETER",4826  VAN FLEET ,"6, ZONE",533V,5454c,CLOSED,2020-05-26,03:23 PM
172409,Tree Removal,2020-05-26 03:34 PM,Tree Removal Inspection,TREEMAINTENANCE,"PATINO, ARNULFO",5751  YARWELL ,"7, ZONE",531S,5153a,CLOSED,2020-05-26,03:34 PM
172410,Tree Trim,2020-05-26 06:12 PM,Tree Trim Inspection,TREEMAINTENANCE,"BLANCHETTE, PETER",4815  PAULA ,"6, ZONE",573D,5453d,CLOSED,2020-05-26,06:12 PM
172411,Tree Trim,2020-05-26 06:42 PM,Tree Trim Inspection,TREEMAINTENANCE,"UF - JONES, CODY",6638 N MAIN ,"3, ZONE",453S,5359a,CLOSED,2020-05-26,06:42 PM
172412,Tree Trim,2020-05-27 03:43 AM,Tree Trim Inspection,TREEMAINTENANCE,"PATINO, ARNULFO",2930 ELLA LEE LN,"2, ZONE",492U,77019,CLOSED,2020-05-27,03:43 AM
172423,Tree Trim,2020-05-27 09:28 AM,Tree Trim Inspection,TREEMAINTENANCE,"PATINO, ARNULFO",1741 ALBANS RD,"7, ZONE",532D,77005,CLOSED,2020-05-27,09:28 AM
172424,Tree Trim,2020-05-27 09:47 AM,Tree Trim Inspection,TREEMAINTENANCE,"BLANCHETTE, PETER", 5920 BROCK ST&2922 INEZ ST,"6, ZONE",534G,5555c,CLOSED,2020-05-27,09:47 AM
172425,Tree Removal,2020-05-27 09:47 AM,Tree Removal Inspection,TREEMAINTENANCE,"UF - POLOVTSEV, SERA",19524  CARVER HOUSTON TX,"4, ZONE",335S,5567b,CLOSED,2020-05-27,09:47 AM
172426,Tree Removal,2020-05-27 09:57 AM,Tree Removal Inspection,TREEMAINTENANCE,"UF - POLOVTSEV, SERA",6226  FOXHUNTER ,"4, ZONE",456R,5760d,CLOSED,2020-05-27,09:57 AM
172427,Tree Trim,2020-05-27 10:31 AM,Tree Trim Inspection,TREEMAINTENANCE,"UF - POLOVTSEV, SERA",1402 A  DENNIS ,"2, ZONE",493U,5356b,CLOSED,2020-05-27,10:31 AM
172428,Tree Trim,2020-05-27 11:04 AM,Tree Trim Inspection,TREEMAINTENANCE,"PATINO, ARNULFO",2000 N MACGREGOR ,"7, ZONE",533E,5355d,CLOSED,2020-05-27,11:04 AM
172429,Tree Removal,2020-05-27 11:05 AM,Tree Removal Inspection,TREEMAINTENANCE,"PATINO, ARNULFO",2028 BISSONNET ST,"7, ZONE",492Z,77005,CLOSED,2020-05-27,11:05 AM
172430,Tree Removal,2020-05-27 11:11 AM,Tree Removal Inspection,TREEMAINTENANCE,"UF - POLOVTSEV, SERA",12300 ALDINE WESTFIELD RD,"4, ZONE",413R,77093,CLOSED,2020-05-27,11:11 AM
172431,Tree Trim,2020-05-27 11:29 AM,Tree Trim Inspection,TREEMAINTENANCE,"PATINO, ARNULFO",1730  CAMBRIDGE ,"7, ZONE",533E,5355c,CLOSED,2020-05-27,11:29 AM
172432,Tree Trim,2020-05-27 11:35 AM,Tree Trim Inspection,TREEMAINTENANCE,"BLANCHETTE, PETER",1566  SCHARPE ,"5, ZONE",534B,5556c,CLOSED,2020-05-27,11:35 AM
172433,Tree Trim,2020-05-27 11:37 AM,Tree Trim Inspection,TREEMAINTENANCE,"PATINO, ARNULFO",1867 S MACGREGOR WAY,"7, ZONE",533F,77030,CLOSED,2020-05-27,11:37 AM
172435,Tree Trim,2020-05-27 12:02 PM,Tree Trim Inspection,TREEMAINTENANCE,"BLANCHETTE, PETER", 4500 CLAY ST&1400 ERNESTINE ST&420 TELEPHONE RD,"5, ZONE",494T,5456b,CLOSED,2020-05-27,12:02 PM
172437,Tree Removal,2020-05-27 12:45 PM,Tree Removal Inspection,TREEMAINTENANCE,"UF - JONES, CODY",1113 E 6TH 1/2 ,"3, ZONE",493A,5358b,CLOSED,2020-05-27,12:45 PM
172438,Tree Removal,2020-05-27 01:05 PM,Tree Removal Inspection,TREEMAINTENANCE,"UF - JONES, CODY",5522  JUMADA ,"3, ZONE",451D,5161d,CLOSED,2020-05-27,01:05 PM
172439,Tree Removal,2020-05-27 01:29 PM,Tree Removal Inspection,TREEMAINTENANCE,"UF - POLOVTSEV, SERA",4220  ENGELKE ,"5, ZONE",494P,5457d,CLOSED,2020-05-27,01:29 PM
172440,Tree Trim,2020-05-27 02:17 PM,Tree Trim Inspection,TREEMAINTENANCE,"UF - JONES, CODY",1501  TULANE ,"3, ZONE",452Z,5359c,CLOSED,2020-05-27,02:17 PM
172441,Tree Trim,2020-05-27 02:29 PM,Tree Trim Inspection,TREEMAINTENANCE,"PATINO, ARNULFO",MAIN ST & SETTEMONT RD,"7, ZONE",570L,77085,CLOSED,2020-05-27,02:29 PM
172442,Tree Removal,2020-05-27 03:08 PM,Tree Removal Inspection,TREEMAINTENANCE,"UF - JONES, CODY",3609  KASHMERE ,"4, ZONE",454X,5559c,CLOSED,2020-05-27,03:08 PM
172443,Tree Removal,2020-05-27 03:17 PM,Tree Removal Inspection,TREEMAINTENANCE,"BLANCHETTE, PETER", 20420 MIRABEAU DR&3600 SOUTHSHORE DR,"4, ZONE",336L,5768a,CLOSED,2020-05-27,03:17 PM
172444,Tree Trim,2020-05-27 03:35 PM,Tree Trim Inspection,TREEMAINTENANCE,"BLANCHETTE, PETER",6551  HEFFERNAN ,"6, ZONE",534Y,5553a,CLOSED,2020-05-27,03:35 PM
172445,Tree Trim,2020-05-27 03:57 PM,Tree Trim Inspection,TREEMAINTENANCE,"PATINO, ARNULFO",6400 W BELLFORT AVE,"7, ZONE",570D,77035,CLOSED,2020-05-27,03:57 PM
172446,Tree Removal,2020-05-27 04:05 PM,Tree Removal Inspection,TREEMAINTENANCE,"PATINO, ARNULFO",10631  CHAPEL HILL ,"2, ZONE",528Z,4853d,CLOSED,2020-05-27,04:05 PM
172447,Tree Removal,2020-05-27 04:19 PM,Tree Removal Inspection,TREEMAINTENANCE,"PATINO, ARNULFO", 5500 AUDEN ST&3800 BISSONNET ST,"7, ZONE",532A,5255a,CLOSED,2020-05-27,04:19 PM
172448,Tree Removal,2020-05-27 04:28 PM,Tree Removal Inspection,TREEMAINTENANCE,"UF - JONES, CODY",8844  LARSTON ,"3, ZONE",450Z,5058b,CLOSED,2020-05-27,04:28 PM
172449,Tree Removal,2020-05-27 04:39 PM,Tree Removal Inspection,TREEMAINTENANCE,"UF - JONES, CODY", 5400 FATIMA LN&430 MARCELLA ST,"3, ZONE",452D,5361c,CLOSED,2020-05-27,04:39 PM
172450,Tree Removal,2020-05-27 04:50 PM,Tree Removal Inspection,TREEMAINTENANCE,"UF - JONES, CODY",5025  NINA LEE ,"3, ZONE",451L,5160b,CLOSED,2020-05-27,04:50 PM
172451,Tree Removal,2020-05-27 04:55 PM,Tree Removal Inspection,TREEMAINTENANCE,"UF - POLOVTSEV, SERA",3215  DES CHAUMES ,"4, ZONE",454W,5458b,CLOSED,2020-05-27,04:55 PM
172452,Tree Removal,2020-05-27 04:58 PM,Tree Removal Inspection,TREEMAINTENANCE,"UF - JONES, CODY",2921  WIMBERLY ,"4, ZONE",454E,5461d,CLOSED,2020-05-27,04:58 PM
172453,Tree Removal,2020-05-27 05:00 PM,Tree Removal Inspection,TREEMAINTENANCE,"UF - JONES, CODY",539  KING ,"4, ZONE",453Q,5460c,CLOSED,2020-05-27,05:00 PM
172454,Tree Trim,2020-05-27 05:02 PM,Tree Trim Inspection,TREEMAINTENANCE,"BLANCHETTE, PETER",3619  VALLEY HAVEN ,"4, ZONE",296Z,5770d,CLOSED,2020-05-27,05:02 PM
172455,Tree Trim,2020-05-27 05:03 PM,Tree Trim Inspection,TREEMAINTENANCE,"UF - POLOVTSEV, SERA",506 CAVALCADE ST,"4, ZONE",453U,77009,CLOSED,2020-05-27,05:03 PM
172456,Tree Removal,2020-05-27 05:06 PM,Tree Removal Inspection,TREEMAINTENANCE,"BLANCHETTE, PETER",906  KRESS ,"5, ZONE",494H,5558c,CLOSED,2020-05-27,05:06 PM
172457,Tree Trim,2020-05-27 05:08 PM,Tree Trim Inspection,TREEMAINTENANCE,"PATINO, ARNULFO",7234  ENGLAND ,"6, ZONE",533Q,5454c,CLOSED,2020-05-27,05:08 PM
172458,Tree Removal,2020-05-27 05:11 PM,Tree Removal Inspection,TREEMAINTENANCE,"PATINO, ARNULFO", 5900 BISSONNET ST&7400 RENWICK DR,"7, ZONE",531J,5154a,CLOSED,2020-05-27,05:11 PM
172459,Tree Trim,2020-05-27 05:11 PM,Tree Trim Inspection,TREEMAINTENANCE,"PATINO, ARNULFO",1423 COLORADO ST,"2, ZONE",493F,77007,CLOSED,2020-05-27,05:11 PM
172460,Tree Removal,2020-05-27 05:44 PM,Tree Removal Inspection,TREEMAINTENANCE,"UF - JONES, CODY", 4300 APOLLO ST&1500 SUE BARNETT DR,"3, ZONE",452K,5260d,CLOSED,2020-05-27,05:44 PM
172461,Tree Trim,2020-05-27 06:18 PM,Tree Trim Inspection,TREEMAINTENANCE,"UF - JONES, CODY",7215  DROWSY PINE ,"3, ZONE",411W,5061d,CLOSED,2020-05-27,06:18 PM
172462,Tree Removal,2020-05-27 06:25 PM,Tree Removal Inspection,TREEMAINTENANCE,"BLANCHETTE, PETER",5118  PLUM ,"6, ZONE",534R,5554b,CLOSED,2020-05-27,06:25 PM
172463,Tree Trim,2020-05-27 06:30 PM,Tree Trim Inspection,TREEMAINTENANCE,"BLANCHETTE, PETER",7213  OAK HILL ,"6, ZONE",534V,5554d,CLOSED,2020-05-27,06:30 PM
172464,Tree Removal,2020-05-27 06:30 PM,Tree Removal Inspection,TREEMAINTENANCE,"UF - JONES, CODY",1630  ALTHEA ,"3, ZONE",452J,5260c,CLOSED,2020-05-27,06:30 PM
172465,Tree Removal,2020-05-27 06:54 PM,Tree Removal Inspection,TREEMAINTENANCE,"BLANCHETTE, PETER",5934  PERSHING ,"6, ZONE",534T,5454d,CLOSED,2020-05-27,06:54 PM
172466,Tree Removal,2020-05-27 07:14 PM,Tree Removal Inspection,TREEMAINTENANCE,"BLANCHETTE, PETER",12106  PALMDATE ,"5, ZONE",576Q,5752d,CLOSED,2020-05-27,07:14 PM
172467,Tree Removal,2020-05-27 07:32 PM,Tree Removal Inspection,TREEMAINTENANCE,"BLANCHETTE, PETER",13125  HALIFAX ,"4, ZONE",497A,5858a,CLOSED,2020-05-27,07:32 PM
172468,Tree Removal,2020-05-27 07:54 PM,Tree Removal Inspection,TREEMAINTENANCE,"BLANCHETTE, PETER",8506  WYNMEADOW ,"6, ZONE",535Y,5653b,CLOSED,2020-05-27,07:54 PM
172469,Tree Removal,2020-05-27 08:02 PM,Tree Removal Inspection,TREEMAINTENANCE,"BLANCHETTE, PETER",3602  WESLOW ,"6, ZONE",534M,5554a,CLOSED,2020-05-27,08:02 PM
172470,Tree Removal,2020-05-27 08:14 PM,Tree Removal Inspection,TREEMAINTENANCE,"BLANCHETTE, PETER",10514  MEMBERS ,"6, ZONE",576S,5751a,CLOSED,2020-05-27,08:14 PM
172471,Tree Removal,2020-05-27 08:50 PM,Tree Removal Inspection,TREEMAINTENANCE,"BLANCHETTE, PETER",5305  AIRPORT ,"6, ZONE",574E,5452b,CLOSED,2020-05-27,08:50 PM
172472,Tree Removal,2020-05-27 10:12 PM,Tree Removal Inspection,TREEMAINTENANCE,"BLANCHETTE, PETER",7431  MOLINE ,"6, ZONE",535N,5554d,CLOSED,2020-05-27,10:12 PM
172473,Tree Removal,2020-05-28 05:30 AM,Tree Removal Inspection,TREEMAINTENANCE,"PATINO, ARNULFO",818 SUL ROSS ST,"2, ZONE",493S,77006,CLOSED,2020-05-28,05:30 AM
172475,Tree Removal,2020-05-28 07:30 AM,Tree Removal Inspection,TREEMAINTENANCE,"BLANCHETTE, PETER",7362  BRACE ,"6, ZONE",535W,5553b,CLOSED,2020-05-28,07:30 AM
172480,Tree Removal,2020-05-28 08:07 AM,Tree Removal Inspection,TREEMAINTENANCE,"UF - POLOVTSEV, SERA",2333 HOLLIS ST,"4, ZONE",414W,77093,CLOSED,2020-05-28,08:07 AM
172481,Tree Removal,2020-05-28 08:10 AM,Tree Removal Inspection,TREEMAINTENANCE,"UF - JONES, CODY", 4600 LINN ST&3300 MEMEL ST,"4, ZONE",454S,5459d,CLOSED,2020-05-28,08:10 AM
172483,Tree Removal,2020-05-28 08:18 AM,Tree Removal Inspection,TREEMAINTENANCE,"BLANCHETTE, PETER",13125  HALIFAX ,"4, ZONE",497A,5858a,CLOSED,2020-05-28,08:18 AM
172484,Tree Removal,2020-05-28 08:25 AM,Tree Removal Inspection,TREEMAINTENANCE,"PATINO, ARNULFO",3811  DAPHNE ,"6, ZONE",533L,5454a,CLOSED,2020-05-28,08:25 AM
172485,Tree Trim,2020-05-28 08:30 AM,Tree Trim Inspection,TREEMAINTENANCE,"PATINO, ARNULFO",1475 W GRAY ,"2, ZONE",492R,5357c,CLOSED,2020-05-28,08:30 AM
172486,Tree Trim,2020-05-28 09:07 AM,Tree Trim Inspection,TREEMAINTENANCE,"BLANCHETTE, PETER",6610  CHERRYDALE ,"6, ZONE",534U,5553a,CLOSED,2020-05-28,09:07 AM
172487,Tree Removal,2020-05-28 09:21 AM,Tree Removal Inspection,TREEMAINTENANCE,"PATINO, ARNULFO", 3700 W ALABAMA ST&3000 TIMMONS LN,"2, ZONE",492S,5256a,CLOSED,2020-05-28,09:21 AM
172488,Tree Removal,2020-05-28 09:26 AM,Tree Removal Inspection,TREEMAINTENANCE,"UF - JONES, CODY",2003  ELMVIEW ,"3, ZONE",450T,5059c,CLOSED,2020-05-28,09:26 AM
172489,Tree Trim,2020-05-28 09:26 AM,Tree Trim Inspection,TREEMAINTENANCE,"UF - JONES, CODY", 800 LAMONTE LN&1108 SUE BARNETT DR,"3, ZONE",452L,5260d,CLOSED,2020-05-28,09:26 AM
172490,Tree Removal,2020-05-28 09:44 AM,Tree Removal Inspection,TREEMAINTENANCE,"UF - POLOVTSEV, SERA",8800 WOODWICK ST,"4, ZONE",455E,77028,CLOSED,2020-05-28,09:44 AM
172491,Tree Removal,2020-05-28 09:45 AM,Tree Removal Inspection,TREEMAINTENANCE,"UF - POLOVTSEV, SERA",6218 ROCKY NOOK DR,"4, ZONE",375J,77396,CLOSED,2020-05-28,09:45 AM
172492,Tree Trim,2020-05-28 09:54 AM,Tree Trim Inspection,TREEMAINTENANCE,"BLANCHETTE, PETER", 1600 EVERGREEN DR&7200 HEMLOCK ST,"5, ZONE",535E,5555b,CLOSED,2020-05-28,09:54 AM
172494,Tree Removal,2020-05-28 09:58 AM,Tree Removal Inspection,TREEMAINTENANCE,"BLANCHETTE, PETER",5818  BELMARK ,"6, ZONE",534X,5453b,CLOSED,2020-05-28,09:58 AM
172495,Tree Removal,2020-05-28 10:03 AM,Tree Removal Inspection,TREEMAINTENANCE,"BLANCHETTE, PETER",3818  FLORINDA ,"6, ZONE",533L,5454a,CLOSED,2020-05-28,10:03 AM
172496,Tree Trim,2020-05-28 10:05 AM,Tree Trim Inspection,TREEMAINTENANCE,"UF - POLOVTSEV, SERA",4115 LINN ST,"4, ZONE",454W,77026,CLOSED,2020-05-28,10:05 AM
172497,Tree Removal,2020-05-28 10:35 AM,Tree Removal Inspection,TREEMAINTENANCE,"PATINO, ARNULFO",2202  NAOMI ,"7, ZONE",532R,5354c,CLOSED,2020-05-28,10:35 AM
172498,Tree Trim,2020-05-28 10:52 AM,Tree Trim Inspection,TREEMAINTENANCE,"PATINO, ARNULFO",2811 FERNDALE ST,"2, ZONE",492U,77098,CLOSED,2020-05-28,10:52 AM
172500,Tree Trim,2020-05-28 11:02 AM,Tree Trim Inspection,TREEMAINTENANCE,"PATINO, ARNULFO",2258 WOODLAND SPRINGS ST,"2, ZONE",489T,77077,CLOSED,2020-05-28,11:02 AM
172501,Tree Removal,2020-05-28 11:09 AM,Tree Removal Inspection,TREEMAINTENANCE,"UF - POLOVTSEV, SERA",5802 ELBERTA ST,"4, ZONE",414M,77050,CLOSED,2020-05-28,11:09 AM
172502,Tree Trim,2020-05-28 11:14 AM,Tree Trim Inspection,TREEMAINTENANCE,"BLANCHETTE, PETER",7515  OAK VISTA ,"6, ZONE",535S,5554d,CLOSED,2020-05-28,11:14 AM
172503,Tree Trim,2020-05-28 11:21 AM,Tree Trim Inspection,TREEMAINTENANCE,"UF - JONES, CODY",1906  ELMVIEW ,"3, ZONE",450T,5059c,CLOSED,2020-05-28,11:21 AM
172504,Tree Trim,2020-05-28 11:23 AM,Tree Trim Inspection,TREEMAINTENANCE,"UF - POLOVTSEV, SERA", 1100 BURNETT ST&1500 FULTON ST,"4, ZONE",493H,5458c,CLOSED,2020-05-28,11:23 AM
172505,Tree Removal,2020-05-28 11:36 AM,Tree Removal Inspection,TREEMAINTENANCE,"BLANCHETTE, PETER", 536 BERESFORD DR&600 BERESFORD ST&13100 HALIFAX ST,"4, ZONE",497A,5858a,CLOSED,2020-05-28,11:36 AM
172506,Tree Removal,2020-05-28 11:41 AM,Tree Removal Inspection,TREEMAINTENANCE,"UF - JONES, CODY",402 W 22ND ,"3, ZONE",452V,5359c,CLOSED,2020-05-28,11:41 AM
172507,Tree Removal,2020-05-28 11:43 AM,Tree Removal Inspection,TREEMAINTENANCE,"UF - POLOVTSEV, SERA",322 KRESS ST,"4, ZONE",494D,77020,CLOSED,2020-05-28,11:43 AM
172508,Tree Trim,2020-05-28 11:52 AM,Tree Trim Inspection,TREEMAINTENANCE,"PATINO, ARNULFO",9006 BROOKWULF DR,"2, ZONE",528R,77099,CLOSED,2020-05-28,11:52 AM
172509,Tree Trim,2020-05-28 11:58 AM,Tree Trim Inspection,TREEMAINTENANCE,"UF - POLOVTSEV, SERA",3138  KAY ,"4, ZONE",454J,5460b,CLOSED,2020-05-28,11:58 AM
172510,Tree Removal,2020-05-28 11:58 AM,Tree Removal Inspection,TREEMAINTENANCE,"PATINO, ARNULFO",3915  FAULKNER ,"6, ZONE",533Q,5454a,CLOSED,2020-05-28,11:58 AM
172511,Tree Removal,2020-05-28 12:11 PM,Tree Removal Inspection,TREEMAINTENANCE,"UF - JONES, CODY",2217  HARVARD ,"3, ZONE",453S,5359a,CLOSED,2020-05-28,12:11 PM
172512,Tree Removal,2020-05-28 12:19 PM,Tree Removal Inspection,TREEMAINTENANCE,"UF - JONES, CODY",8717  WILEYVALE ,"4, ZONE",454G,5561c,CLOSED,2020-05-28,12:19 PM
172513,Tree Removal,2020-05-28 12:22 PM,Tree Removal Inspection,TREEMAINTENANCE,"BLANCHETTE, PETER",12421  ALMEDA GENOA ,"5, ZONE",576R,5852c,CLOSED,2020-05-28,12:22 PM
172514,Tree Trim,2020-05-28 12:23 PM,Tree Trim Inspection,TREEMAINTENANCE,"PATINO, ARNULFO", 1000 S BRAESWOOD BLVD&1740 CAMBRIDGE ST,"7, ZONE",533E,5355d,CLOSED,2020-05-28,12:23 PM
172515,Tree Trim,2020-05-28 12:23 PM,Tree Trim Inspection,TREEMAINTENANCE,"UF - POLOVTSEV, SERA",8222  COUNT ,"4, ZONE",455B,5661c,CLOSED,2020-05-28,12:23 PM
172516,Tree Trim,2020-05-28 12:26 PM,Tree Trim Inspection,TREEMAINTENANCE,"BLANCHETTE, PETER",3318  PECAN ,"6, ZONE",534M,5555d,CLOSED,2020-05-28,12:26 PM
172517,Tree Removal,2020-05-28 12:35 PM,Tree Removal Inspection,TREEMAINTENANCE,"PATINO, ARNULFO",1113 THERESA ST,"6, ZONE",533U,77051,CLOSED,2020-05-28,12:35 PM
172518,Tree Trim,2020-05-28 12:35 PM,Tree Trim Inspection,TREEMAINTENANCE,"UF - POLOVTSEV, SERA",9014  PEACHTREE ,"4, ZONE",454G,5561c,CLOSED,2020-05-28,12:35 PM
172519,Tree Trim,2020-05-28 12:37 PM,Tree Trim Inspection,TREEMAINTENANCE,"PATINO, ARNULFO",6415  MINOLA ,"2, ZONE",492F,5258d,CLOSED,2020-05-28,12:37 PM
172520,Tree Trim,2020-05-28 12:39 PM,Tree Trim Inspection,TREEMAINTENANCE,"PATINO, ARNULFO",1319 SHEARN ST,"2, ZONE",493G,77007,CLOSED,2020-05-28,12:39 PM
172521,Tree Removal,2020-05-28 01:03 PM,Tree Removal Inspection,TREEMAINTENANCE,"BLANCHETTE, PETER",2999 S WAYSIDE ,"6, ZONE",534G,5555c,CLOSED,2020-05-28,01:03 PM
172522,Tree Removal,2020-05-28 01:12 PM,Tree Removal Inspection,TREEMAINTENANCE,"UF - JONES, CODY", 9300 GLENCROFT ST&8900 PARKETTE DR,"4, ZONE",455D,5661d,CLOSED,2020-05-28,01:12 PM
172523,Tree Trim,2020-05-28 01:45 PM,Tree Trim Inspection,TREEMAINTENANCE,"PATINO, ARNULFO",7010 WAVELAND DR,"2, ZONE",528H,77072,CLOSED,2020-05-28,01:45 PM
172524,Tree Trim,2020-05-28 01:54 PM,Tree Trim Inspection,TREEMAINTENANCE,"BLANCHETTE, PETER",12202  PALMBEACH ,"5, ZONE",576R,5852c,CLOSED,2020-05-28,01:54 PM
172525,Tree Removal,2020-05-28 01:57 PM,Tree Removal Inspection,TREEMAINTENANCE,"BLANCHETTE, PETER",5710  SOUTHSEAS ,"6, ZONE",534S,5454d,CLOSED,2020-05-28,01:57 PM
172526,Tree Trim,2020-05-28 01:58 PM,Tree Trim Inspection,TREEMAINTENANCE,"BLANCHETTE, PETER", 24500 KINGWOOD PLACE DR&22050 NORTHPARK DR,"4, ZONE",295V,5670a,CLOSED,2020-05-28,01:58 PM
172527,Tree Trim,2020-05-28 02:09 PM,Tree Trim Inspection,TREEMAINTENANCE,"BLANCHETTE, PETER",118  GLENDORA ,"5, ZONE",495W,5556d,CLOSED,2020-05-28,02:09 PM
172528,Tree Trim,2020-05-28 02:11 PM,Tree Trim Inspection,TREEMAINTENANCE,"BLANCHETTE, PETER",6614  KASSARINE ,"6, ZONE",534N,5454d,CLOSED,2020-05-28,02:11 PM
172529,Tree Removal,2020-05-28 02:16 PM,Tree Removal Inspection,TREEMAINTENANCE,"UF - POLOVTSEV, SERA",11710  WOOD SHADOWS ,"4, ZONE",496F,5758c,CLOSED,2020-05-28,02:16 PM
172530,Tree Trim,2020-05-28 02:23 PM,Tree Trim Inspection,TREEMAINTENANCE,"BLANCHETTE, PETER",6704  FOSTER ,"6, ZONE",533R,5454a,CLOSED,2020-05-28,02:23 PM
172531,Tree Removal,2020-05-28 03:05 PM,Tree Removal Inspection,TREEMAINTENANCE,"UF - JONES, CODY", 5426 DENMARK ST&7100 SHOTWELL ST,"4, ZONE",454L,5560a,CLOSED,2020-05-28,03:05 PM
172532,Tree Removal,2020-05-28 03:21 PM,Tree Removal Inspection,TREEMAINTENANCE,"UF - JONES, CODY", 13400 EMPORIA ST&13500 MOBILE ST,"4, ZONE",497F,5858a,CLOSED,2020-05-28,03:21 PM
172533,Tree Trim,2020-05-28 04:23 PM,Tree Trim Inspection,TREEMAINTENANCE,"BLANCHETTE, PETER",10602  KIRKGLEN ,"6, ZONE",576Y,5751d,CLOSED,2020-05-28,04:23 PM
172534,Tree Removal,2020-05-28 04:26 PM,Tree Removal Inspection,TREEMAINTENANCE,"UF - POLOVTSEV, SERA",7100 COLTON ST,"4, ZONE",414Z,77016,CLOSED,2020-05-28,04:26 PM
172535,Tree Removal,2020-05-28 04:30 PM,Tree Removal Inspection,TREEMAINTENANCE,"BLANCHETTE, PETER",2206  LAUREL HILL ,"4, ZONE",336C,5769a,CLOSED,2020-05-28,04:30 PM
172536,Tree Removal,2020-05-28 04:30 PM,Tree Removal Inspection,TREEMAINTENANCE,"PATINO, ARNULFO",2618 ALBANY ST,"2, ZONE",493P,77006,CLOSED,2020-05-28,04:30 PM
172537,Tree Trim,2020-05-28 05:04 PM,Tree Trim Inspection,TREEMAINTENANCE,"UF - POLOVTSEV, SERA",266 HARDWICKE RD,"4, ZONE",373W,77060,CLOSED,2020-05-28,05:04 PM
172539,Tree Removal,2020-05-28 05:22 PM,Tree Removal Inspection,TREEMAINTENANCE,"BLANCHETTE, PETER",7950  GLENBRAE ,"6, ZONE",535X,5653a,CLOSED,2020-05-28,05:22 PM
172540,Tree Removal,2020-05-29 01:08 AM,Tree Removal Inspection,TREEMAINTENANCE,"UF - JONES, CODY",2001 CENTRAL ,"3, ZONE",451U,5159b,CLOSED,2020-05-29,01:08 AM
172541,Tree Removal,2020-05-29 03:25 AM,Tree Removal Inspection,TREEMAINTENANCE,"BLANCHETTE, PETER",7703  OAK VISTA ,"6, ZONE",535S,5654c,CLOSED,2020-05-29,03:25 AM
172545,Tree Removal,2020-05-29 07:29 AM,Tree Removal Inspection,TREEMAINTENANCE,"UF - JONES, CODY",18203  GROSCHKE ,"3, ZONE",447P,4659c,CLOSED,2020-05-29,07:29 AM
172547,Tree Trim,2020-05-29 08:21 AM,Tree Trim Inspection,TREEMAINTENANCE,"PATINO, ARNULFO", 200 MALONE ST&5700 VENICE ST,"2, ZONE",492L,5257b,CLOSED,2020-05-29,08:21 AM
172548,Tree Stump Grinding,2020-05-29 08:26 AM,Tree Stump Inspection,TREEMAINTENANCE,"UF - BURKES, JEREMY",8723  VALLEY POND ,"4, ZONE",456B,5761a,CLOSED,2020-05-29,08:26 AM
172549,Tree Removal,2020-05-29 08:52 AM,Tree Removal Inspection,TREEMAINTENANCE,"PATINO, ARNULFO",10910 PLAINFIELD ST,"7, ZONE",530W,77031,CLOSED,2020-05-29,08:52 AM
172550,Tree Trim,2020-05-29 09:23 AM,Tree Trim Inspection,TREEMAINTENANCE,"BLANCHETTE, PETER",10419  SAGETREE ,"6, ZONE",576Y,5751d,CLOSED,2020-05-29,09:23 AM
172551,Tree Removal,2020-05-29 09:46 AM,Tree Removal Inspection,TREEMAINTENANCE,"BLANCHETTE, PETER",7025  VILLA ,"6, ZONE",574D,5553d,CLOSED,2020-05-29,09:46 AM
172552,Tree Removal,2020-05-29 09:50 AM,Tree Removal Inspection,TREEMAINTENANCE,"BLANCHETTE, PETER", 4700 REVEILLE ST&7600 VISTA VERDE ST,"6, ZONE",535S,5554d,CLOSED,2020-05-29,09:50 AM
172553,Tree Trim,2020-05-29 09:51 AM,Tree Trim Inspection,TREEMAINTENANCE,"PATINO, ARNULFO",220 E COWAN ,"2, ZONE",492K,5257b,CLOSED,2020-05-29,09:51 AM
172554,Tree Trim,2020-05-29 09:53 AM,Tree Trim Inspection,TREEMAINTENANCE,"PATINO, ARNULFO",13209 CHISWICK RD,"7, ZONE",572R,77047,CLOSED,2020-05-29,09:53 AM
172555,Tree Removal,2020-05-29 09:57 AM,Tree Removal Inspection,TREEMAINTENANCE,"PATINO, ARNULFO",5444 DEL MONTE DR,"2, ZONE",491Q,77056,CLOSED,2020-05-29,09:57 AM
172556,Tree Removal,2020-05-29 10:01 AM,Tree Removal Inspection,TREEMAINTENANCE,"BLANCHETTE, PETER",2606  BEATTY ,"6, ZONE",534G,5555a,CLOSED,2020-05-29,10:01 AM
172557,Tree Trim,2020-05-29 10:06 AM,Tree Trim Inspection,TREEMAINTENANCE,"UF - JONES, CODY",5807 W 43RD ,"3, ZONE",451K,5160a,CLOSED,2020-05-29,10:06 AM
172558,Tree Trim,2020-05-29 10:06 AM,Tree Trim Inspection,TREEMAINTENANCE,"PATINO, ARNULFO",3026 HAZY PARK DR,"2, ZONE",488Y,77082,CLOSED,2020-05-29,10:06 AM
172559,Tree Removal,2020-05-29 10:42 AM,Tree Removal Inspection,TREEMAINTENANCE,"PATINO, ARNULFO",3927 KNOTTYNOLD LN,"7, ZONE",572S,77053,CLOSED,2020-05-29,10:42 AM
172560,Tree Removal,2020-05-29 11:02 AM,Tree Removal Inspection,TREEMAINTENANCE,"PATINO, ARNULFO",12722 VILLAWOOD LN,"2, ZONE",528M,77072,CLOSED,2020-05-29,11:02 AM
172561,Tree Removal,2020-05-29 11:20 AM,Tree Removal Inspection,TREEMAINTENANCE,"PATINO, ARNULFO",5306 STILLBROOKE DR,"7, ZONE",531X,77096,CLOSED,2020-05-29,11:20 AM
172562,Tree Removal,2020-05-29 11:21 AM,Tree Removal Inspection,TREEMAINTENANCE,"UF - POLOVTSEV, SERA",8205  HAMLET HOUSTON TX,"4, ZONE",455B,5661a,CLOSED,2020-05-29,11:21 AM
172563,Tree Removal,2020-05-29 11:21 AM,Tree Removal Inspection,TREEMAINTENANCE,"UF - POLOVTSEV, SERA",4206  HAIN ,"4, ZONE",453Y,5459c,CLOSED,2020-05-29,11:21 AM
172565,Tree Removal,2020-05-29 12:16 PM,Tree Removal Inspection,TREEMAINTENANCE,"BLANCHETTE, PETER",6644  LAWNDALE ,"5, ZONE",534D,5556c,CLOSED,2020-05-29,12:16 PM
172566,Tree Trim,2020-05-29 01:08 PM,Tree Trim Inspection,TREEMAINTENANCE,"PATINO, ARNULFO",8818 BELLE GLEN DR,"2, ZONE",529N,77099,CLOSED,2020-05-29,01:08 PM
172567,Tree Trim,2020-05-29 01:09 PM,Tree Trim Inspection,TREEMAINTENANCE,"UF - JONES, CODY",1335  FOXWOOD ,"3, ZONE",452X,5259c,CLOSED,2020-05-29,01:09 PM
172568,Tree Removal,2020-05-29 01:44 PM,Tree Removal Inspection,TREEMAINTENANCE,"UF - JONES, CODY",1139  HEIGHTS ,"3, ZONE",453W,5358a,CLOSED,2020-05-29,01:44 PM
172569,Tree Removal,2020-05-29 01:56 PM,Tree Removal Inspection,TREEMAINTENANCE,"PATINO, ARNULFO",11815 BANDLON DR,"2, ZONE",529E,77072,CLOSED,2020-05-29,01:56 PM
172571,Tree Removal,2020-05-29 02:06 PM,Tree Removal Inspection,TREEMAINTENANCE,"BLANCHETTE, PETER", 3424 CHAFFIN ST&7000 WINFREE DR,"6, ZONE",534R,5554b,CLOSED,2020-05-29,02:06 PM
172572,Tree Trim,2020-05-29 02:12 PM,Tree Trim Inspection,TREEMAINTENANCE,"BLANCHETTE, PETER",903  MULBERRY RIDGE ,"5, ZONE",618E,5950d,CLOSED,2020-05-29,02:12 PM
172573,Tree Trim,2020-05-29 02:40 PM,Tree Trim Inspection,TREEMAINTENANCE,"BLANCHETTE, PETER",14106  BOULDER FALLS ,"5, ZONE",617H,5950c,CLOSED,2020-05-29,02:40 PM
172575,Tree Trim,2020-05-29 02:52 PM,Tree Trim Inspection,TREEMAINTENANCE,"UF - JONES, CODY",802  LUCKY ,"3, ZONE",412U,5262d,CLOSED,2020-05-29,02:52 PM
172576,Tree Removal,2020-05-29 02:53 PM,Tree Removal Inspection,TREEMAINTENANCE,"UF - POLOVTSEV, SERA",5402 YORKWOOD ST,"4, ZONE",414V,77016,CLOSED,2020-05-29,02:53 PM
172579,Tree Removal,2020-05-29 03:22 PM,Tree Removal Inspection,TREEMAINTENANCE,"PATINO, ARNULFO",1105 BAYLAND AVE,"3, ZONE",493A,77009,CLOSED,2020-05-29,03:22 PM
172580,Tree Trim,2020-05-29 03:29 PM,Tree Trim Inspection,TREEMAINTENANCE,"PATINO, ARNULFO",1231 WELCH ST,"2, ZONE",493N,77006,CLOSED,2020-05-29,03:29 PM
172581,Tree Trim,2020-05-29 03:53 PM,Tree Trim Inspection,TREEMAINTENANCE,"PATINO, ARNULFO",1417  VASSAR ,"7, ZONE",492Z,5356c,CLOSED,2020-05-29,03:53 PM
172582,Tree Trim,2020-05-29 04:04 PM,Tree Trim Inspection,TREEMAINTENANCE,"BLANCHETTE, PETER",7215  BELLFORT ,"6, ZONE",534V,5554d,CLOSED,2020-05-29,04:04 PM
172583,Tree Removal,2020-05-29 04:05 PM,Tree Removal Inspection,TREEMAINTENANCE,"UF - JONES, CODY",9843 N GREEN RIVER ,"4, ZONE",456E,5761c,CLOSED,2020-05-29,04:05 PM
172584,Tree Removal,2020-05-29 04:32 PM,Tree Removal Inspection,TREEMAINTENANCE,"PATINO, ARNULFO",2100 YUPON ST,"2, ZONE",492R,77006,CLOSED,2020-05-29,04:32 PM
172585,Tree Removal,2020-05-29 04:44 PM,Tree Removal Inspection,TREEMAINTENANCE,"PATINO, ARNULFO",10819 RIDERWOOD DR,"2, ZONE",529Q,77099,CLOSED,2020-05-29,04:44 PM
172586,Tree Trim,2020-05-29 04:50 PM,Tree Trim Inspection,TREEMAINTENANCE,"PATINO, ARNULFO",5454  WASHINGTON ,"2, ZONE",492G,5258d,CLOSED,2020-05-29,04:50 PM
172587,Tree Trim,2020-05-29 06:33 PM,Tree Trim Inspection,TREEMAINTENANCE,"BLANCHETTE, PETER",11115  SAGETRAIL ,"6, ZONE",616B,5750d,CLOSED,2020-05-29,06:33 PM
172588,Tree Trim,2020-05-29 10:44 PM,Tree Trim Inspection,TREEMAINTENANCE,"UF - JONES, CODY", 1800 W 14TH ST&1800 W 14TH 1/2 ST,"3, ZONE",452Y,5259d,CLOSED,2020-05-29,10:44 PM
172589,Tree Trim,2020-05-30 02:31 AM,Tree Trim Inspection,TREEMAINTENANCE,"UF - POLOVTSEV, SERA",4003  ANTOINE ,"3, ZONE",451L,5160c,CLOSED,2020-05-30,02:31 AM
172590,Tree Removal,2020-05-30 03:29 AM,Tree Removal Inspection,TREEMAINTENANCE,"PATINO, ARNULFO",1512  RIDGEWOOD ,"2, ZONE",492R,5357c,CLOSED,2020-05-30,03:29 AM
172591,Tree Trim,2020-05-30 05:12 AM,Tree Trim Inspection,TREEMAINTENANCE,"BLANCHETTE, PETER",2920  POLK ,"5, ZONE",493V,5456a,CLOSED,2020-05-30,05:12 AM
172592,Tree Trim,2020-05-30 08:25 AM,Tree Trim Inspection,TREEMAINTENANCE,"UF - POLOVTSEV, SERA",2622  FAIRBANKS ,"4, ZONE",454S,5459b,CLOSED,2020-05-30,08:25 AM
172593,Tree Code Violation,2020-05-30 09:10 AM,Tree Code Violation Inspection,TREEPROTECTION,"PATINO, ARNULFO",BUFFALO SPEEDWAY & S LOOP FWY W,"7, ZONE",532T,77054,CLOSED,2020-05-30,09:10 AM
172594,Tree Removal,2020-05-30 09:12 AM,Tree Removal Inspection,TREEMAINTENANCE,"UF - JONES, CODY", 3011 BREWSTER ST&3200 JEWEL ST,"4, ZONE",494A,5458b,CLOSED,2020-05-30,09:12 AM
172595,Tree Trim,2020-05-30 11:15 AM,Tree Trim Inspection,TREEMAINTENANCE,"BLANCHETTE, PETER",6720 S HAYWOOD ,"6, ZONE",535W,5553b,CLOSED,2020-05-30,11:15 AM
172596,Tree Removal,2020-05-30 11:17 AM,Tree Removal Inspection,TREEMAINTENANCE,"BLANCHETTE, PETER",3720  ERIE ,"5, ZONE",535P,5654a,CLOSED,2020-05-30,11:17 AM
172597,Tree Protection Rev,2020-05-30 11:40 AM,Tree Protection Review Inspection,TREEPROTECTION,"PATINO, ARNULFO",6206  ROLLINGBROOK ,"7, ZONE",530Z,5053d,CLOSED,2020-05-30,11:40 AM
172598,Tree Trim,2020-05-30 02:09 PM,Tree Trim Inspection,TREEMAINTENANCE,"PATINO, ARNULFO",3123 LINKWOOD DR,"7, ZONE",532P,77025,CLOSED,2020-05-30,02:09 PM
172599,Tree Removal,2020-05-30 02:12 PM,Tree Removal Inspection,TREEMAINTENANCE,"BLANCHETTE, PETER",7026  SLOAN ,"6, ZONE",534R,5554b,CLOSED,2020-05-30,02:12 PM
172600,Tree Trim,2020-05-30 05:18 PM,Tree Trim Inspection,TREEMAINTENANCE,"PATINO, ARNULFO",7702  BURNING HILLS ,"7, ZONE",530U,5053b,CLOSED,2020-05-30,05:18 PM
172601,Tree Trim,2020-05-30 09:32 PM,Tree Trim Inspection,TREEMAINTENANCE,"PATINO, ARNULFO",312 W 9TH ST,"3, ZONE",492D,77007,CLOSED,2020-05-30,09:32 PM
172602,Tree Trim,2020-05-31 12:30 AM,Tree Trim Inspection,TREEMAINTENANCE,"PATINO, ARNULFO",2012  INDIANA ,"2, ZONE",492R,5357c,CLOSED,2020-05-31,12:30 AM
172603,Tree Trim,2020-05-31 02:59 AM,Tree Trim Inspection,TREEMAINTENANCE,"PATINO, ARNULFO",8802 IMOGENE ST,"7, ZONE",530P,77074,CLOSED,2020-05-31,02:59 AM
172604,Tree Removal,2020-05-31 03:08 AM,Tree Removal Inspection,TREEMAINTENANCE,"PATINO, ARNULFO",200  JACKSON HILL ,"2, ZONE",492M,5357a,CLOSED,2020-05-31,03:08 AM
172605,Tree Removal,2020-05-31 04:57 AM,Tree Removal Inspection,TREEMAINTENANCE,"PATINO, ARNULFO",1504  RIDGEWOOD ,"2, ZONE",492R,5357c,CLOSED,2020-05-31,04:57 AM
172606,Tree Removal,2020-05-31 02:05 PM,Tree Removal Inspection,TREEMAINTENANCE,"UF - JONES, CODY",622 W 25TH ,"3, ZONE",452V,5259b,CLOSED,2020-05-31,02:05 PM
172607,Tree Removal,2020-05-31 02:16 PM,Tree Removal Inspection,TREEMAINTENANCE,"BLANCHETTE, PETER",7  BURR ,"5, ZONE",494T,5557c,CLOSED,2020-05-31,02:16 PM
172608,Tree Trim,2020-05-31 02:45 PM,Tree Trim Inspection,TREEMAINTENANCE,"BLANCHETTE, PETER",6603  SHERWOOD ,"6, ZONE",533M,5454a,CLOSED,2020-05-31,02:45 PM
172609,Tree Trim,2020-05-31 04:02 PM,Tree Trim Inspection,TREEMAINTENANCE,"BLANCHETTE, PETER",12106  PALMDALE ,"5, ZONE",576L,5752d,CLOSED,2020-05-31,04:02 PM
172610,Tree Trim,2020-05-31 04:03 PM,Tree Trim Inspection,TREEMAINTENANCE,"PATINO, ARNULFO",3600 CHIMNEY ROCK RD,"2, ZONE",491X,77057,CLOSED,2020-05-31,04:03 PM
172611,Tree Trim,2020-05-31 04:13 PM,Tree Trim Inspection,TREEMAINTENANCE,"UF - POLOVTSEV, SERA",4906  INGOMAR ,"7, ZONE",571Z,5250a,CLOSED,2020-05-31,04:13 PM
172612,Tree Trim,2020-05-31 05:15 PM,Tree Trim Inspection,TREEMAINTENANCE,"PATINO, ARNULFO",6400 MORNINGSIDE DR,"7, ZONE",532G,77030,CLOSED,2020-05-31,05:15 PM
172613,Tree Stump Grinding,2020-06-01 03:23 AM,Tree Stump Inspection,TREEMAINTENANCE,"BLANCHETTE, PETER",4384  FIESTA ,"6, ZONE",534E,5455b,CLOSED,2020-06-01,03:23 AM
172614,Tree Trim,2020-06-01 05:44 AM,Tree Trim Inspection,TREEMAINTENANCE,"PATINO, ARNULFO",7703 RICHMOND AVE,"2, ZONE",490Z,77063,CLOSED,2020-06-01,05:44 AM
172618,Tree Trim,2020-06-01 08:47 AM,Tree Trim Inspection,TREEMAINTENANCE,"PATINO, ARNULFO",10822 SASHAY DR,"2, ZONE",529W,77099,CLOSED,2020-06-01,08:47 AM
172619,Tree Trim,2020-06-01 09:08 AM,Tree Trim Inspection,TREEMAINTENANCE,"PATINO, ARNULFO",11911  CHIMNEY ROCK ,"7, ZONE",571B,5152a,CLOSED,2020-06-01,09:08 AM
172620,Tree Removal,2020-06-01 09:18 AM,Tree Removal Inspection,TREEMAINTENANCE,"UF - BURKES, JEREMY",1475 W GRAY ,"2, ZONE",492R,5357c,CLOSED,2020-06-01,09:18 AM
172621,Tree Removal,2020-06-01 09:33 AM,Tree Removal Inspection,TREEMAINTENANCE,"BLANCHETTE, PETER",11126  SAGEBURROW ,"6, ZONE",616B,5750d,CLOSED,2020-06-01,09:33 AM
172623,Tree Trim,2020-06-01 10:18 AM,Tree Trim Inspection,TREEMAINTENANCE,"UF - JONES, CODY",1316  STORY ,"3, ZONE",451Y,5158b,CLOSED,2020-06-01,10:18 AM
172624,Tree Removal,2020-06-01 10:23 AM,Tree Removal Inspection,TREEMAINTENANCE,"BLANCHETTE, PETER",5225  CALHOUN ,"6, ZONE",534E,5455b,CLOSED,2020-06-01,10:23 AM
172625,Tree Removal,2020-06-01 10:38 AM,Tree Removal Inspection,TREEMAINTENANCE,"BLANCHETTE, PETER",7627  MCHENRY ,"6, ZONE",535N,5554b,CLOSED,2020-06-01,10:38 AM
172626,Tree Removal,2020-06-01 10:51 AM,Tree Removal Inspection,TREEMAINTENANCE,"UF - JONES, CODY",8539  BUCROFT ,"5, ZONE",495Q,5657a,CLOSED,2020-06-01,10:51 AM
172628,Tree Trim,2020-06-01 12:49 PM,Tree Trim Inspection,TREEMAINTENANCE,"PATINO, ARNULFO",9554 MEADOWCROFT DR,"2, ZONE",490W,77063,CLOSED,2020-06-01,12:49 PM
172629,Tree Trim,2020-06-01 12:57 PM,Tree Trim Inspection,TREEMAINTENANCE,"BLANCHETTE, PETER",6337  BUFORD ,"6, ZONE",534G,5555c,CLOSED,2020-06-01,12:57 PM
172631,Tree Trim,2020-06-01 02:55 PM,Tree Trim Inspection,TREEMAINTENANCE,"PATINO, ARNULFO",5433 DARLING ST,"3, ZONE",492C,77007,CLOSED,2020-06-01,02:55 PM
172632,Tree Trim,2020-06-01 02:56 PM,Tree Trim Inspection,TREEMAINTENANCE,"BLANCHETTE, PETER",4303  HOLLOWAY ,"6, ZONE",573G,5452a,CLOSED,2020-06-01,02:56 PM
172633,Tree Removal,2020-06-01 02:58 PM,Tree Removal Inspection,TREEMAINTENANCE,"BLANCHETTE, PETER",5018  AIRPORT ,"6, ZONE",573H,5452b,CLOSED,2020-06-01,02:58 PM
172634,Tree Trim,2020-06-01 02:58 PM,Tree Trim Inspection,TREEMAINTENANCE,"BLANCHETTE, PETER",4828  OLD SPANISH ,"6, ZONE",534E,5455d,CLOSED,2020-06-01,02:58 PM
172635,Tree Removal,2020-06-01 03:02 PM,Tree Removal Inspection,TREEMAINTENANCE,"UF - POLOVTSEV, SERA", 2900 BAGBY ST&400 TUAM ST,"2, ZONE",493T,5357d,CLOSED,2020-06-01,03:02 PM
172636,Tree Removal,2020-06-01 03:04 PM,Tree Removal Inspection,TREEMAINTENANCE,"UF - POLOVTSEV, SERA", 500 ANITA ST&3000 BRAZOS ST,"2, ZONE",493T,5356b,CLOSED,2020-06-01,03:04 PM
172637,Tree Trim,2020-06-01 03:05 PM,Tree Trim Inspection,TREEMAINTENANCE,"PATINO, ARNULFO",1516  RIDGEWOOD ,"2, ZONE",492R,5357c,CLOSED,2020-06-01,03:05 PM
172638,Tree Removal,2020-06-01 03:17 PM,Tree Removal Inspection,TREEMAINTENANCE,"UF - JONES, CODY",501 E 9TH ,"3, ZONE",493A,5358a,CLOSED,2020-06-01,03:17 PM
172639,Tree Trim,2020-06-01 03:18 PM,Tree Trim Inspection,TREEMAINTENANCE,"PATINO, ARNULFO",6520 ALMEDA RD,"7, ZONE",533F,77021,CLOSED,2020-06-01,03:18 PM
172640,Tree Trim,2020-06-01 03:18 PM,Tree Trim Inspection,TREEMAINTENANCE,"BLANCHETTE, PETER",12115  PANAY ,"6, ZONE",573R,5452d,CLOSED,2020-06-01,03:18 PM
172641,Tree Trim,2020-06-01 03:19 PM,Tree Trim Inspection,TREEMAINTENANCE,"BLANCHETTE, PETER",11322  SAGE OAK ,"6, ZONE",576Y,5851c,CLOSED,2020-06-01,03:19 PM
172642,Tree Removal,2020-06-01 03:21 PM,Tree Removal Inspection,TREEMAINTENANCE,"UF - POLOVTSEV, SERA",402  COSMOS ,"4, ZONE",493C,5458a,CLOSED,2020-06-01,03:21 PM
172643,Tree Removal,2020-06-01 03:22 PM,Tree Removal Inspection,TREEMAINTENANCE,"UF - POLOVTSEV, SERA",10618 BENTLEY ST,"4, ZONE",414X,77093,CLOSED,2020-06-01,03:22 PM
172644,Tree Trim,2020-06-01 03:29 PM,Tree Trim Inspection,TREEMAINTENANCE,"PATINO, ARNULFO",5901 BEECHNUT ST,"7, ZONE",531N,77074,CLOSED,2020-06-01,03:29 PM
172645,Tree Trim,2020-06-01 03:31 PM,Tree Trim Inspection,TREEMAINTENANCE,"PATINO, ARNULFO",1111 KILDARE DR,"7, ZONE",572R,77047,CLOSED,2020-06-01,03:31 PM
172646,Tree Trim,2020-06-01 03:49 PM,Tree Trim Inspection,TREEMAINTENANCE,"UF - POLOVTSEV, SERA",9707 TRUMPET ST,"4, ZONE",455D,77078,CLOSED,2020-06-01,03:49 PM
172647,Tree Trim,2020-06-01 03:49 PM,Tree Trim Inspection,TREEMAINTENANCE,"UF - JONES, CODY",204 W 33RD ,"3, ZONE",452R,5360c,CLOSED,2020-06-01,03:49 PM
172648,Tree Trim,2020-06-01 03:52 PM,Tree Trim Inspection,TREEMAINTENANCE,"UF - JONES, CODY",204 W 31ST ,"3, ZONE",452R,5359a,CLOSED,2020-06-01,03:52 PM
172649,Tree Removal,2020-06-01 03:59 PM,Tree Removal Inspection,TREEMAINTENANCE,"UF - JONES, CODY",7312  LAVENDER ,"4, ZONE",454L,5560c,CLOSED,2020-06-01,03:59 PM
172650,Tree Trim,2020-06-01 04:54 PM,Tree Trim Inspection,TREEMAINTENANCE,"PATINO, ARNULFO",2502 DRISCOLL ST,"2, ZONE",492V,77019,CLOSED,2020-06-01,04:54 PM
172651,Tree Trim,2020-06-01 08:01 PM,Tree Trim Inspection,TREEMAINTENANCE,"BLANCHETTE, PETER",9238  CANADY PARK ,"6, ZONE",575V,5651d,CLOSED,2020-06-01,08:01 PM
172652,Tree Trim,2020-06-02 12:43 AM,Tree Trim Inspection,TREEMAINTENANCE,"BLANCHETTE, PETER",5033  RUSK ,"5, ZONE",494T,5556a,CLOSED,2020-06-02,12:43 AM
172656,Tree Trim,2020-06-02 07:58 AM,Tree Trim Inspection,TREEMAINTENANCE,"BLANCHETTE, PETER",5722  OVERDALE ,"6, ZONE",574A,5453d,CLOSED,2020-06-02,07:58 AM
172657,Tree Trim,2020-06-02 08:05 AM,Tree Trim Inspection,TREEMAINTENANCE,"BLANCHETTE, PETER", 5400 W LAKE HOUSTON PKWY&4900 SHADY MAPLE DR,"4, ZONE",297N,5771d,CLOSED,2020-06-02,08:05 AM
172660,Tree Removal,2020-06-02 08:27 AM,Tree Removal Inspection,TREEMAINTENANCE,"UF - POLOVTSEV, SERA",1224 GENOVA ST,"4, ZONE",493D,77009,CLOSED,2020-06-02,08:27 AM
172662,Tree Trim,2020-06-02 08:46 AM,Tree Trim Inspection,TREEMAINTENANCE,"BLANCHETTE, PETER",4711  MARIETTA ,"6, ZONE",534J,5455d,CLOSED,2020-06-02,08:46 AM
172663,Tree Removal,2020-06-02 09:13 AM,Tree Removal Inspection,TREEMAINTENANCE,"PATINO, ARNULFO",1701 YORKTOWN ST,"2, ZONE",491Q,77056,CLOSED,2020-06-02,09:13 AM
172664,Tree Removal,2020-06-02 09:50 AM,Tree Removal Inspection,TREEMAINTENANCE,"UF - JONES, CODY", 2200 W PARK VIEW DR&18800 SAUMS RD,"3, ZONE",446V,4558b,CLOSED,2020-06-02,09:50 AM
172665,Tree Trim,2020-06-02 10:06 AM,Tree Trim Inspection,TREEMAINTENANCE,"UF - JONES, CODY",7804  HELMERS ,"4, ZONE",453L,5460a,CLOSED,2020-06-02,10:06 AM
172667,Tree Removal,2020-06-02 10:13 AM,Tree Removal Inspection,TREEMAINTENANCE,"PATINO, ARNULFO",11926 6TH ST,"2, ZONE",529A,77072,CLOSED,2020-06-02,10:13 AM
172670,Tree Removal,2020-06-02 10:33 AM,Tree Removal Inspection,TREEMAINTENANCE,"UF - JONES, CODY",19008  SAUMS ,"3, ZONE",447S,4659c,CLOSED,2020-06-02,10:33 AM
172671,Tree Removal,2020-06-02 10:59 AM,Tree Removal Inspection,TREEMAINTENANCE,"BLANCHETTE, PETER",7614  BELBAY ,"6, ZONE",534T,5553a,CLOSED,2020-06-02,10:59 AM
172672,Tree Removal,2020-06-02 12:03 PM,Tree Removal Inspection,TREEMAINTENANCE,"UF - POLOVTSEV, SERA",7211 HEDGEWOOD ST,"4, ZONE",415P,77016,CLOSED,2020-06-02,12:03 PM
172673,Tree Trim,2020-06-02 01:01 PM,Tree Trim Inspection,TREEMAINTENANCE,"UF - JONES, CODY", 416 CROSSTIMBERS ST&4300 HERRIDGE ST,"3, ZONE",453J,5360c,CLOSED,2020-06-02,01:01 PM
172674,Tree Trim,2020-06-02 01:23 PM,Tree Trim Inspection,TREEMAINTENANCE,"UF - JONES, CODY",2  LAURENHURST ,"3, ZONE",449Z,4958b,CLOSED,2020-06-02,01:23 PM
172675,Tree Trim,2020-06-02 01:25 PM,Tree Trim Inspection,TREEMAINTENANCE,"PATINO, ARNULFO",8700 MAIN ST,"7, ZONE",532Q,77025,CLOSED,2020-06-02,01:25 PM
172680,Tree Removal,2020-06-02 02:24 PM,Tree Removal Inspection,TREEMAINTENANCE,"PATINO, ARNULFO",5030 CREEKBEND DR,"7, ZONE",531Y,77035,CLOSED,2020-06-02,02:24 PM
172682,Tree Trim,2020-06-02 02:48 PM,Tree Trim Inspection,TREEMAINTENANCE,"BLANCHETTE, PETER",4502  KEYSTONE ,"6, ZONE",533M,5454b,CLOSED,2020-06-02,02:48 PM
172683,Tree Trim,2020-06-02 02:48 PM,Tree Trim Inspection,TREEMAINTENANCE,"PATINO, ARNULFO",5007 PRAIRIE RIDGE RD,"7, ZONE",611C,77053,CLOSED,2020-06-02,02:48 PM
172685,Tree Removal,2020-06-02 02:59 PM,Tree Removal Inspection,TREEMAINTENANCE,"PATINO, ARNULFO",10406  BOB WHITE ,"7, ZONE",530Z,5053b,CLOSED,2020-06-02,02:59 PM
172686,Tree Trim,2020-06-02 03:07 PM,Tree Trim Inspection,TREEMAINTENANCE,"UF - POLOVTSEV, SERA",3410  AUSTIN ,"2, ZONE",493T,5356b,CLOSED,2020-06-02,03:07 PM
172688,Tree Trim,2020-06-02 03:31 PM,Tree Trim Inspection,TREEMAINTENANCE,"PATINO, ARNULFO",13111 POPLAR GLEN LN,"2, ZONE",488Y,77082,CLOSED,2020-06-02,03:31 PM
172689,Tree Trim,2020-06-02 05:18 PM,Tree Trim Inspection,TREEMAINTENANCE,"BLANCHETTE, PETER",7302  BASTOGNE ,"6, ZONE",533V,5454d,CLOSED,2020-06-02,05:18 PM
172690,Tree Removal,2020-06-02 08:19 PM,Tree Removal Inspection,TREEMAINTENANCE,"UF - JONES, CODY",3502  ALMINGTON ,"3, ZONE",411V,5162d,CLOSED,2020-06-02,08:19 PM
172692,Tree Trim,2020-06-03 06:41 AM,Tree Trim Inspection,TREEMAINTENANCE,"BLANCHETTE, PETER",830  BEACHCOMBER ,"5, ZONE",618N,5949b,CLOSED,2020-06-03,06:41 AM
172693,Tree Trim,2020-06-03 06:49 AM,Tree Trim Inspection,TREEMAINTENANCE,"BLANCHETTE, PETER",839  BEACHCOMBER ,"5, ZONE",618N,5949b,CLOSED,2020-06-03,06:49 AM
172697,Tree Removal,2020-06-03 08:03 AM,Tree Removal Inspection,TREEMAINTENANCE,"BLANCHETTE, PETER",7250  BELLFORT ,"6, ZONE",534Z,5553b,CLOSED,2020-06-03,08:03 AM
172698,Tree Trim,2020-06-03 08:52 AM,Tree Trim Inspection,TREEMAINTENANCE,"UF - POLOVTSEV, SERA",3054 NOBLE ST,"4, ZONE",494A,77026,CLOSED,2020-06-03,08:52 AM
172700,Tree Trim,2020-06-03 09:13 AM,Tree Trim Inspection,TREEMAINTENANCE,"BLANCHETTE, PETER",2608  DELANO ,"6, ZONE",493Z,5456a,CLOSED,2020-06-03,09:13 AM
172701,Tree Removal,2020-06-03 09:34 AM,Tree Removal Inspection,TREEMAINTENANCE,"PATINO, ARNULFO",3600 JEANETTA ST,"2, ZONE",490X,77063,CLOSED,2020-06-03,09:34 AM
172702,Tree Trim,2020-06-03 10:10 AM,Tree Trim Inspection,TREEMAINTENANCE,"PATINO, ARNULFO",10935 PIPING ROCK LN,"2, ZONE",489U,77042,CLOSED,2020-06-03,10:10 AM
172703,Tree Removal,2020-06-03 10:15 AM,Tree Removal Inspection,TREEMAINTENANCE,"UF - POLOVTSEV, SERA",800 MILWAUKEE ST,"4, ZONE",453U,77009,CLOSED,2020-06-03,10:15 AM
172704,Tree Trim,2020-06-03 10:54 AM,Tree Trim Inspection,TREEMAINTENANCE,"UF - JONES, CODY",2130  DEWALT ,"3, ZONE",412N,5262a,CLOSED,2020-06-03,10:54 AM
172705,Tree Removal,2020-06-03 11:37 AM,Tree Removal Inspection,TREEMAINTENANCE,"PATINO, ARNULFO",3715 JEANETTA ST,"2, ZONE",490X,77063,CLOSED,2020-06-03,11:37 AM
172707,Tree Stump Grinding,2020-06-03 11:54 AM,Tree Stump Inspection,TREEMAINTENANCE,"PATINO, ARNULFO",10110 KINNEY RD,"2, ZONE",529U,77099,CLOSED,2020-06-03,11:54 AM
172710,Tree Removal,2020-06-03 12:10 PM,Tree Removal Inspection,TREEMAINTENANCE,"UF - JONES, CODY",220 W 10TH ,"3, ZONE",492D,5358a,CLOSED,2020-06-03,12:10 PM
172711,Tree Trim,2020-06-03 12:19 PM,Tree Trim Inspection,TREEMAINTENANCE,"PATINO, ARNULFO",801 LESTER ST,"2, ZONE",492G,77007,CLOSED,2020-06-03,12:19 PM
172712,Tree Trim,2020-06-03 12:22 PM,Tree Trim Inspection,TREEMAINTENANCE,"PATINO, ARNULFO",8335  FURLONG HOUSTON TX ,"7, ZONE",570F,5052c,CLOSED,2020-06-03,12:22 PM
172713,Tree Trim,2020-06-03 01:37 PM,Tree Trim Inspection,TREEMAINTENANCE,"UF - POLOVTSEV, SERA",13534 BANDERA ST,"4, ZONE",497F,77015,CLOSED,2020-06-03,01:37 PM
172715,Tree Removal,2020-06-03 02:07 PM,Tree Removal Inspection,TREEMAINTENANCE,"BLANCHETTE, PETER",8118  BRANDON ,"6, ZONE",533U,5453a,CLOSED,2020-06-03,02:07 PM
172716,Tree Removal,2020-06-03 02:22 PM,Tree Removal Inspection,TREEMAINTENANCE,"UF - JONES, CODY",4700 N MAIN ,"3, ZONE",453X,5359d,CLOSED,2020-06-03,02:22 PM
172717,Tree Removal,2020-06-03 02:22 PM,Tree Removal Inspection,TREEMAINTENANCE,"BLANCHETTE, PETER",7113  KELLER ,"5, ZONE",535E,5555d,CLOSED,2020-06-03,02:22 PM
172718,Tree Trim,2020-06-03 02:23 PM,Tree Trim Inspection,TREEMAINTENANCE,"UF - JONES, CODY", 8100 DE PRIEST ST&8300 WILLIAMSDELL ST,"3, ZONE",412U,5262d,CLOSED,2020-06-03,02:23 PM
172719,Tree Trim,2020-06-03 02:41 PM,Tree Trim Inspection,TREEMAINTENANCE,"BLANCHETTE, PETER",7011  JAPONICA ,"5, ZONE",535E,5555b,CLOSED,2020-06-03,02:41 PM
172721,Tree Trim,2020-06-03 02:57 PM,Tree Trim Inspection,TREEMAINTENANCE,"UF - POLOVTSEV, SERA",6711  AVENUE I ,"5, ZONE",494V,5556b,CLOSED,2020-06-03,02:57 PM
172722,Tree Trim,2020-06-03 03:11 PM,Tree Trim Inspection,TREEMAINTENANCE,"UF - POLOVTSEV, SERA",827  TEETSHORN ,"3, ZONE",493B,5358b,CLOSED,2020-06-03,03:11 PM
172723,Tree Removal,2020-06-03 03:44 PM,Tree Removal Inspection,TREEMAINTENANCE,"PATINO, ARNULFO",11235 MULHOLLAND DR,"2, ZONE",529W,77477,CLOSED,2020-06-03,03:44 PM
172724,Tree Trim,2020-06-03 04:11 PM,Tree Trim Inspection,TREEMAINTENANCE,"PATINO, ARNULFO",12635  WESTELLA ,"2, ZONE",488R,4856a,CLOSED,2020-06-03,04:11 PM
172725,Tree Removal,2020-06-03 04:31 PM,Tree Removal Inspection,TREEMAINTENANCE,"UF - JONES, CODY",8009  PHILLIPS ,"3, ZONE",412S,5262c,CLOSED,2020-06-03,04:31 PM
172726,Tree Removal,2020-06-03 04:46 PM,Tree Removal Inspection,TREEMAINTENANCE,"UF - POLOVTSEV, SERA",5700 COLLINS RD,"4, ZONE",414R,77016,CLOSED,2020-06-03,04:46 PM
172727,Tree Trim,2020-06-03 06:35 PM,Tree Trim Inspection,TREEMAINTENANCE,"UF - POLOVTSEV, SERA",4015  DALLAS ,"5, ZONE",494S,5456b,CLOSED,2020-06-03,06:35 PM
172728,Tree Trim,2020-06-03 06:51 PM,Tree Trim Inspection,TREEMAINTENANCE,"UF - JONES, CODY",1333  YALE ,"3, ZONE",452Z,5359c,CLOSED,2020-06-03,06:51 PM
172729,Tree Trim,2020-06-03 06:55 PM,Tree Trim Inspection,TREEMAINTENANCE,"UF - JONES, CODY",1333  YALE ,"3, ZONE",452Z,5359c,CLOSED,2020-06-03,06:55 PM
172730,Tree Trim,2020-06-03 08:15 PM,Tree Trim Inspection,TREEMAINTENANCE,"BLANCHETTE, PETER",7146  VANDEMAN ,"5, ZONE",535E,5555b,CLOSED,2020-06-03,08:15 PM
172731,Tree Trim,2020-06-03 09:29 PM,Tree Trim Inspection,TREEMAINTENANCE,"UF - JONES, CODY", 210 W HAMILTON ST&5600 PATRICK ST,"3, ZONE",452D,5361c,CLOSED,2020-06-03,09:29 PM
172733,Tree Removal,2020-06-04 05:24 AM,Tree Removal Inspection,TREEMAINTENANCE,"PATINO, ARNULFO",2345 MARONEAL ST,"7, ZONE",532G,77030,CLOSED,2020-06-04,05:24 AM
172734,Tree Trim,2020-06-04 05:31 AM,Tree Trim Inspection,TREEMAINTENANCE,"UF - JONES, CODY",1900 W 18TH ,"3, ZONE",452T,5259c,CLOSED,2020-06-04,05:31 AM
172735,Tree Trim,2020-06-04 07:10 AM,Tree Trim Inspection,TREEMAINTENANCE,"BLANCHETTE, PETER",5301  KENILWOOD ,"6, ZONE",534S,5453b,CLOSED,2020-06-04,07:10 AM
172736,Tree Trim,2020-06-04 07:32 AM,Tree Trim Inspection,TREEMAINTENANCE,"PATINO, ARNULFO",6702 RENWICK DR,"7, ZONE",531E,77081,CLOSED,2020-06-04,07:32 AM
172737,Tree Trim,2020-06-04 07:33 AM,Tree Trim Inspection,TREEMAINTENANCE,"PATINO, ARNULFO",5903 DE MOSS DR,"7, ZONE",531E,77081,CLOSED,2020-06-04,07:33 AM
172738,Tree Trim,2020-06-04 08:22 AM,Tree Trim Inspection,TREEMAINTENANCE,"UF - POLOVTSEV, SERA",9402  RHODE ISLAND ,"5, ZONE",495Y,5656b,CLOSED,2020-06-04,08:22 AM
172739,Tree Removal,2020-06-04 08:59 AM,Tree Removal Inspection,TREEMAINTENANCE,"UF - POLOVTSEV, SERA",6913 S HALL ,"4, ZONE",454H,5560b,CLOSED,2020-06-04,08:59 AM
172740,Tree Removal,2020-06-04 09:25 AM,Tree Removal Inspection,TREEMAINTENANCE,"PATINO, ARNULFO",1022 WIRT RD,"3, ZONE",491B,77055,CLOSED,2020-06-04,09:25 AM
172741,Tree Trim,2020-06-04 09:43 AM,Tree Trim Inspection,TREEMAINTENANCE,"PATINO, ARNULFO",ASHLING DR & KEEGAN RD,"2, ZONE",529W,77477,CLOSED,2020-06-04,09:43 AM
172742,Tree Removal,2020-06-04 09:48 AM,Tree Removal Inspection,TREEMAINTENANCE,"PATINO, ARNULFO",11103 ENSBROOK DR,"2, ZONE",569B,77099,CLOSED,2020-06-04,09:48 AM
172746,Tree Trim,2020-06-04 10:16 AM,Tree Trim Inspection,TREEMAINTENANCE,"PATINO, ARNULFO",2400 BRIAR RIDGE DR,"2, ZONE",491S,77057,CLOSED,2020-06-04,10:16 AM
172748,Tree Removal,2020-06-04 10:49 AM,Tree Removal Inspection,TREEMAINTENANCE,"UF - JONES, CODY",3607  SARDIS ,"3, ZONE",411V,5162d,CLOSED,2020-06-04,10:49 AM
172749,Tree Trim,2020-06-04 10:55 AM,Tree Trim Inspection,TREEMAINTENANCE,"BLANCHETTE, PETER", 10326 KIRKHILL DR,"6, ZONE",576X,5751d,CLOSED,2020-06-04,10:55 AM
172750,Tree Planting,2020-06-04 11:57 AM,Tree Planting Inspection,TREEPROTECTION,"PATINO, ARNULFO",1100 SMITH ST,"1, ZONE",493L,77002,CLOSED,2020-06-04,11:57 AM
172751,Tree Removal,2020-06-04 12:09 PM,Tree Removal Inspection,TREEMAINTENANCE,"PATINO, ARNULFO",12814 REGAL OAKS BEND LN,"7, ZONE",572Q,77047,CLOSED,2020-06-04,12:09 PM
172753,Tree Trim,2020-06-04 12:49 PM,Tree Trim Inspection,TREEMAINTENANCE,"PATINO, ARNULFO",10106 BRIAR FOREST DR,"2, ZONE",489R,77042,CLOSED,2020-06-04,12:49 PM
172754,Tree Removal,2020-06-04 12:58 PM,Tree Removal Inspection,TREEMAINTENANCE,"PATINO, ARNULFO",7602 HOPEWELL LN,"7, ZONE",570C,77071,CLOSED,2020-06-04,12:58 PM
172755,Tree Removal,2020-06-04 01:03 PM,Tree Removal Inspection,TREEMAINTENANCE,"UF - POLOVTSEV, SERA",6406  ANNUNCIATION ,"4, ZONE",415N,5562b,CLOSED,2020-06-04,01:03 PM
172756,Tree Removal,2020-06-04 01:43 PM,Tree Removal Inspection,TREEMAINTENANCE,"UF - JONES, CODY",312 E 27TH ,"3, ZONE",453S,5359a,CLOSED,2020-06-04,01:43 PM
172757,Tree Removal,2020-06-04 02:19 PM,Tree Removal Inspection,TREEMAINTENANCE,"UF - JONES, CODY", 100 E 12TH ST&100 W 12TH ST&1200 HEIGHTS BLVD,"3, ZONE",453W,5358a,CLOSED,2020-06-04,02:19 PM
172758,Tree Trim,2020-06-04 02:40 PM,Tree Trim Inspection,TREEMAINTENANCE,"PATINO, ARNULFO",12814 REGAL OAKS BEND LN,"7, ZONE",572Q,77047,CLOSED,2020-06-04,02:40 PM
172759,Tree Trim,2020-06-04 02:41 PM,Tree Trim Inspection,TREEMAINTENANCE,"PATINO, ARNULFO",1205  DART ,"2, ZONE",493G,5358d,CLOSED,2020-06-04,02:41 PM
172765,Tree Trim,2020-06-04 03:58 PM,Tree Trim Inspection,TREEMAINTENANCE,"UF - POLOVTSEV, SERA",1009  DEFENDER ,"5, ZONE",495U,5656b,CLOSED,2020-06-04,03:58 PM
172766,Tree Planting,2020-06-04 04:13 PM,Tree Planting Inspection,TREEPROTECTION,"BLANCHETTE, PETER",9902  HINDS ,"5, ZONE",576E,5752a,CLOSED,2020-06-04,04:13 PM
172767,Tree Trim,2020-06-04 04:14 PM,Tree Trim Inspection,TREEMAINTENANCE,"PATINO, ARNULFO",4326  KINGFISHER ,"7, ZONE",531Z,5253c,CLOSED,2020-06-04,04:14 PM
172768,Tree Trim,2020-06-04 04:20 PM,Tree Trim Inspection,TREEMAINTENANCE,"UF - POLOVTSEV, SERA",9  MARSDEN ,"5, ZONE",494U,5556a,CLOSED,2020-06-04,04:20 PM
172769,Tree Removal,2020-06-04 04:35 PM,Tree Removal Inspection,TREEMAINTENANCE,"BLANCHETTE, PETER", 7300 LINDENCREST ST&6910 TELEPHONE RD,"6, ZONE",575A,5653c,CLOSED,2020-06-04,04:35 PM
172770,Tree Removal,2020-06-04 05:04 PM,Tree Removal Inspection,TREEMAINTENANCE,"BLANCHETTE, PETER",6302  SLOAN ,"6, ZONE",534L,5554a,CLOSED,2020-06-04,05:04 PM
172771,Tree Removal,2020-06-04 06:45 PM,Tree Removal Inspection,TREEMAINTENANCE,"UF - POLOVTSEV, SERA",5706  COLLINS ,"4, ZONE",414R,5563c,CLOSED,2020-06-04,06:45 PM
172776,Tree Removal,2020-06-05 08:13 AM,Tree Removal Inspection,TREEMAINTENANCE,"UF - JONES, CODY",2800 W LITTLE YORK ,"3, ZONE",411V,5162d,CLOSED,2020-06-05,08:13 AM
172777,Tree Trim,2020-06-05 08:55 AM,Tree Trim Inspection,TREEMAINTENANCE,"UF - POLOVTSEV, SERA",12400 PECAN CT,"4, ZONE",456Y,77013,CLOSED,2020-06-05,08:55 AM
172778,Tree Trim,2020-06-05 09:27 AM,Tree Trim Inspection,TREEMAINTENANCE,"BLANCHETTE, PETER",15607  SEASIDE ,"5, ZONE",618J,5949b,CLOSED,2020-06-05,09:27 AM
172779,Tree Trim,2020-06-05 09:28 AM,Tree Trim Inspection,TREEMAINTENANCE,"UF - JONES, CODY",7026 W 43RD ,"3, ZONE",451E,5060b,CLOSED,2020-06-05,09:28 AM
172780,Tree Trim,2020-06-05 10:04 AM,Tree Trim Inspection,TREEMAINTENANCE,"BLANCHETTE, PETER", 2103 FLAGSTONE TER,"5, ZONE",536S,5754c,CLOSED,2020-06-05,10:04 AM
172781,Tree Removal,2020-06-05 10:33 AM,Tree Removal Inspection,TREEMAINTENANCE,"UF - POLOVTSEV, SERA",1122  BAYLAND ,"3, ZONE",493A,5358b,CLOSED,2020-06-05,10:33 AM
172782,Tree Removal,2020-06-05 10:49 AM,Tree Removal Inspection,TREEMAINTENANCE,"PATINO, ARNULFO",3611 ENNIS ST,"6, ZONE",493Y,77004,CLOSED,2020-06-05,10:49 AM
172783,Tree Removal,2020-06-05 11:27 AM,Tree Removal Inspection,TREEMAINTENANCE,"PATINO, ARNULFO",12502 ASHFORD MEADOW DR,"2, ZONE",488V,77082,CLOSED,2020-06-05,11:27 AM
172784,Tree Trim,2020-06-05 11:45 AM,Tree Trim Inspection,TREEMAINTENANCE,"PATINO, ARNULFO",10807 OLYMPIA DR,"2, ZONE",489U,77042,CLOSED,2020-06-05,11:45 AM
172785,Tree Removal,2020-06-05 11:46 AM,Tree Removal Inspection,TREEMAINTENANCE,"UF - JONES, CODY",7001  BARNEY ,"3, ZONE",451E,5060b,CLOSED,2020-06-05,11:46 AM
172789,Tree Trim,2020-06-05 12:28 PM,Tree Trim Inspection,TREEMAINTENANCE,"PATINO, ARNULFO",5615 CAREW ST,"7, ZONE",531N,77096,CLOSED,2020-06-05,12:28 PM
172794,Tree Trim,2020-06-05 01:48 PM,Tree Trim Inspection,TREEMAINTENANCE,"UF - POLOVTSEV, SERA", 2 LAURENHURST CT&1420 SHADOWDALE DR,"3, ZONE",449Z,4958b,CLOSED,2020-06-05,01:48 PM
172796,Tree Trim,2020-06-05 02:11 PM,Tree Trim Inspection,TREEMAINTENANCE,"UF - JONES, CODY",401 W 21ST ,"3, ZONE",452V,5359c,CLOSED,2020-06-05,02:11 PM
172797,Tree Trim,2020-06-05 02:25 PM,Tree Trim Inspection,TREEMAINTENANCE,"BLANCHETTE, PETER",5351  BROWNCROFT ,"6, ZONE",534K,5454b,CLOSED,2020-06-05,02:25 PM
172799,Tree Removal,2020-06-05 02:30 PM,Tree Removal Inspection,TREEMAINTENANCE,"PATINO, ARNULFO",12108  TAMBOURINE ,"2, ZONE",529W,4853d,CLOSED,2020-06-05,02:30 PM
172802,Tree Trim,2020-06-05 03:49 PM,Tree Trim Inspection,TREEMAINTENANCE,"UF - POLOVTSEV, SERA",226 SHOTWELL ST,"4, ZONE",494C,77020,CLOSED,2020-06-05,03:49 PM
172803,Tree Trim,2020-06-05 04:04 PM,Tree Trim Inspection,TREEMAINTENANCE,"BLANCHETTE, PETER",7111  ILEX ,"5, ZONE",535E,5555b,CLOSED,2020-06-05,04:04 PM
172804,Tree Trim,2020-06-05 04:27 PM,Tree Trim Inspection,TREEMAINTENANCE,"UF - POLOVTSEV, SERA", 1100 HAYS ST&3200 ROBERTSON ST,"4, ZONE",493D,5458a,CLOSED,2020-06-05,04:27 PM
172805,Tree Removal,2020-06-05 04:29 PM,Tree Removal Inspection,TREEMAINTENANCE,"UF - POLOVTSEV, SERA",1340  HERKIMER ,"3, ZONE",452Z,5359c,CLOSED,2020-06-05,04:29 PM
172806,Tree Removal,2020-06-05 04:46 PM,Tree Removal Inspection,TREEMAINTENANCE,"BLANCHETTE, PETER",7307  LINDEN ,"5, ZONE",535E,5655a,CLOSED,2020-06-05,04:46 PM
172808,Tree Removal,2020-06-06 02:13 PM,Tree Removal Inspection,TREEMAINTENANCE,"BLANCHETTE, PETER",16006  LAURELFIELD ,"5, ZONE",618C,6050a,CLOSED,2020-06-06,02:13 PM
172809,Tree Removal,2020-06-06 03:44 PM,Tree Removal Inspection,TREEMAINTENANCE,"UF - POLOVTSEV, SERA", 7300 BROWNWOOD ST&618 PORT ST,"4, ZONE",495E,5558d,CLOSED,2020-06-06,03:44 PM
172810,Tree Trim,2020-06-06 07:05 PM,Tree Trim Inspection,TREEMAINTENANCE,"PATINO, ARNULFO",14619 WATERLOO DR,"7, ZONE",572P,77045,CLOSED,2020-06-06,07:05 PM
172811,Tree Trim,2020-06-06 08:15 PM,Tree Trim Inspection,TREEMAINTENANCE,"UF - POLOVTSEV, SERA",4038  TIDFORD ,"4, ZONE",454B,5461d,CLOSED,2020-06-06,08:15 PM
172812,Tree Trim,2020-06-07 10:51 AM,Tree Trim Inspection,TREEMAINTENANCE,"PATINO, ARNULFO",6234 SHADOW CREST ST,"7, ZONE",530R,77074,CLOSED,2020-06-07,10:51 AM
172813,Tree Removal,2020-06-07 10:58 AM,Tree Removal Inspection,TREEMAINTENANCE,"UF - POLOVTSEV, SERA",1401  REGALIA ,"3, ZONE",451X,5158a,CLOSED,2020-06-07,10:58 AM
172814,Tree Removal,2020-06-07 03:13 PM,Tree Removal Inspection,TREEMAINTENANCE,"UF - POLOVTSEV, SERA",4722  BRINKMAN ,"3, ZONE",452G,5260b,CLOSED,2020-06-07,03:13 PM
172815,Tree Trim,2020-06-07 05:44 PM,Tree Trim Inspection,TREEMAINTENANCE,"UF - JONES, CODY", 4400 W LITTLE YORK RD&7000 SILVER LEAF LN,"3, ZONE",411Y,5161a,CLOSED,2020-06-07,05:44 PM
172816,Tree Trim,2020-06-08 06:31 AM,Tree Trim Inspection,TREEMAINTENANCE,"BLANCHETTE, PETER",6767  LONG ,"6, ZONE",534R,5554b,CLOSED,2020-06-08,06:31 AM
172817,Tree Stump Grinding,2020-06-08 06:50 AM,Tree Stump Inspection,TREEMAINTENANCE,"UF - POLOVTSEV, SERA",13426 ELLA RIDGE LN,"3, ZONE",372K,77067,CLOSED,2020-06-08,06:50 AM
172821,Tree Trim,2020-06-08 08:23 AM,Tree Trim Inspection,TREEMAINTENANCE,"UF - POLOVTSEV, SERA",5718 EDWARD DR,"4, ZONE",374V,77032,CLOSED,2020-06-08,08:23 AM
172822,Tree Removal,2020-06-08 08:42 AM,Tree Removal Inspection,TREEMAINTENANCE,"UF - POLOVTSEV, SERA",4700 KINGWOOD DR,"4, ZONE",337B,77345,CLOSED,2020-06-08,08:42 AM
172823,Tree Code Violation,2020-06-08 08:46 AM,Tree Code Violation Inspection,TREEPROTECTION,"PATINO, ARNULFO",3636 W DALLAS ST,"2, ZONE",492M,77019,CLOSED,2020-06-08,08:46 AM
172827,Tree Trim,2020-06-08 09:22 AM,Tree Trim Inspection,TREEMAINTENANCE,"UF - POLOVTSEV, SERA",4838  DANFIELD ,"7, ZONE",571Z,5250a,CLOSED,2020-06-08,09:22 AM
172828,Tree Trim,2020-06-08 09:53 AM,Tree Trim Inspection,TREEMAINTENANCE,"UF - POLOVTSEV, SERA",4128  DE GEORGE ,"3, ZONE",453X,5359d,CLOSED,2020-06-08,09:53 AM
172829,Tree Trim,2020-06-08 10:01 AM,Tree Trim Inspection,TREEMAINTENANCE,"PATINO, ARNULFO",5418 WINDSWEPT LN,"2, ZONE",491Y,77056,CLOSED,2020-06-08,10:01 AM
172830,Tree Trim,2020-06-08 11:03 AM,Tree Trim Inspection,TREEMAINTENANCE,"PATINO, ARNULFO", 6900 STAFFORDSHIRE BLVD&1900 WOODBURY ST,"7, ZONE",533E,5355c,CLOSED,2020-06-08,11:03 AM
172831,Tree Trim,2020-06-08 11:49 AM,Tree Trim Inspection,TREEMAINTENANCE,"BLANCHETTE, PETER",7606  NARCISSUS ,"5, ZONE",535F,5655c,CLOSED,2020-06-08,11:49 AM
172832,Tree Removal,2020-06-08 11:57 AM,Tree Removal Inspection,TREEMAINTENANCE,"PATINO, ARNULFO",978 BUNKER HILL RD,"2, ZONE",490B,77024,CLOSED,2020-06-08,11:57 AM
172834,Tree Trim,2020-06-08 12:16 PM,Tree Trim Inspection,TREEMAINTENANCE,"UF - POLOVTSEV, SERA", 5800 WERNER ST&400 E WITCHER LN,"4, ZONE",453A,5361c,CLOSED,2020-06-08,12:16 PM
172836,Tree Trim,2020-06-08 12:38 PM,Tree Trim Inspection,TREEMAINTENANCE,"UF - POLOVTSEV, SERA", 400 W 22ND ST&2200 ASHLAND ST,"3, ZONE",452V,5359a,CLOSED,2020-06-08,12:38 PM
172837,Tree Removal,2020-06-08 01:37 PM,Tree Removal Inspection,TREEMAINTENANCE,"PATINO, ARNULFO",5474 DARNELL ST,"7, ZONE",531N,77096,CLOSED,2020-06-08,01:37 PM
172838,Tree Trim,2020-06-08 02:06 PM,Tree Trim Inspection,TREEMAINTENANCE,"UF - JONES, CODY",5419  KANSAS ,"3, ZONE",492C,5258d,CLOSED,2020-06-08,02:06 PM
172839,Tree Removal,2020-06-08 02:14 PM,Tree Removal Inspection,TREEMAINTENANCE,"PATINO, ARNULFO",6231 BIRDWOOD RD,"7, ZONE",530R,77074,CLOSED,2020-06-08,02:14 PM
172840,Tree Trim,2020-06-08 02:14 PM,Tree Trim Inspection,TREEMAINTENANCE,"UF - POLOVTSEV, SERA", 4300 BRITTMOORE RD&11800 CLAY RD,"3, ZONE",449G,77043,CLOSED,2020-06-08,02:14 PM
172841,Tree Trim,2020-06-08 02:15 PM,Tree Trim Inspection,TREEMAINTENANCE,"UF - POLOVTSEV, SERA",7410 SAINT LOUIS ST,"4, ZONE",455N,77028,CLOSED,2020-06-08,02:15 PM
172842,Tree Trim,2020-06-08 02:29 PM,Tree Trim Inspection,TREEMAINTENANCE,"BLANCHETTE, PETER",4207  REED ,"6, ZONE",573C,5453c,CLOSED,2020-06-08,02:29 PM
172843,Tree Trim,2020-06-08 02:44 PM,Tree Trim Inspection,TREEMAINTENANCE,"UF - POLOVTSEV, SERA",5806  PHILLIPS ,"3, ZONE",452A,5261c,CLOSED,2020-06-08,02:44 PM
172844,Tree Trim,2020-06-08 03:57 PM,Tree Trim Inspection,TREEMAINTENANCE,"UF - POLOVTSEV, SERA",3303  THEYSEN ,"3, ZONE",450L,5060c,CLOSED,2020-06-08,03:57 PM
172845,Tree Trim,2020-06-08 04:06 PM,Tree Trim Inspection,TREEMAINTENANCE,"PATINO, ARNULFO",9667 WINDSWEPT LN,"2, ZONE",490W,77063,CLOSED,2020-06-08,04:06 PM
172846,Tree Removal,2020-06-08 05:58 PM,Tree Removal Inspection,TREEMAINTENANCE,"UF - POLOVTSEV, SERA",12477  STRICK ,"5, ZONE",496L,5757b,CLOSED,2020-06-08,05:58 PM
172847,Tree Trim,2020-06-08 06:33 PM,Tree Trim Inspection,TREEMAINTENANCE,"BLANCHETTE, PETER",5707  MEADOW CREEK ,"5, ZONE",536T,5754c,CLOSED,2020-06-08,06:33 PM
172848,Tree Trim,2020-06-08 07:11 PM,Tree Trim Inspection,TREEMAINTENANCE,"UF - POLOVTSEV, SERA",1923 TAYLOR ,"2, ZONE",493F,5358d,CLOSED,2020-06-08,07:11 PM
172849,Tree Removal,2020-06-09 01:47 AM,Tree Removal Inspection,TREEMAINTENANCE,"PATINO, ARNULFO",5302 WILLOWBEND BLVD,"7, ZONE",531X,77096,CLOSED,2020-06-09,01:47 AM
172850,Tree Trim,2020-06-09 02:30 AM,Tree Trim Inspection,TREEMAINTENANCE,"PATINO, ARNULFO",201 VANDERPOOL LN,"2, ZONE",490J,77024,CLOSED,2020-06-09,02:30 AM
172851,Tree Trim,2020-06-09 05:27 AM,Tree Trim Inspection,TREEMAINTENANCE,"PATINO, ARNULFO", 4000 W BELLFORT AVE&10100 STELLA LINK RD,"7, ZONE",532S,5253a,CLOSED,2020-06-09,05:27 AM
172852,Tree Trim,2020-06-09 07:20 AM,Tree Trim Inspection,TREEMAINTENANCE,"PATINO, ARNULFO",11215 WINDMARK PL,"2, ZONE",529X,77099,CLOSED,2020-06-09,07:20 AM
172854,Tree Trim,2020-06-09 07:35 AM,Tree Trim Inspection,TREEMAINTENANCE,"BLANCHETTE, PETER",7122  SCHLEY ,"5, ZONE",535E,5555b,CLOSED,2020-06-09,07:35 AM
172856,Tree Trim,2020-06-09 08:00 AM,Tree Trim Inspection,TREEMAINTENANCE,"UF - POLOVTSEV, SERA",300 BASSWOOD ST,"4, ZONE",453L,77022,CLOSED,2020-06-09,08:00 AM
172857,Tree Removal,2020-06-09 08:42 AM,Tree Removal Inspection,TREEMAINTENANCE,"BLANCHETTE, PETER",5831  FLAMINGO ,"6, ZONE",534X,5553c,CLOSED,2020-06-09,08:42 AM
172858,Tree Removal,2020-06-09 09:19 AM,Tree Removal Inspection,TREEMAINTENANCE,"PATINO, ARNULFO",5919 MAPLE ST,"7, ZONE",530M,77074,CLOSED,2020-06-09,09:19 AM
172859,Tree Trim,2020-06-09 09:31 AM,Tree Trim Inspection,TREEMAINTENANCE,"UF - POLOVTSEV, SERA",306  AVENUE OF OAKS ,"4, ZONE",453U,5359b,CLOSED,2020-06-09,09:31 AM
172860,Tree Trim,2020-06-09 09:44 AM,Tree Trim Inspection,TREEMAINTENANCE,"BLANCHETTE, PETER",7011  GAMMAGE ,"6, ZONE",534R,5554b,CLOSED,2020-06-09,09:44 AM
172861,Tree Removal,2020-06-09 09:51 AM,Tree Removal Inspection,TREEMAINTENANCE,"PATINO, ARNULFO",4011  KNOTTY OAKS ,"7, ZONE",572J,5252c,CLOSED,2020-06-09,09:51 AM
172863,Tree Trim,2020-06-09 10:31 AM,Tree Trim Inspection,TREEMAINTENANCE,"UF - POLOVTSEV, SERA",5814  BLACK GUM ,"3, ZONE",451A,5061d,CLOSED,2020-06-09,10:31 AM
172864,Tree Trim,2020-06-09 10:36 AM,Tree Trim Inspection,TREEMAINTENANCE,"PATINO, ARNULFO", 11100 GREENWILLOW DR&4300 SANFORD RD,"7, ZONE",571D,5253c,CLOSED,2020-06-09,10:36 AM
172865,Tree Trim,2020-06-09 10:38 AM,Tree Trim Inspection,TREEMAINTENANCE,"PATINO, ARNULFO", 4500 BENNING DR&11120 HUGGINS DR,"7, ZONE",571D,5153d,CLOSED,2020-06-09,10:38 AM
172866,Tree Trim,2020-06-09 10:46 AM,Tree Trim Inspection,TREEMAINTENANCE,"PATINO, ARNULFO",11231 TRIOLA LN,"2, ZONE",529K,77072,CLOSED,2020-06-09,10:46 AM
172868,Tree Trim,2020-06-09 11:59 AM,Tree Trim Inspection,TREEMAINTENANCE,"UF - POLOVTSEV, SERA",6702  NORWICH ,"4, ZONE",455Q,5660c,CLOSED,2020-06-09,11:59 AM
172869,Tree Trim,2020-06-09 12:08 PM,Tree Trim Inspection,TREEMAINTENANCE,"PATINO, ARNULFO",9519 FAIRDALE LN,"2, ZONE",490X,77063,CLOSED,2020-06-09,12:08 PM
172870,Tree Trim,2020-06-09 12:35 PM,Tree Trim Inspection,TREEMAINTENANCE,"BLANCHETTE, PETER",6022  BELNEATH ,"6, ZONE",534X,5553a,CLOSED,2020-06-09,12:35 PM
172871,Tree Trim,2020-06-09 12:39 PM,Tree Trim Inspection,TREEMAINTENANCE,"PATINO, ARNULFO",4514 MCDERMED DR,"7, ZONE",531Z,77035,CLOSED,2020-06-09,12:39 PM
172872,Tree Trim,2020-06-09 01:17 PM,Tree Trim Inspection,TREEMAINTENANCE,"PATINO, ARNULFO",5807 CARTAGENA ST,"7, ZONE",571A,77035,CLOSED,2020-06-09,01:17 PM
172873,Tree Trim,2020-06-09 01:20 PM,Tree Trim Inspection,TREEMAINTENANCE,"PATINO, ARNULFO",1700  HERMANN ,"7, ZONE",533A,5355b,CLOSED,2020-06-09,01:20 PM
172875,Tree Trim,2020-06-09 03:51 PM,Tree Trim Inspection,TREEMAINTENANCE,"BLANCHETTE, PETER",3876 ROSEDALE,"6, ZONE",533H,5455a,CLOSED,2020-06-09,03:51 PM
172876,Tree Removal,2020-06-09 03:53 PM,Tree Removal Inspection,TREEMAINTENANCE,"UF - JONES, CODY",9611  TOWER ,"3, ZONE",412N,5262a,CLOSED,2020-06-09,03:53 PM
172877,Tree Trim,2020-06-09 04:30 PM,Tree Trim Inspection,TREEMAINTENANCE,"BLANCHETTE, PETER",4366  GRADUATE ,"6, ZONE",534E,5455b,CLOSED,2020-06-09,04:30 PM
172878,Tree Trim,2020-06-09 04:47 PM,Tree Trim Inspection,TREEMAINTENANCE,"BLANCHETTE, PETER",5025  WINNETKA ,"6, ZONE",534E,5455d,CLOSED,2020-06-09,04:47 PM
172879,Tree Trim,2020-06-09 05:02 PM,Tree Trim Inspection,TREEMAINTENANCE,"UF - POLOVTSEV, SERA",3303  THEYSEN ,"3, ZONE",450L,5060c,CLOSED,2020-06-09,05:02 PM
172880,Tree Trim,2020-06-09 05:13 PM,Tree Trim Inspection,TREEMAINTENANCE,"PATINO, ARNULFO",3402  CENTER ,"2, ZONE",493E,5358c,CLOSED,2020-06-09,05:13 PM
172881,Tree Trim,2020-06-09 05:23 PM,Tree Trim Inspection,TREEMAINTENANCE,"PATINO, ARNULFO", 0 MEMORIAL DR&200 WAUGH DR,"2, ZONE",492M,5357a,CLOSED,2020-06-09,05:23 PM
172882,Tree Removal,2020-06-09 06:34 PM,Tree Removal Inspection,TREEMAINTENANCE,"BLANCHETTE, PETER", 7560 HAYWOOD DR&7528 SANTA FE DR,"6, ZONE",535W,5553b,CLOSED,2020-06-09,06:34 PM
172883,Tree Removal,2020-06-09 06:56 PM,Tree Removal Inspection,TREEMAINTENANCE,"UF - POLOVTSEV, SERA",622 W 25TH ,"3, ZONE",452V,5259b,CLOSED,2020-06-09,06:56 PM
172884,Tree Trim,2020-06-09 09:50 PM,Tree Trim Inspection,TREEMAINTENANCE,"BLANCHETTE, PETER",7004  SANTA FE ,"6, ZONE",574D,5553d,CLOSED,2020-06-09,09:50 PM
172885,Tree Trim,2020-06-10 07:00 AM,Tree Trim Inspection,TREEMAINTENANCE,"BLANCHETTE, PETER",12123  ALMEDA GENOA ,"5, ZONE",576Q,5751b,CLOSED,2020-06-10,07:00 AM
172886,Tree Removal,2020-06-10 07:56 AM,Tree Removal Inspection,TREEMAINTENANCE,"UF - POLOVTSEV, SERA",6218 ROCKY NOOK DR,"4, ZONE",375J,77396,CLOSED,2020-06-10,07:56 AM
172887,Tree Removal,2020-06-10 08:49 AM,Tree Removal Inspection,TREEMAINTENANCE,"BLANCHETTE, PETER",14142  TALLOW POINT ,"5, ZONE",618A,5950b,CLOSED,2020-06-10,08:49 AM
172888,Tree Removal,2020-06-10 09:13 AM,Tree Removal Inspection,TREEMAINTENANCE,"UF - POLOVTSEV, SERA",5523 JUMADA CIR,"3, ZONE",451D,77091,CLOSED,2020-06-10,09:13 AM
172889,Tree Trim,2020-06-10 10:04 AM,Tree Trim Inspection,TREEMAINTENANCE,"BLANCHETTE, PETER", 8362 N BAYOU DR&4300 NEAL ST,"5, ZONE",535Q,5654b,CLOSED,2020-06-10,10:04 AM
172890,Tree Trim,2020-06-10 10:23 AM,Tree Trim Inspection,TREEMAINTENANCE,"BLANCHETTE, PETER",8601  ALMEDA GENOA ,"6, ZONE",575Q,5652d,CLOSED,2020-06-10,10:23 AM
172891,Tree Removal,2020-06-10 10:36 AM,Tree Removal Inspection,TREEMAINTENANCE,"UF - POLOVTSEV, SERA",414  HOFFMAN ,"4, ZONE",494D,5558a,CLOSED,2020-06-10,10:36 AM
172894,Tree Removal,2020-06-10 11:55 AM,Tree Removal Inspection,TREEMAINTENANCE,"PATINO, ARNULFO",7607 SECRETARIAT LN,"7, ZONE",570G,77071,CLOSED,2020-06-10,11:55 AM
172895,Tree Removal,2020-06-10 12:11 PM,Tree Removal Inspection,TREEMAINTENANCE,"UF - POLOVTSEV, SERA",1803  CHIMNEY VINE ,"4, ZONE",336F,5669b,CLOSED,2020-06-10,12:11 PM
172896,Tree Trim,2020-06-10 12:23 PM,Tree Trim Inspection,TREEMAINTENANCE,"BLANCHETTE, PETER",7049  KERNEL ,"5, ZONE",535E,5555b,CLOSED,2020-06-10,12:23 PM
172897,Tree Removal,2020-06-10 12:58 PM,Tree Removal Inspection,TREEMAINTENANCE,"PATINO, ARNULFO",11806  ZARROLL ,"2, ZONE",529N,4854d,CLOSED,2020-06-10,12:58 PM
172898,Tree Trim,2020-06-10 01:34 PM,Tree Trim Inspection,TREEMAINTENANCE,"PATINO, ARNULFO",5510 LYMBAR DR,"7, ZONE",531X,77096,CLOSED,2020-06-10,01:34 PM
172899,Tree Removal,2020-06-10 01:39 PM,Tree Removal Inspection,TREEMAINTENANCE,"UF - POLOVTSEV, SERA",1328 WHISPERING PINES DR,"3, ZONE",451X,77055,CLOSED,2020-06-10,01:39 PM
172900,Tree Code Violation,2020-06-10 02:06 PM,Tree Code Violation Inspection,TREEPROTECTION,"PATINO, ARNULFO", 500 LOVETT BLVD&3300 WHITNEY ST,"2, ZONE",493S,5356b,CLOSED,2020-06-10,02:06 PM
172901,Tree Trim,2020-06-10 02:07 PM,Tree Trim Inspection,TREEMAINTENANCE,"BLANCHETTE, PETER",7443  CULLEN ,"6, ZONE",533V,5454c,CLOSED,2020-06-10,02:07 PM
172902,Tree Trim,2020-06-10 02:09 PM,Tree Trim Inspection,TREEMAINTENANCE,"PATINO, ARNULFO",9335  STELLA LINK ,"7, ZONE",532S,5254c,CLOSED,2020-06-10,02:09 PM
172903,Tree Removal,2020-06-10 02:53 PM,Tree Removal Inspection,TREEMAINTENANCE,"PATINO, ARNULFO",7015 PELLA DR,"2, ZONE",530E,77036,CLOSED,2020-06-10,02:53 PM
172904,Tree Trim,2020-06-10 03:03 PM,Tree Trim Inspection,TREEMAINTENANCE,"PATINO, ARNULFO", 7500 KIRBY DR&2526 UNDERWOOD ST,"7, ZONE",532L,5255d,CLOSED,2020-06-10,03:03 PM
172905,Tree Removal,2020-06-10 03:14 PM,Tree Removal Inspection,TREEMAINTENANCE,"UF - POLOVTSEV, SERA",6902  SHOTWELL ,"4, ZONE",454Q,5560c,CLOSED,2020-06-10,03:14 PM
172906,Tree Trim,2020-06-10 03:24 PM,Tree Trim Inspection,TREEMAINTENANCE,"PATINO, ARNULFO",6311  HEATHERBLOOM ,"7, ZONE",571P,5151a,CLOSED,2020-06-10,03:24 PM
172907,Tree Trim,2020-06-10 03:26 PM,Tree Trim Inspection,TREEMAINTENANCE,"BLANCHETTE, PETER", 6682 AVERY ST&6200 LUCE ST,"6, ZONE",534U,5554c,CLOSED,2020-06-10,03:26 PM
172908,Tree Trim,2020-06-10 04:04 PM,Tree Trim Inspection,TREEMAINTENANCE,"UF - JONES, CODY",5423  MAPLE SQUARE ,"4, ZONE",297N,5771d,CLOSED,2020-06-10,04:04 PM
172909,Tree Trim,2020-06-10 04:27 PM,Tree Trim Inspection,TREEMAINTENANCE,"UF - POLOVTSEV, SERA",8414 SUNNYHILL ST,"3, ZONE",411R,77088,CLOSED,2020-06-10,04:27 PM
172910,Tree Removal,2020-06-10 04:44 PM,Tree Removal Inspection,TREEMAINTENANCE,"UF - POLOVTSEV, SERA",1224 GENOVA ST,"4, ZONE",493D,77009,CLOSED,2020-06-10,04:44 PM
172911,Tree Trim,2020-06-10 07:52 PM,Tree Trim Inspection,TREEMAINTENANCE,"UF - POLOVTSEV, SERA",450 W 21ST ,"3, ZONE",452V,5359c,CLOSED,2020-06-10,07:52 PM
172912,Tree Trim,2020-06-11 07:38 AM,Tree Trim Inspection,TREEMAINTENANCE,"UF - POLOVTSEV, SERA",702  WESTSHIRE ,"4, ZONE",496E,5758c,CLOSED,2020-06-11,07:38 AM
172913,Tree Removal,2020-06-11 07:43 AM,Tree Removal Inspection,TREEMAINTENANCE,"UF - JONES, CODY",1122  BAYLAND ,"3, ZONE",493A,5358b,CLOSED,2020-06-11,07:43 AM
172914,Tree Trim,2020-06-11 07:57 AM,Tree Trim Inspection,TREEMAINTENANCE,"UF - JONES, CODY",5220  LA BRANCH ,"7, ZONE",493X,5356d,CLOSED,2020-06-11,07:57 AM
172916,Tree Trim,2020-06-11 08:33 AM,Tree Trim Inspection,TREEMAINTENANCE,"BLANCHETTE, PETER", 4100 MALLOW ST&9114 SCOTT ST,"6, ZONE",573C,5453c,CLOSED,2020-06-11,08:33 AM
172918,Tree Removal,2020-06-11 09:09 AM,Tree Removal Inspection,TREEMAINTENANCE,"UF - JONES, CODY",3714  DEERBROOK ,"4, ZONE",297W,5770d,CLOSED,2020-06-11,09:09 AM
172919,Tree Trim,2020-06-11 09:29 AM,Tree Trim Inspection,TREEMAINTENANCE,"PATINO, ARNULFO",4430 SMOOTH OAK LN,"7, ZONE",571V,77053,CLOSED,2020-06-11,09:29 AM
172920,Tree Removal,2020-06-11 09:35 AM,Tree Removal Inspection,TREEMAINTENANCE,"PATINO, ARNULFO",5303 GRAPE ST,"7, ZONE",531P,77096,CLOSED,2020-06-11,09:35 AM
172922,Tree Removal,2020-06-11 09:52 AM,Tree Removal Inspection,TREEMAINTENANCE,"UF - POLOVTSEV, SERA",740 MILLVILLE DR,"3, ZONE",412Y,77091,CLOSED,2020-06-11,09:52 AM
172923,Tree Trim,2020-06-11 10:06 AM,Tree Trim Inspection,TREEMAINTENANCE,"UF - POLOVTSEV, SERA",7002  PELLA ,"2, ZONE",530E,4955d,CLOSED,2020-06-11,10:06 AM
172924,Tree Trim,2020-06-11 10:10 AM,Tree Trim Inspection,TREEMAINTENANCE,"UF - POLOVTSEV, SERA",7218  PELLA ,"2, ZONE",530J,4954b,CLOSED,2020-06-11,10:10 AM
172925,Tree Removal,2020-06-11 10:17 AM,Tree Removal Inspection,TREEMAINTENANCE,"PATINO, ARNULFO",16207 ROSENRIDGE DR,"7, ZONE",571X,77053,CLOSED,2020-06-11,10:17 AM
172928,Tree Trim,2020-06-11 11:17 AM,Tree Trim Inspection,TREEMAINTENANCE,"UF - POLOVTSEV, SERA", 2200 AUSTIN ST&1400 WEBSTER ST,"2, ZONE",493U,5457c,CLOSED,2020-06-11,11:17 AM
172929,Tree Trim,2020-06-11 12:14 PM,Tree Trim Inspection,TREEMAINTENANCE,"UF - POLOVTSEV, SERA",6002  SHERMAN ,"5, ZONE",494U,5556a,CLOSED,2020-06-11,12:14 PM
172930,Tree Trim,2020-06-11 12:36 PM,Tree Trim Inspection,TREEMAINTENANCE,"UF - POLOVTSEV, SERA",7801  VENIDA ,"4, ZONE",455A,5561b,CLOSED,2020-06-11,12:36 PM
172933,Tree Trim,2020-06-11 01:07 PM,Tree Trim Inspection,TREEMAINTENANCE,"UF - POLOVTSEV, SERA",4220  ENGELKE ,"5, ZONE",494P,5457d,CLOSED,2020-06-11,01:07 PM
172934,Tree Planting,2020-06-11 01:47 PM,Tree Planting Inspection,TREEPROTECTION,"PATINO, ARNULFO",606  MARSHALL ,"2, ZONE",493S,5356b,CLOSED,2020-06-11,01:47 PM
172935,Tree Code Violation,2020-06-11 02:06 PM,Tree Code Violation Inspection,TREEPROTECTION,"PATINO, ARNULFO",1508  KIPLING ,"2, ZONE",492V,5356a,CLOSED,2020-06-11,02:06 PM
172936,Tree Removal,2020-06-11 02:40 PM,Tree Removal Inspection,TREEMAINTENANCE,"UF - POLOVTSEV, SERA",4220  ENGELKE ,"5, ZONE",494P,5457d,CLOSED,2020-06-11,02:40 PM
172937,Tree Trim,2020-06-11 04:19 PM,Tree Trim Inspection,TREEMAINTENANCE,"PATINO, ARNULFO",9719 BURDINE ST,"7, ZONE",531T,77096,CLOSED,2020-06-11,04:19 PM
172938,Tree Trim,2020-06-11 04:22 PM,Tree Trim Inspection,TREEMAINTENANCE,"PATINO, ARNULFO",4225  BELLAIRE ,"7, ZONE",532E,5255c,CLOSED,2020-06-11,04:22 PM
172939,Tree Trim,2020-06-11 04:43 PM,Tree Trim Inspection,TREEMAINTENANCE,"UF - POLOVTSEV, SERA",4023  MICHAUX ,"3, ZONE",453X,5359d,CLOSED,2020-06-11,04:43 PM
172940,Tree Trim,2020-06-11 05:07 PM,Tree Trim Inspection,TREEMAINTENANCE,"UF - POLOVTSEV, SERA",5122  CASTLECREEK ,"7, ZONE",571Y,5150b,CLOSED,2020-06-11,05:07 PM
172941,Tree Trim,2020-06-11 06:52 PM,Tree Trim Inspection,TREEMAINTENANCE,"UF - POLOVTSEV, SERA",6714 BARBADOS DR,"3, ZONE",411N,77088,CLOSED,2020-06-11,06:52 PM
172942,Tree Trim,2020-06-12 07:23 AM,Tree Trim Inspection,TREEMAINTENANCE,"PATINO, ARNULFO",6015 W RIDGECREEK ,"7, ZONE",571X,5150b,CLOSED,2020-06-12,07:23 AM
172943,Tree Removal,2020-06-12 07:39 AM,Tree Removal Inspection,TREEMAINTENANCE,"PATINO, ARNULFO",15811  DARTON ,"7, ZONE",571Y,5150b,CLOSED,2020-06-12,07:39 AM
172944,Tree Trim,2020-06-12 08:12 AM,Tree Trim Inspection,TREEMAINTENANCE,"BLANCHETTE, PETER", 0 MARTIN LUTHER KING BLVD&5100 OLD SPANISH TRL,"6, ZONE",534E,5455d,CLOSED,2020-06-12,08:12 AM
172945,Tree Trim,2020-06-12 08:28 AM,Tree Trim Inspection,TREEMAINTENANCE,"UF - JONES, CODY",827  TEETSHORN ,"3, ZONE",493B,5358b,CLOSED,2020-06-12,08:28 AM
172946,Tree Trim,2020-06-12 08:42 AM,Tree Trim Inspection,TREEMAINTENANCE,"UF - JONES, CODY",4020  RUSTIC WOODS ,"4, ZONE",337B,5870c,CLOSED,2020-06-12,08:42 AM
172948,Tree Removal,2020-06-12 09:21 AM,Tree Removal Inspection,TREEMAINTENANCE,"PATINO, ARNULFO",2569  WESTRIDGE ,"7, ZONE",532Q,5254d,CLOSED,2020-06-12,09:21 AM
172949,Tree Removal,2020-06-12 09:48 AM,Tree Removal Inspection,TREEMAINTENANCE,"UF - POLOVTSEV, SERA",12002 CRYSTALWOOD DR,"4, ZONE",496B,77013,CLOSED,2020-06-12,09:48 AM
172950,Tree Trim,2020-06-12 09:51 AM,Tree Trim Inspection,TREEMAINTENANCE,"PATINO, ARNULFO",4000 BISSONNET ST,"7, ZONE",532A,77005,CLOSED,2020-06-12,09:51 AM
172951,Tree Trim,2020-06-12 10:02 AM,Tree Trim Inspection,TREEMAINTENANCE,"UF - POLOVTSEV, SERA",4934  PINEMONT ,"3, ZONE",451G,5160b,CLOSED,2020-06-12,10:02 AM
172952,Tree Removal,2020-06-12 10:47 AM,Tree Removal Inspection,TREEMAINTENANCE,"PATINO, ARNULFO",8828 FONDREN RD,"7, ZONE",530R,77074,CLOSED,2020-06-12,10:47 AM
172954,Tree Removal,2020-06-12 11:42 AM,Tree Removal Inspection,TREEMAINTENANCE,"UF - POLOVTSEV, SERA", 0 EAST FWY&1300 WACO ST,"4, ZONE",494F,5558c,CLOSED,2020-06-12,11:42 AM
172955,Tree Removal,2020-06-12 01:08 PM,Tree Removal Inspection,TREEMAINTENANCE,"UF - JONES, CODY", 4100 CAROLINE ST&1300 CLEBURNE ST,"2, ZONE",493X,5356b,CLOSED,2020-06-12,01:08 PM
172956,Tree Stump Grinding,2020-06-12 01:38 PM,Tree Stump Inspection,TREEMAINTENANCE,"PATINO, ARNULFO",1910  WOODLAND PARK ,"2, ZONE",489P,4856b,CLOSED,2020-06-12,01:38 PM
172957,Tree Removal,2020-06-12 02:07 PM,Tree Removal Inspection,TREEMAINTENANCE,"UF - POLOVTSEV, SERA",937 EVANSTON ST,"4, ZONE",497F,77015,CLOSED,2020-06-12,02:07 PM
172960,Tree Removal,2020-06-12 03:28 PM,Tree Removal Inspection,TREEMAINTENANCE,"PATINO, ARNULFO", 15700 IRONSIDE HILL DR&6000 W RIDGECREEK DR,"7, ZONE",571X,5150b,CLOSED,2020-06-12,03:28 PM
172961,Tree Removal,2020-06-12 04:48 PM,Tree Removal Inspection,TREEMAINTENANCE,"BLANCHETTE, PETER",6819  CONLEY ,"6, ZONE",533R,5454a,CLOSED,2020-06-12,04:48 PM
172962,Tree Code Violation,2020-06-12 05:11 PM,Tree Code Violation Inspection,TREEPROTECTION,"UF - BURKES, JEREMY",1508 KIPLING ST,"2, ZONE",492V,77006,CLOSED,2020-06-12,05:11 PM
172963,Tree Trim,2020-06-12 07:11 PM,Tree Trim Inspection,TREEMAINTENANCE,"PATINO, ARNULFO",10910  VANDERFORD ,"2, ZONE",569B,4952a,CLOSED,2020-06-12,07:11 PM
172964,Tree Trim,2020-06-13 05:33 AM,Tree Trim Inspection,TREEMAINTENANCE,"PATINO, ARNULFO", 6606 KIRBY DR&2400 SOUTHGATE BLVD,"7, ZONE",532G,5255d,CLOSED,2020-06-13,05:33 AM
172965,Tree Trim,2020-06-13 06:40 AM,Tree Trim Inspection,TREEMAINTENANCE,"PATINO, ARNULFO",6001 FANNIN ST,"7, ZONE",533A,77030,CLOSED,2020-06-13,06:40 AM
172966,Tree Trim,2020-06-13 06:43 AM,Tree Trim Inspection,TREEMAINTENANCE,"PATINO, ARNULFO",1615 HERMANN DR,"7, ZONE",533A,77004,CLOSED,2020-06-13,06:43 AM
172967,Tree Trim,2020-06-13 12:41 PM,Tree Trim Inspection,TREEMAINTENANCE,"UF - POLOVTSEV, SERA",6705  LONGVIEW HOUSTON TX,"4, ZONE",494D,5558b,CLOSED,2020-06-13,12:41 PM
172968,Tree Code Violation,2020-06-13 02:11 PM,Tree Code Violation Inspection,TREEPROTECTION,"PATINO, ARNULFO",1300  MCKINNEY ,"1, ZONE",493Q,5457c,CLOSED,2020-06-13,02:11 PM
172969,Tree Trim,2020-06-14 01:48 AM,Tree Trim Inspection,TREEMAINTENANCE,"PATINO, ARNULFO",2300 W MAIN ST,"2, ZONE",492U,77098,CLOSED,2020-06-14,01:48 AM
172970,Tree Trim,2020-06-14 04:27 AM,Tree Trim Inspection,TREEMAINTENANCE,"PATINO, ARNULFO",13803 ASPEN HOLLOW LN,"2, ZONE",488X,77082,CLOSED,2020-06-14,04:27 AM
172971,Tree Trim,2020-06-14 03:44 PM,Tree Trim Inspection,TREEMAINTENANCE,"UF - POLOVTSEV, SERA",1303  AFTON ,"3, ZONE",451X,5158a,CLOSED,2020-06-14,03:44 PM
172988,Tree Removal,2020-06-15 01:32 PM,Tree Removal Inspection,TREEMAINTENANCE,"PATINO, ARNULFO",910  CHAPMAN ,"1, ZONE",493M,5457a,CLOSED,2020-06-15,01:32 PM
172995,Tree Removal,2020-06-15 02:13 PM,Tree Removal Inspection,TREEMAINTENANCE,"UF - POLOVTSEV, SERA",3300  SMITH ,"2, ZONE",493T,5356b,CLOSED,2020-06-15,02:13 PM
172996,Tree Trim,2020-06-15 02:34 PM,Tree Trim Inspection,TREEMAINTENANCE,"UF - POLOVTSEV, SERA",6403 CRIM CT,"4, ZONE",456Q,77049,CLOSED,2020-06-15,02:34 PM
172997,Tree Removal,2020-06-15 03:14 PM,Tree Removal Inspection,TREEMAINTENANCE,"PATINO, ARNULFO",8609 DUNLAP ST,"7, ZONE",531N,77074,CLOSED,2020-06-15,03:14 PM
172998,Tree Removal,2020-06-15 03:16 PM,Tree Removal Inspection,TREEMAINTENANCE,"UF - POLOVTSEV, SERA",8201  JOHN RALSTON ,"4, ZONE",456F,5761c,CLOSED,2020-06-15,03:16 PM
172999,Tree Trim,2020-06-15 03:56 PM,Tree Trim Inspection,TREEMAINTENANCE,"PATINO, ARNULFO",13915 TAYLORCREST RD,"2, ZONE",489E,77079,CLOSED,2020-06-15,03:56 PM
173000,Tree Removal,2020-06-15 04:12 PM,Tree Removal Inspection,TREEMAINTENANCE,"UF - JONES, CODY",1007  7TH 1/2 ,"3, ZONE",493B,5358b,CLOSED,2020-06-15,04:12 PM
173001,Tree Trim,2020-06-15 04:14 PM,Tree Trim Inspection,TREEMAINTENANCE,"BLANCHETTE, PETER", 7906 COMAL ST,"6, ZONE",533U,5454c,CLOSED,2020-06-15,04:14 PM
173006,Tree Trim,2020-06-15 06:07 PM,Tree Trim Inspection,TREEMAINTENANCE,"UF - POLOVTSEV, SERA",201  CONNIE ,"4, ZONE",413X,5361b,CLOSED,2020-06-15,06:07 PM
173007,Tree Trim,2020-06-16 05:54 AM,Tree Trim Inspection,TREEMAINTENANCE,"UF - JONES, CODY",8500 N MAIN ST,"3, ZONE",453J,77022,CLOSED,2020-06-16,05:54 AM
173009,Tree Trim,2020-06-16 08:11 AM,Tree Trim Inspection,TREEMAINTENANCE,"UF - POLOVTSEV, SERA",6413  LOCKWOOD ,"4, ZONE",454Q,5560c,CLOSED,2020-06-16,08:11 AM
173010,Tree Trim,2020-06-16 08:29 AM,Tree Trim Inspection,TREEMAINTENANCE,"UF - POLOVTSEV, SERA", 10916 BRAEWICK DR&5900 CLARIDGE DR,"7, ZONE",530Z,5053d,CLOSED,2020-06-16,08:29 AM
173011,Tree Trim,2020-06-16 08:39 AM,Tree Trim Inspection,TREEMAINTENANCE,"PATINO, ARNULFO",CREEKBEND DR & ENDICOTT LN,"7, ZONE",531Y,77035,CLOSED,2020-06-16,08:39 AM
173013,Tree Trim,2020-06-16 09:05 AM,Tree Trim Inspection,TREEMAINTENANCE,"UF - POLOVTSEV, SERA",6916  SAN ANGELO ,"5, ZONE",494H,5558d,CLOSED,2020-06-16,09:05 AM
173014,Tree Removal,2020-06-16 09:06 AM,Tree Removal Inspection,TREEMAINTENANCE,"PATINO, ARNULFO",12907 MEMORIAL DR,"2, ZONE",489G,77024,CLOSED,2020-06-16,09:06 AM
173015,Tree Removal,2020-06-16 09:22 AM,Tree Removal Inspection,TREEMAINTENANCE,"UF - JONES, CODY",3219  KINGS MOUNTAIN ,"4, ZONE",297P,5871c,CLOSED,2020-06-16,09:22 AM
173016,Tree Trim,2020-06-16 09:42 AM,Tree Trim Inspection,TREEMAINTENANCE,"UF - POLOVTSEV, SERA",909 W 15TH ,"3, ZONE",452Z,5359c,CLOSED,2020-06-16,09:42 AM
173017,Tree Trim,2020-06-16 09:46 AM,Tree Trim Inspection,TREEMAINTENANCE,"BLANCHETTE, PETER", 6682 AVERY ST&6200 LUCE ST,"6, ZONE",534U,5554c,CLOSED,2020-06-16,09:46 AM
173018,Tree Trim,2020-06-16 09:55 AM,Tree Trim Inspection,TREEMAINTENANCE,"BLANCHETTE, PETER",2929  SUNBEAM ,"6, ZONE",573B,5352b,CLOSED,2020-06-16,09:55 AM
173019,Tree Trim,2020-06-16 10:06 AM,Tree Trim Inspection,TREEMAINTENANCE,"UF - POLOVTSEV, SERA",7331  LAURA KOPPE ,"4, ZONE",455E,5561d,CLOSED,2020-06-16,10:06 AM
173020,Tree Stump Grinding,2020-06-16 10:21 AM,Tree Stump Inspection,TREEMAINTENANCE,"UF - POLOVTSEV, SERA",5427  LOTUS ,"7, ZONE",571L,5152d,CLOSED,2020-06-16,10:21 AM
173021,Tree Trim,2020-06-16 10:23 AM,Tree Trim Inspection,TREEMAINTENANCE,"UF - POLOVTSEV, SERA",5427  LOTUS ,"7, ZONE",571L,5152d,CLOSED,2020-06-16,10:23 AM
173022,Tree Trim,2020-06-16 10:42 AM,Tree Trim Inspection,TREEMAINTENANCE,"BLANCHETTE, PETER", 15600 EASTCAPE DR&500 EL DORADO BLVD,"5, ZONE",618N,5949d,CLOSED,2020-06-16,10:42 AM
173023,Tree Trim,2020-06-16 10:52 AM,Tree Trim Inspection,TREEMAINTENANCE,"UF - JONES, CODY",5909  ARNCLIFFE ,"3, ZONE",411P,5162a,CLOSED,2020-06-16,10:52 AM
173024,Tree Trim,2020-06-16 10:53 AM,Tree Trim Inspection,TREEMAINTENANCE,"PATINO, ARNULFO",6700 CHIMNEY ROCK RD,"7, ZONE",531F,77081,CLOSED,2020-06-16,10:53 AM
173025,Tree Trim,2020-06-16 11:02 AM,Tree Trim Inspection,TREEMAINTENANCE,"UF - POLOVTSEV, SERA", 1000 W GARDNER ST&4300 MICHAUX ST,"3, ZONE",453X,5359d,CLOSED,2020-06-16,11:02 AM
173026,Tree Removal,2020-06-16 11:33 AM,Tree Removal Inspection,TREEMAINTENANCE,"UF - POLOVTSEV, SERA",427  AZALEADELL ,"3, ZONE",452L,5260d,CLOSED,2020-06-16,11:33 AM
173027,Tree Trim,2020-06-16 11:43 AM,Tree Trim Inspection,TREEMAINTENANCE,"UF - POLOVTSEV, SERA",2281  TRIWAY ,"3, ZONE",449R,4959b,CLOSED,2020-06-16,11:43 AM
173028,Tree Trim,2020-06-16 11:50 AM,Tree Trim Inspection,TREEMAINTENANCE,"UF - POLOVTSEV, SERA",21127  HIDDEN BRIDLE ,"4, ZONE",332V,5267b,CLOSED,2020-06-16,11:50 AM
173029,Tree Trim,2020-06-16 12:13 PM,Tree Trim Inspection,TREEMAINTENANCE,"BLANCHETTE, PETER",7486  LAKEHURST ,"6, ZONE",535S,5554d,CLOSED,2020-06-16,12:13 PM
173032,Tree Removal,2020-06-16 01:18 PM,Tree Removal Inspection,TREEMAINTENANCE,"UF - POLOVTSEV, SERA",10328  SHADOW OAKS ,"3, ZONE",449Z,4958b,CLOSED,2020-06-16,01:18 PM
173033,Tree Removal,2020-06-16 01:32 PM,Tree Removal Inspection,TREEMAINTENANCE,"UF - POLOVTSEV, SERA",2203  HOSKINS ,"3, ZONE",450Q,5059a,CLOSED,2020-06-16,01:32 PM
173035,Tree Trim,2020-06-16 02:23 PM,Tree Trim Inspection,TREEMAINTENANCE,"UF - POLOVTSEV, SERA", 4100 DE GEORGE ST&4500 N MAIN ST,"3, ZONE",453X,5359d,CLOSED,2020-06-16,02:23 PM
173037,Tree Trim,2020-06-16 02:39 PM,Tree Trim Inspection,TREEMAINTENANCE,"PATINO, ARNULFO",4918 GIBSON ST,"2, ZONE",492L,77007,CLOSED,2020-06-16,02:39 PM
173038,Tree Trim,2020-06-16 03:08 PM,Tree Trim Inspection,TREEMAINTENANCE,"UF - POLOVTSEV, SERA",5227  KNOTTY OAKS ,"7, ZONE",571L,5152d,CLOSED,2020-06-16,03:08 PM
173039,Tree Trim,2020-06-16 04:00 PM,Tree Trim Inspection,TREEMAINTENANCE,"UF - POLOVTSEV, SERA",1217  HOGAN ,"4, ZONE",493H,5458c,CLOSED,2020-06-16,04:00 PM
173042,Tree Removal,2020-06-16 04:43 PM,Tree Removal Inspection,TREEMAINTENANCE,"PATINO, ARNULFO",5823 QUEENSLOCH DR,"7, ZONE",531S,77096,CLOSED,2020-06-16,04:43 PM
173043,Tree Removal,2020-06-16 04:49 PM,Tree Removal Inspection,TREEMAINTENANCE,"UF - POLOVTSEV, SERA",1710  STONECREST ,"3, ZONE",452P,5259a,CLOSED,2020-06-16,04:49 PM
173044,Tree Trim,2020-06-16 04:56 PM,Tree Trim Inspection,TREEMAINTENANCE,"UF - POLOVTSEV, SERA",15730  CORSAIR ,"7, ZONE",571X,5150b,CLOSED,2020-06-16,04:56 PM
173045,Tree Removal,2020-06-16 05:21 PM,Tree Removal Inspection,TREEMAINTENANCE,"UF - POLOVTSEV, SERA",4206  HAIN ,"4, ZONE",453Y,5459c,CLOSED,2020-06-16,05:21 PM
173046,Tree Trim,2020-06-16 05:27 PM,Tree Trim Inspection,TREEMAINTENANCE,"BLANCHETTE, PETER",9267  KINGSFLOWER ,"6, ZONE",575Z,5751c,CLOSED,2020-06-16,05:27 PM
173047,Tree Trim,2020-06-17 01:39 AM,Tree Trim Inspection,TREEMAINTENANCE,"UF - POLOVTSEV, SERA",912 W TEMPLE ,"4, ZONE",453X,5358b,CLOSED,2020-06-17,01:39 AM
173048,Tree Trim,2020-06-17 01:51 AM,Tree Trim Inspection,TREEMAINTENANCE,"UF - POLOVTSEV, SERA",1416  BONNIE BRAE ,"2, ZONE",492Z,5356c,CLOSED,2020-06-17,01:51 AM
173049,Tree Trim,2020-06-17 04:20 AM,Tree Trim Inspection,TREEMAINTENANCE,"UF - POLOVTSEV, SERA", 6600 BRIARGATE DR&15500 CHIMNEY ROCK RD,"7, ZONE",571W,5150a,CLOSED,2020-06-17,04:20 AM
173050,Tree Trim,2020-06-17 04:53 AM,Tree Trim Inspection,TREEMAINTENANCE,"PATINO, ARNULFO",2305 WENTWORTH ST,"6, ZONE",493X,77004,CLOSED,2020-06-17,04:53 AM
173051,Tree Trim,2020-06-17 06:34 AM,Tree Trim Inspection,TREEMAINTENANCE,"PATINO, ARNULFO",W BELLFORT AVE & WILLOWGROVE DR,"7, ZONE",531V,77096,CLOSED,2020-06-17,06:34 AM
173052,Tree Trim,2020-06-17 06:58 AM,Tree Trim Inspection,TREEMAINTENANCE,"UF - POLOVTSEV, SERA",8803  EDGEMOOR ,"7, ZONE",530E,4955d,CLOSED,2020-06-17,06:58 AM
173053,Tree Trim,2020-06-17 07:28 AM,Tree Trim Inspection,TREEMAINTENANCE,"PATINO, ARNULFO",4300 KOEHLER ST,"2, ZONE",492H,77007,CLOSED,2020-06-17,07:28 AM
173054,Tree Trim,2020-06-17 08:18 AM,Tree Trim Inspection,TREEMAINTENANCE,"PATINO, ARNULFO",6500 WOODWAY DR,"2, ZONE",490R,77057,CLOSED,2020-06-17,08:18 AM
173057,Tree Trim,2020-06-17 08:39 AM,Tree Trim Inspection,TREEMAINTENANCE,"UF - POLOVTSEV, SERA",1323 E 36TH ,"3, ZONE",453P,5360d,CLOSED,2020-06-17,08:39 AM
173058,Tree Trim,2020-06-17 09:02 AM,Tree Trim Inspection,TREEMAINTENANCE,"UF - JONES, CODY",910  IMPERIAL ,"4, ZONE",338C,5970d,CLOSED,2020-06-17,09:02 AM
173059,Tree Removal,2020-06-17 09:32 AM,Tree Removal Inspection,TREEMAINTENANCE,"UF - POLOVTSEV, SERA",4709 COCHRAN ST,"4, ZONE",453V,77009,CLOSED,2020-06-17,09:32 AM
173060,Tree Trim,2020-06-17 09:42 AM,Tree Trim Inspection,TREEMAINTENANCE,"PATINO, ARNULFO",STAFFORDSHIRE BLVD & WOODBURY ST,"7, ZONE",533E,77030,CLOSED,2020-06-17,09:42 AM
173061,Tree Removal,2020-06-17 10:04 AM,Tree Removal Inspection,TREEMAINTENANCE,"PATINO, ARNULFO",11923 6TH ST,"2, ZONE",529A,77072,CLOSED,2020-06-17,10:04 AM
173062,Tree Trim,2020-06-17 10:08 AM,Tree Trim Inspection,TREEMAINTENANCE,"UF - POLOVTSEV, SERA",1231  ARLINGTON ,"3, ZONE",453W,5359c,CLOSED,2020-06-17,10:08 AM
173063,Tree Trim,2020-06-17 10:14 AM,Tree Trim Inspection,TREEMAINTENANCE,"BLANCHETTE, PETER", 6682 AVERY ST&6300 NUNN ST,"6, ZONE",534U,5554c,CLOSED,2020-06-17,10:14 AM
173070,Tree Removal,2020-06-17 10:52 AM,Tree Removal Inspection,TREEMAINTENANCE,"BLANCHETTE, PETER",3530  NATHANIEL BROWN ,"6, ZONE",533P,5354b,CLOSED,2020-06-17,10:52 AM
173071,Tree Trim,2020-06-17 11:12 AM,Tree Trim Inspection,TREEMAINTENANCE,"UF - POLOVTSEV, SERA",107 W 13TH ,"3, ZONE",452Z,5359c,CLOSED,2020-06-17,11:12 AM
173072,Tree Removal,2020-06-17 11:17 AM,Tree Removal Inspection,TREEMAINTENANCE,"BLANCHETTE, PETER",3802  COSBY ,"6, ZONE",533L,5454a,CLOSED,2020-06-17,11:17 AM
173073,Tree Trim,2020-06-17 11:18 AM,Tree Trim Inspection,TREEMAINTENANCE,"PATINO, ARNULFO",3221 DURHILL ST,"7, ZONE",532P,77025,CLOSED,2020-06-17,11:18 AM
173074,Tree Trim,2020-06-17 11:19 AM,Tree Trim Inspection,TREEMAINTENANCE,"UF - POLOVTSEV, SERA",5714  SOUTHMINSTER ,"7, ZONE",571E,5152c,CLOSED,2020-06-17,11:19 AM
173075,Tree Removal,2020-06-17 11:24 AM,Tree Removal Inspection,TREEMAINTENANCE,"BLANCHETTE, PETER",2303  SIEBER ,"5, ZONE",536S,5754c,CLOSED,2020-06-17,11:24 AM
173076,Tree Trim,2020-06-17 11:34 AM,Tree Trim Inspection,TREEMAINTENANCE,"UF - JONES, CODY",2412  DELANO ,"6, ZONE",493V,5456a,CLOSED,2020-06-17,11:34 AM
173077,Tree Removal,2020-06-17 11:56 AM,Tree Removal Inspection,TREEMAINTENANCE,"UF - JONES, CODY", 3100 MICHAUX ST&1000 WOODLAND ST,"3, ZONE",493B,5358b,CLOSED,2020-06-17,11:56 AM
173078,Tree Removal,2020-06-17 12:05 PM,Tree Removal Inspection,TREEMAINTENANCE,"PATINO, ARNULFO",ASHBY ST & BOLSOVER ST,"7, ZONE",532D,77005,CLOSED,2020-06-17,12:05 PM
173079,Tree Trim,2020-06-17 12:14 PM,Tree Trim Inspection,TREEMAINTENANCE,"UF - POLOVTSEV, SERA", 716 PECORE ST&3600 WATSON ST,"3, ZONE",453X,5358b,CLOSED,2020-06-17,12:14 PM
173081,Tree Trim,2020-06-17 12:43 PM,Tree Trim Inspection,TREEMAINTENANCE,"UF - JONES, CODY",6714  BARBADOS ,"3, ZONE",411J,5062b,CLOSED,2020-06-17,12:43 PM
173082,Tree Removal,2020-06-17 01:15 PM,Tree Removal Inspection,TREEMAINTENANCE,"UF - POLOVTSEV, SERA",6426  HANLEY ,"4, ZONE",415S,5562b,CLOSED,2020-06-17,01:15 PM
173083,Tree Removal,2020-06-17 01:17 PM,Tree Removal Inspection,TREEMAINTENANCE,"UF - POLOVTSEV, SERA",5618  COLLINS ,"4, ZONE",414R,5563c,CLOSED,2020-06-17,01:17 PM
173084,Tree Removal,2020-06-17 01:22 PM,Tree Removal Inspection,TREEMAINTENANCE,"UF - POLOVTSEV, SERA",9834  EDGEWORTH ,"4, ZONE",454A,5461a,CLOSED,2020-06-17,01:22 PM
173085,Tree Removal,2020-06-17 01:25 PM,Tree Removal Inspection,TREEMAINTENANCE,"BLANCHETTE, PETER",2281  DES JARDINES ,"6, ZONE",534F,5555a,CLOSED,2020-06-17,01:25 PM
173087,Tree Trim,2020-06-17 01:32 PM,Tree Trim Inspection,TREEMAINTENANCE,"UF - POLOVTSEV, SERA",8115  AUTUMN ,"4, ZONE",454L,5560a,CLOSED,2020-06-17,01:32 PM
173090,Tree Removal,2020-06-17 03:40 PM,Tree Removal Inspection,TREEMAINTENANCE,"PATINO, ARNULFO",5306 BEECHNUT ST,"7, ZONE",531P,77096,CLOSED,2020-06-17,03:40 PM
173091,Tree Removal,2020-06-17 03:50 PM,Tree Removal Inspection,TREEMAINTENANCE,"PATINO, ARNULFO",5905 SOVEREIGN DR,"2, ZONE",529D,77036,CLOSED,2020-06-17,03:50 PM
173092,Tree Removal,2020-06-17 04:00 PM,Tree Removal Inspection,TREEMAINTENANCE,"UF - POLOVTSEV, SERA",915  NORTHWOOD ,"3, ZONE",453X,5359d,CLOSED,2020-06-17,04:00 PM
173093,Tree Trim,2020-06-17 05:01 PM,Tree Trim Inspection,TREEMAINTENANCE,"UF - JONES, CODY","602  HEIGHTS ST, PASADENA, TX","5, ZONE",537P,5358a,CLOSED,2020-06-17,05:01 PM
173094,Tree Removal,2020-06-17 05:48 PM,Tree Removal Inspection,TREEMAINTENANCE,"UF - POLOVTSEV, SERA",813 W 31ST ,"3, ZONE",452Q,5259b,CLOSED,2020-06-17,05:48 PM
173095,Tree Trim,2020-06-17 06:01 PM,Tree Trim Inspection,TREEMAINTENANCE,"UF - JONES, CODY",536  MERRILL ,"3, ZONE",493B,5358b,CLOSED,2020-06-17,06:01 PM
173096,Tree Trim,2020-06-17 09:02 PM,Tree Trim Inspection,TREEMAINTENANCE,"UF - POLOVTSEV, SERA", 5900 W AIRPORT BLVD&12300 HILLCROFT AVE,"7, ZONE",571E,5152a,CLOSED,2020-06-17,09:02 PM
173097,Tree Code Violation,2020-06-18 04:18 AM,Tree Code Violation Inspection,TREEPROTECTION,"UF - JONES, CODY",1423  RICHMOND ,"2, ZONE",492Z,5356c,CLOSED,2020-06-18,04:18 AM
173100,Tree Trim,2020-06-18 08:07 AM,Tree Trim Inspection,TREEMAINTENANCE,"UF - POLOVTSEV, SERA", 4750 N CAPITOL ST&500 FOREST ST,"5, ZONE",494T,5456b,CLOSED,2020-06-18,08:07 AM
173101,Tree Trim,2020-06-18 08:12 AM,Tree Trim Inspection,TREEMAINTENANCE,"PATINO, ARNULFO",4038 BROWNING ST,"7, ZONE",532A,77005,CLOSED,2020-06-18,08:12 AM
173102,Tree Trim,2020-06-18 08:22 AM,Tree Trim Inspection,TREEMAINTENANCE,"UF - POLOVTSEV, SERA",9322  STERLINGSHIRE ,"4, ZONE",455D,5661b,CLOSED,2020-06-18,08:22 AM
173103,Tree Trim,2020-06-18 09:21 AM,Tree Trim Inspection,TREEMAINTENANCE,"PATINO, ARNULFO",5119 CREEKBEND DR,"7, ZONE",531Y,77035,CLOSED,2020-06-18,09:21 AM
173104,Tree Trim,2020-06-18 10:36 AM,Tree Trim Inspection,TREEMAINTENANCE,"UF - JONES, CODY",6439  PIRTLEWOOD ,"3, ZONE",411T,5162c,CLOSED,2020-06-18,10:36 AM
173105,Tree Trim,2020-06-18 11:08 AM,Tree Trim Inspection,TREEMAINTENANCE,"UF - POLOVTSEV, SERA", 4500 SHERMAN ST&200 SUPER ST,"5, ZONE",494T,5457d,CLOSED,2020-06-18,11:08 AM
173106,Tree Trim,2020-06-18 11:15 AM,Tree Trim Inspection,TREEMAINTENANCE,"PATINO, ARNULFO",14300 BRIAR FOREST DR,"2, ZONE",488J,77077,CLOSED,2020-06-18,11:15 AM
173107,Tree Removal,2020-06-18 11:59 AM,Tree Removal Inspection,TREEMAINTENANCE,"UF - JONES, CODY", 0 NORTH FWY&1200 WRIGHTWOOD ST,"3, ZONE",493C,5358d,CLOSED,2020-06-18,11:59 AM
173108,Tree Trim,2020-06-18 12:20 PM,Tree Trim Inspection,TREEMAINTENANCE,"UF - POLOVTSEV, SERA", 6700 EAGLE PASS ST&310 LATHROP ST,"4, ZONE",494D,5558b,CLOSED,2020-06-18,12:20 PM
173109,Tree Trim,2020-06-18 02:03 PM,Tree Trim Inspection,TREEMAINTENANCE,"PATINO, ARNULFO",8914 PONTIAC DR,"7, ZONE",531N,77096,CLOSED,2020-06-18,02:03 PM
173111,Tree Trim,2020-06-18 02:33 PM,Tree Trim Inspection,TREEMAINTENANCE,"UF - POLOVTSEV, SERA", 1800 BRAZOS ST&500 JEFFERSON ST,"1, ZONE",493P,5357d,CLOSED,2020-06-18,02:33 PM
173112,Tree Trim,2020-06-18 02:37 PM,Tree Trim Inspection,TREEMAINTENANCE,"UF - POLOVTSEV, SERA",4507  BEGGS ,"4, ZONE",453Y,5459c,CLOSED,2020-06-18,02:37 PM
173116,Tree Trim,2020-06-18 03:12 PM,Tree Trim Inspection,TREEMAINTENANCE,"PATINO, ARNULFO",1620 CAMBRIDGE ST,"7, ZONE",533E,77030,CLOSED,2020-06-18,03:12 PM
173117,Tree Trim,2020-06-18 03:20 PM,Tree Trim Inspection,TREEMAINTENANCE,"UF - POLOVTSEV, SERA",6526  BANTA ,"7, ZONE",571X,5150a,CLOSED,2020-06-18,03:20 PM
173118,Tree Removal,2020-06-18 03:40 PM,Tree Removal Inspection,TREEMAINTENANCE,"UF - POLOVTSEV, SERA",7102  GONZALES ,"5, ZONE",494H,5558d,CLOSED,2020-06-18,03:40 PM
173120,Tree Trim,2020-06-18 03:57 PM,Tree Trim Inspection,TREEMAINTENANCE,"PATINO, ARNULFO",391 N POST OAK LN,"2, ZONE",491H,77024,CLOSED,2020-06-18,03:57 PM
173121,Tree Trim,2020-06-18 03:58 PM,Tree Trim Inspection,TREEMAINTENANCE,"PATINO, ARNULFO",393 N POST OAK LN,"2, ZONE",491H,77024,CLOSED,2020-06-18,03:58 PM
173122,Tree Trim,2020-06-18 03:58 PM,Tree Trim Inspection,TREEMAINTENANCE,"PATINO, ARNULFO",469 N POST OAK LN,"2, ZONE",491H,77024,CLOSED,2020-06-18,03:58 PM
173123,Tree Trim,2020-06-18 03:59 PM,Tree Trim Inspection,TREEMAINTENANCE,"PATINO, ARNULFO",471 N POST OAK LN,"2, ZONE",491H,77024,CLOSED,2020-06-18,03:59 PM
173124,Tree Trim,2020-06-18 04:01 PM,Tree Trim Inspection,TREEMAINTENANCE,"PATINO, ARNULFO",567 N POST OAK LN,"2, ZONE",491H,77024,CLOSED,2020-06-18,04:01 PM
173125,Tree Removal,2020-06-18 05:40 PM,Tree Removal Inspection,TREEMAINTENANCE,"PATINO, ARNULFO",8900 FONDREN RD,"7, ZONE",530R,77074,CLOSED,2020-06-18,05:40 PM
173126,Tree Removal,2020-06-18 06:08 PM,Tree Removal Inspection,TREEMAINTENANCE,"PATINO, ARNULFO",2837 YORKTOWN ST,"2, ZONE",491U,77056,CLOSED,2020-06-18,06:08 PM
173127,Tree Removal,2020-06-19 04:29 AM,Tree Removal Inspection,TREEMAINTENANCE,"PATINO, ARNULFO",6520 ALMEDA RD,"7, ZONE",533E,77030,CLOSED,2020-06-19,04:29 AM
173132,Tree Trim,2020-06-19 09:40 AM,Tree Trim Inspection,TREEMAINTENANCE,"UF - POLOVTSEV, SERA", 10000 LONGPOINT DR HOUSTON ,"3, ZONE",450W,4958b,CLOSED,2020-06-19,09:40 AM
173133,Tree Removal,2020-06-19 09:54 AM,Tree Removal Inspection,TREEMAINTENANCE,"UF - JONES, CODY", 2212 SAUER ST&3000 TRULLEY ST,"6, ZONE",493V,5456a,CLOSED,2020-06-19,09:54 AM
173134,Tree Removal,2020-06-19 10:17 AM,Tree Removal Inspection,TREEMAINTENANCE,"BLANCHETTE, PETER",2201  CENTRAL ,"5, ZONE",535G,5655d,CLOSED,2020-06-19,10:17 AM
173136,Tree Removal,2020-06-19 11:35 AM,Tree Removal Inspection,TREEMAINTENANCE,"PATINO, ARNULFO",1723 COLQUITT ST,"2, ZONE",492Z,77098,CLOSED,2020-06-19,11:35 AM
173137,Tree Code Violation,2020-06-19 11:43 AM,Tree Code Violation Inspection,TREEPROTECTION,"UF - JONES, CODY", 1300 EMANCIPATION AVE&2400 POLK ST,"5, ZONE",493R,5457c,CLOSED,2020-06-19,11:43 AM
173138,Tree Trim,2020-06-19 12:26 PM,Tree Trim Inspection,TREEMAINTENANCE,"PATINO, ARNULFO",1700 RICHMOND AVE,"2, ZONE",492Z,77098,CLOSED,2020-06-19,12:26 PM
173139,Tree Trim,2020-06-19 12:32 PM,Tree Trim Inspection,TREEMAINTENANCE,"BLANCHETTE, PETER",11726  KIRKHOLLOW ,"6, ZONE",576X,5751d,CLOSED,2020-06-19,12:32 PM
173140,Tree Trim,2020-06-19 01:47 PM,Tree Trim Inspection,TREEMAINTENANCE,"BLANCHETTE, PETER",3327  WICHITA ,"6, ZONE",533C,5455a,CLOSED,2020-06-19,01:47 PM
173142,Tree Removal,2020-06-19 02:44 PM,Tree Removal Inspection,TREEMAINTENANCE,"BLANCHETTE, PETER",5703  FLAMINGO ,"6, ZONE",534W,5453d,CLOSED,2020-06-19,02:44 PM
173143,Tree Trim,2020-06-19 03:05 PM,Tree Trim Inspection,TREEMAINTENANCE,"UF - POLOVTSEV, SERA",5327  TRAIL LAKE ,"7, ZONE",571L,5152d,CLOSED,2020-06-19,03:05 PM
173144,Tree Trim,2020-06-19 03:06 PM,Tree Trim Inspection,TREEMAINTENANCE,"UF - POLOVTSEV, SERA",4722  CURLY OAKS ,"7, ZONE",571V,5251c,CLOSED,2020-06-19,03:06 PM
173146,Tree Removal,2020-06-19 04:29 PM,Tree Removal Inspection,TREEMAINTENANCE,"UF - POLOVTSEV, SERA",1711  TARGET ,"3, ZONE",449X,4858b,CLOSED,2020-06-19,04:29 PM
173147,Tree Trim,2020-06-19 04:31 PM,Tree Trim Inspection,TREEMAINTENANCE,"UF - POLOVTSEV, SERA",1315  ZORA ,"3, ZONE",451Y,5158b,CLOSED,2020-06-19,04:31 PM
173148,Tree Removal,2020-06-19 04:31 PM,Tree Removal Inspection,TREEMAINTENANCE,"PATINO, ARNULFO",11500 RICHMOND AVE,"2, ZONE",489X,77082,CLOSED,2020-06-19,04:31 PM
173149,Tree Removal,2020-06-19 04:40 PM,Tree Removal Inspection,TREEMAINTENANCE,"UF - POLOVTSEV, SERA",8818  EDGEMOOR ,"2, ZONE",530E,4955d,CLOSED,2020-06-19,04:40 PM
173150,Tree Trim,2020-06-19 08:35 PM,Tree Trim Inspection,TREEMAINTENANCE,"UF - POLOVTSEV, SERA",15903  DARTON ,"7, ZONE",571Y,5150b,CLOSED,2020-06-19,08:35 PM
173151,Tree Trim,2020-06-20 12:55 AM,Tree Trim Inspection,TREEMAINTENANCE,"BLANCHETTE, PETER",7645  EDNA ,"6, ZONE",535N,5654a,CLOSED,2020-06-20,12:55 AM
173152,Tree Removal,2020-06-20 09:34 AM,Tree Removal Inspection,TREEMAINTENANCE,"PATINO, ARNULFO",13 PINE BRIAR CIR,"2, ZONE",491G,77056,CLOSED,2020-06-20,09:34 AM
173153,Tree Removal,2020-06-20 11:11 AM,Tree Removal Inspection,TREEMAINTENANCE,"UF - JONES, CODY",9822  JAYWOOD ,"3, ZONE",410R,5062b,CLOSED,2020-06-20,11:11 AM
173154,Tree Removal,2020-06-20 11:47 AM,Tree Removal Inspection,TREEMAINTENANCE,"UF - POLOVTSEV, SERA", 2700 BARON ST&400 JENSEN DR,"5, ZONE",494J,5457b,CLOSED,2020-06-20,11:47 AM
173155,Tree Trim,2020-06-20 02:12 PM,Tree Trim Inspection,TREEMAINTENANCE,"PATINO, ARNULFO",ALIEF CLODINE RD & ALIEF VILLAGE DR,"2, ZONE",529A,77082,CLOSED,2020-06-20,02:12 PM
173156,Tree Trim,2020-06-20 02:23 PM,Tree Trim Inspection,TREEMAINTENANCE,"UF - POLOVTSEV, SERA", 6000 BIRDWOOD RD&8912 BRAEWICK DR,"7, ZONE",530R,5054d,CLOSED,2020-06-20,02:23 PM
173160,Tree Trim,2020-06-20 03:41 PM,Tree Trim Inspection,TREEMAINTENANCE,"UF - JONES, CODY",3038 S HEIGHTS HOLLOW ,"2, ZONE",493J,5357a,CLOSED,2020-06-20,03:41 PM
173161,Tree Removal,2020-06-20 05:15 PM,Tree Removal Inspection,TREEMAINTENANCE,"UF - POLOVTSEV, SERA", 1036 UVALDE RD&13400 VICKSBURG ST,"4, ZONE",497E,5858c,CLOSED,2020-06-20,05:15 PM
173162,Tree Trim,2020-06-20 08:34 PM,Tree Trim Inspection,TREEMAINTENANCE,"PATINO, ARNULFO",13796 LYNDEN DR,"7, ZONE",572J,77045,CLOSED,2020-06-20,08:34 PM
173163,Tree Removal,2020-06-21 10:57 AM,Tree Removal Inspection,TREEMAINTENANCE,"UF - JONES, CODY",309 W 23RD ,"3, ZONE",452V,5359a,CLOSED,2020-06-21,10:57 AM
173164,Tree Trim,2020-06-21 11:19 AM,Tree Trim Inspection,TREEMAINTENANCE,"BLANCHETTE, PETER",1503  QUAIL ,"5, ZONE",536P,5754a,CLOSED,2020-06-21,11:19 AM
173165,Tree Trim,2020-06-21 02:20 PM,Tree Trim Inspection,TREEMAINTENANCE,"UF - POLOVTSEV, SERA", 300 E KOWIS ST&7700 WERNER ST,"4, ZONE",413S,5362c,CLOSED,2020-06-21,02:20 PM
173166,Tree Trim,2020-06-22 05:02 AM,Tree Trim Inspection,TREEMAINTENANCE,"UF - JONES, CODY",938  WYNNWOOD ,"3, ZONE",452Y,5259d,CLOSED,2020-06-22,05:02 AM
173168,Tree Removal,2020-06-22 07:14 AM,Tree Removal Inspection,TREEMAINTENANCE,"PATINO, ARNULFO",3221 DURHILL ST,"7, ZONE",532P,77025,CLOSED,2020-06-22,07:14 AM
173169,Tree Trim,2020-06-22 07:25 AM,Tree Trim Inspection,TREEMAINTENANCE,"UF - JONES, CODY",1122  BAYLAND ,"3, ZONE",493A,5358b,CLOSED,2020-06-22,07:25 AM
173170,Tree Removal,2020-06-22 07:53 AM,Tree Removal Inspection,TREEMAINTENANCE,"PATINO, ARNULFO","4303 ROSE ST, APT B","2, ZONE",492H,77007,CLOSED,2020-06-22,07:53 AM
173171,Tree Stump Grinding,2020-06-22 08:14 AM,Tree Stump Inspection,TREEMAINTENANCE,"UF - JONES, CODY", 600 GRAY ST&2100 SMITH ST,"2, ZONE",493P,5357d,CLOSED,2020-06-22,08:14 AM
173172,Tree Trim,2020-06-22 08:40 AM,Tree Trim Inspection,TREEMAINTENANCE,"UF - JONES, CODY",4802  ALMEDA ,"7, ZONE",493X,5356d,CLOSED,2020-06-22,08:40 AM
173173,Tree Trim,2020-06-22 08:49 AM,Tree Trim Inspection,TREEMAINTENANCE,"BLANCHETTE, PETER",6146  ANDWOOD ,"6, ZONE",534V,5554d,CLOSED,2020-06-22,08:49 AM
173175,Tree Removal,2020-06-22 09:21 AM,Tree Removal Inspection,TREEMAINTENANCE,"UF - POLOVTSEV, SERA", 6000 ETTRICK DR&12200 KIRKSIDE DR,"7, ZONE",571E,5152a,CLOSED,2020-06-22,09:21 AM
173176,Tree Trim,2020-06-22 09:24 AM,Tree Trim Inspection,TREEMAINTENANCE,"UF - JONES, CODY",608  WALTON ,"3, ZONE",453X,5359d,CLOSED,2020-06-22,09:24 AM
173177,Tree Trim,2020-06-22 09:30 AM,Tree Trim Inspection,TREEMAINTENANCE,"UF - POLOVTSEV, SERA", 5200 EARLINE ST&8900 PEACHTREE ST,"4, ZONE",454G,5561c,CLOSED,2020-06-22,09:30 AM
173179,Tree Removal,2020-06-22 09:31 AM,Tree Removal Inspection,TREEMAINTENANCE,"BLANCHETTE, PETER",6211  CHAFFIN ,"6, ZONE",534V,5554d,CLOSED,2020-06-22,09:31 AM
173180,Tree Trim,2020-06-22 09:32 AM,Tree Trim Inspection,TREEMAINTENANCE,"UF - JONES, CODY",523  HIGHLAND ,"3, ZONE",493B,5358b,CLOSED,2020-06-22,09:32 AM
173181,Tree Removal,2020-06-22 09:41 AM,Tree Removal Inspection,TREEMAINTENANCE,"PATINO, ARNULFO",3219 BAMMEL LN,"2, ZONE",492T,77098,CLOSED,2020-06-22,09:41 AM
173183,Tree Removal,2020-06-22 10:43 AM,Tree Removal Inspection,TREEMAINTENANCE,"UF - POLOVTSEV, SERA",5513  TOMMYE ,"4, ZONE",455T,5659a,CLOSED,2020-06-22,10:43 AM
173185,Tree Removal,2020-06-22 12:07 PM,Tree Removal Inspection,TREEMAINTENANCE,"UF - JONES, CODY",5212  KIAM ,"3, ZONE",492C,5258d,CLOSED,2020-06-22,12:07 PM
173186,Tree Trim,2020-06-22 12:37 PM,Tree Trim Inspection,TREEMAINTENANCE,"UF - POLOVTSEV, SERA",102  SUPER ,"5, ZONE",494T,5457d,CLOSED,2020-06-22,12:37 PM
173187,Tree Trim,2020-06-22 01:54 PM,Tree Trim Inspection,TREEMAINTENANCE,"PATINO, ARNULFO",3923 KNOTTYNOLD LN,"7, ZONE",572S,77053,CLOSED,2020-06-22,01:54 PM
173188,Tree Removal,2020-06-22 03:15 PM,Tree Removal Inspection,TREEMAINTENANCE,"PATINO, ARNULFO",5442 RICHMOND AVE,"2, ZONE",491X,77056,CLOSED,2020-06-22,03:15 PM
173189,Tree Trim,2020-06-22 03:49 PM,Tree Trim Inspection,TREEMAINTENANCE,"PATINO, ARNULFO",1932 W GRAY ST,"2, ZONE",492R,77019,CLOSED,2020-06-22,03:49 PM
173190,Tree Removal,2020-06-22 03:50 PM,Tree Removal Inspection,TREEMAINTENANCE,"UF - JONES, CODY",6505  WESTVIEW ,"3, ZONE",451Y,5158b,CLOSED,2020-06-22,03:50 PM
173191,Tree Trim,2020-06-22 03:50 PM,Tree Trim Inspection,TREEMAINTENANCE,"PATINO, ARNULFO",15315 APPLERIDGE DR,"7, ZONE",570V,77489,CLOSED,2020-06-22,03:50 PM
173192,Tree Removal,2020-06-22 03:52 PM,Tree Removal Inspection,TREEMAINTENANCE,"UF - POLOVTSEV, SERA",242  WOOLWORTH ,"4, ZONE",494D,5558a,CLOSED,2020-06-22,03:52 PM
173193,Tree Trim,2020-06-22 05:01 PM,Tree Trim Inspection,TREEMAINTENANCE,"PATINO, ARNULFO",12811 CORONA LN,"2, ZONE",528M,77072,CLOSED,2020-06-22,05:01 PM
173194,Tree Trim,2020-06-22 05:55 PM,Tree Trim Inspection,TREEMAINTENANCE,"BLANCHETTE, PETER",12118  PALMBEACH ,"5, ZONE",576Q,5752d,CLOSED,2020-06-22,05:55 PM
173195,Tree Removal,2020-06-22 06:39 PM,Tree Removal Inspection,TREEMAINTENANCE,"BLANCHETTE, PETER",8303  ROCKFORD ,"6, ZONE",534W,5453d,CLOSED,2020-06-22,06:39 PM
173196,Tree Trim,2020-06-22 07:14 PM,Tree Trim Inspection,TREEMAINTENANCE,"BLANCHETTE, PETER",10803  EDDYROCK ,"6, ZONE",576T,5751c,CLOSED,2020-06-22,07:14 PM
173197,Tree Code Violation,2020-06-23 12:31 AM,Tree Code Violation Inspection,TREEPROTECTION,"UF - POLOVTSEV, SERA",1516  VASSAR ,"7, ZONE",492Z,5356c,CLOSED,2020-06-23,12:31 AM
173198,Tree Removal,2020-06-23 08:11 AM,Tree Removal Inspection,TREEMAINTENANCE,"PATINO, ARNULFO",2536 DRYDEN RD,"7, ZONE",532C,77030,CLOSED,2020-06-23,08:11 AM
173199,Tree Removal,2020-06-23 08:32 AM,Tree Removal Inspection,TREEMAINTENANCE,"UF - JONES, CODY",1520  CANDLELIGHT ,"3, ZONE",452E,5260a,CLOSED,2020-06-23,08:32 AM
173200,Tree Trim,2020-06-23 08:33 AM,Tree Trim Inspection,TREEMAINTENANCE,"UF - JONES, CODY",1520  CANDLELIGHT ,"3, ZONE",452E,5260a,CLOSED,2020-06-23,08:33 AM
173202,Tree Removal,2020-06-23 08:57 AM,Tree Removal Inspection,TREEMAINTENANCE,"UF - JONES, CODY",840 W 23RD ,"3, ZONE",452U,5259b,CLOSED,2020-06-23,08:57 AM
173205,Tree Trim,2020-06-23 09:32 AM,Tree Trim Inspection,TREEMAINTENANCE,"PATINO, ARNULFO",5942 HERMANN PARK DR,"7, ZONE",533A,77030,CLOSED,2020-06-23,09:32 AM
173206,Tree Removal,2020-06-23 10:06 AM,Tree Removal Inspection,TREEMAINTENANCE,"UF - POLOVTSEV, SERA",8105  ATTWATER ,"4, ZONE",455P,5660c,CLOSED,2020-06-23,10:06 AM
173208,Tree Trim,2020-06-23 10:50 AM,Tree Trim Inspection,TREEMAINTENANCE,"UF - POLOVTSEV, SERA", 900 BONNIE GLEN&1600 HAMBLEN RD,"4, ZONE",336K,5769c,CLOSED,2020-06-23,10:50 AM
173209,Tree Removal,2020-06-23 11:17 AM,Tree Removal Inspection,TREEMAINTENANCE,"UF - POLOVTSEV, SERA",242  WOOLWORTH ,"4, ZONE",494D,5558a,CLOSED,2020-06-23,11:17 AM
173210,Tree Removal,2020-06-23 11:18 AM,Tree Removal Inspection,TREEMAINTENANCE,"UF - POLOVTSEV, SERA",8001  DANDY ,"4, ZONE",454M,5560a,CLOSED,2020-06-23,11:18 AM
173211,Tree Trim,2020-06-23 11:21 AM,Tree Trim Inspection,TREEMAINTENANCE,"UF - JONES, CODY",1036  NADINE ,"3, ZONE",453T,5359b,CLOSED,2020-06-23,11:21 AM
173212,Tree Removal,2020-06-23 11:30 AM,Tree Removal Inspection,TREEMAINTENANCE,"UF - POLOVTSEV, SERA",2936  BARKSDALE ,"4, ZONE",414S,5462d,CLOSED,2020-06-23,11:30 AM
173213,Tree Removal,2020-06-23 12:34 PM,Tree Removal Inspection,TREEMAINTENANCE,"UF - JONES, CODY",10328  SHADOW OAKS ,"3, ZONE",449Z,4958b,CLOSED,2020-06-23,12:34 PM
173214,Tree Removal,2020-06-23 12:48 PM,Tree Removal Inspection,TREEMAINTENANCE,"BLANCHETTE, PETER",12210  DONEGAL ,"6, ZONE",573L,5452c,CLOSED,2020-06-23,12:48 PM
173215,Tree Removal,2020-06-23 01:29 PM,Tree Removal Inspection,TREEMAINTENANCE,"UF - JONES, CODY",720  YORKSHIRE ,"4, ZONE",453L,5460c,CLOSED,2020-06-23,01:29 PM
173217,Tree Removal,2020-06-23 02:15 PM,Tree Removal Inspection,TREEMAINTENANCE,"UF - JONES, CODY",1605  HARRINGTON ,"4, ZONE",493H,5458c,CLOSED,2020-06-23,02:15 PM
173218,Tree Removal,2020-06-23 02:19 PM,Tree Removal Inspection,TREEMAINTENANCE,"BLANCHETTE, PETER",1426  MARLEEN ,"5, ZONE",576A,5753c,CLOSED,2020-06-23,02:19 PM
173219,Tree Removal,2020-06-23 03:05 PM,Tree Removal Inspection,TREEMAINTENANCE,"UF - POLOVTSEV, SERA",5618  COLLINS ,"4, ZONE",414R,5563c,CLOSED,2020-06-23,03:05 PM
173220,Tree Removal,2020-06-23 03:15 PM,Tree Removal Inspection,TREEMAINTENANCE,"PATINO, ARNULFO",5115 YARWELL DR,"7, ZONE",531U,77096,CLOSED,2020-06-23,03:15 PM
173222,Tree Removal,2020-06-23 05:47 PM,Tree Removal Inspection,TREEMAINTENANCE,"UF - JONES, CODY",1906  PRIEST ,"4, ZONE",453D,5461a,CLOSED,2020-06-23,05:47 PM
173223,Tree Trim,2020-06-23 06:55 PM,Tree Trim Inspection,TREEMAINTENANCE,"BLANCHETTE, PETER",4630  SUNFLOWER ,"6, ZONE",533Z,5453a,CLOSED,2020-06-23,06:55 PM
173224,Tree Trim,2020-06-23 06:59 PM,Tree Trim Inspection,TREEMAINTENANCE,"PATINO, ARNULFO",6318 COSTA MESA DR,"7, ZONE",611B,77053,CLOSED,2020-06-23,06:59 PM
173225,Tree Trim,2020-06-23 07:22 PM,Tree Trim Inspection,TREEMAINTENANCE,"BLANCHETTE, PETER",4630  SUNFLOWER ,"6, ZONE",533Z,5453a,CLOSED,2020-06-23,07:22 PM
173227,Tree Removal,2020-06-24 08:05 AM,Tree Removal Inspection,TREEMAINTENANCE,"UF - POLOVTSEV, SERA",6717  SHERMAN ,"5, ZONE",494V,5556b,CLOSED,2020-06-24,08:05 AM
173228,Tree Removal,2020-06-24 09:38 AM,Tree Removal Inspection,TREEMAINTENANCE,"UF - JONES, CODY",1520  CANDLELIGHT ,"3, ZONE",452E,5260a,CLOSED,2020-06-24,09:38 AM
173232,Tree Removal,2020-06-24 10:02 AM,Tree Removal Inspection,TREEMAINTENANCE,"UF - POLOVTSEV, SERA",1611  PANNELL ,"4, ZONE",494F,5458d,CLOSED,2020-06-24,10:02 AM
173233,Tree Removal,2020-06-24 10:04 AM,Tree Removal Inspection,TREEMAINTENANCE,"PATINO, ARNULFO",2816 NEWMAN ST,"2, ZONE",492U,77098,CLOSED,2020-06-24,10:04 AM
173234,Tree Code Violation,2020-06-24 10:41 AM,Tree Code Violation Inspection,TREEPROTECTION,"UF - POLOVTSEV, SERA", 0 CHIMNEY ROCK RD&5600 GASMER DR,"7, ZONE",571B,5152a,CLOSED,2020-06-24,10:41 AM
173235,Tree Trim,2020-06-24 11:04 AM,Tree Trim Inspection,TREEMAINTENANCE,"UF - JONES, CODY",8000  BRETSHIRE ,"4, ZONE",454D,5561b,CLOSED,2020-06-24,11:04 AM
173236,Tree Trim,2020-06-24 11:32 AM,Tree Trim Inspection,TREEMAINTENANCE,"UF - JONES, CODY", 2100 ELMVIEW DR&9600 HAMMERLY BLVD,"3, ZONE",450T,5059a,CLOSED,2020-06-24,11:32 AM
173237,Tree Planting,2020-06-24 11:37 AM,Tree Planting Inspection,TREEPROTECTION,"UF - POLOVTSEV, SERA",2002  BANKS ,"7, ZONE",492Z,5356c,CLOSED,2020-06-24,11:37 AM
173238,Tree Stump Grinding,2020-06-24 11:55 AM,Tree Stump Inspection,TREEMAINTENANCE,"UF - JONES, CODY",410 W 16TH ,"3, ZONE",452Z,5359c,CLOSED,2020-06-24,11:55 AM
173239,Tree Trim,2020-06-24 12:03 PM,Tree Trim Inspection,TREEMAINTENANCE,"BLANCHETTE, PETER",6518  PINEHURST ,"5, ZONE",534C,5556c,CLOSED,2020-06-24,12:03 PM
173240,Tree Trim,2020-06-24 12:10 PM,Tree Trim Inspection,TREEMAINTENANCE,"BLANCHETTE, PETER",7645  EDNA ,"6, ZONE",535N,5654a,CLOSED,2020-06-24,12:10 PM
173242,Tree Trim,2020-06-24 12:24 PM,Tree Trim Inspection,TREEMAINTENANCE,"UF - JONES, CODY",1306  MOORHEAD ,"3, ZONE",450X,4958b,CLOSED,2020-06-24,12:24 PM
173243,Tree Removal,2020-06-24 12:35 PM,Tree Removal Inspection,TREEMAINTENANCE,"UF - JONES, CODY",8000  BRETSHIRE ,"4, ZONE",454D,5561b,CLOSED,2020-06-24,12:35 PM
173244,Tree Trim,2020-06-24 12:45 PM,Tree Trim Inspection,TREEMAINTENANCE,"BLANCHETTE, PETER",11102  ROANDALE ,"6, ZONE",573H,5452c,CLOSED,2020-06-24,12:45 PM
173245,Tree Trim,2020-06-24 01:16 PM,Tree Trim Inspection,TREEMAINTENANCE,"UF - JONES, CODY",214  WEATHERLY ,"3, ZONE",452H,5360a,CLOSED,2020-06-24,01:16 PM
173246,Tree Trim,2020-06-24 01:36 PM,Tree Trim Inspection,TREEMAINTENANCE,"UF - POLOVTSEV, SERA",701  HIGHLAND ,"3, ZONE",493B,5358b,CLOSED,2020-06-24,01:36 PM
173247,Tree Trim,2020-06-24 01:41 PM,Tree Trim Inspection,TREEMAINTENANCE,"UF - POLOVTSEV, SERA",627  HIGHLAND ,"3, ZONE",493B,5358b,CLOSED,2020-06-24,01:41 PM
173248,Tree Trim,2020-06-24 01:46 PM,Tree Trim Inspection,TREEMAINTENANCE,"UF - POLOVTSEV, SERA",730  BAYLAND ,"3, ZONE",493B,5358b,CLOSED,2020-06-24,01:46 PM
173249,Tree Trim,2020-06-24 01:48 PM,Tree Trim Inspection,TREEMAINTENANCE,"UF - JONES, CODY", 8800 BRIAR FOREST DR&11650 MEMORIAL DR,"2, ZONE",490P,5057c,CLOSED,2020-06-24,01:48 PM
173250,Tree Trim,2020-06-24 01:52 PM,Tree Trim Inspection,TREEMAINTENANCE,"UF - POLOVTSEV, SERA",2619  THELMA ,"3, ZONE",493B,5358d,CLOSED,2020-06-24,01:52 PM
173251,Tree Trim,2020-06-24 01:57 PM,Tree Trim Inspection,TREEMAINTENANCE,"UF - POLOVTSEV, SERA",2720  REAGAN ,"3, ZONE",493B,5358b,CLOSED,2020-06-24,01:57 PM
173252,Tree Removal,2020-06-24 02:54 PM,Tree Removal Inspection,TREEMAINTENANCE,"UF - JONES, CODY",1303  AFTON ,"3, ZONE",451X,5158a,CLOSED,2020-06-24,02:54 PM
173253,Tree Trim,2020-06-24 03:08 PM,Tree Trim Inspection,TREEMAINTENANCE,"UF - JONES, CODY",8907  LYNDONNILLE FALLS ,"4, ZONE",455D,5661b,CLOSED,2020-06-24,03:08 PM
173254,Tree Removal,2020-06-24 03:13 PM,Tree Removal Inspection,TREEMAINTENANCE,"UF - POLOVTSEV, SERA",4303 B  ROSE ,"2, ZONE",492H,5357a,CLOSED,2020-06-24,03:13 PM
173255,Tree Removal,2020-06-24 03:53 PM,Tree Removal Inspection,TREEMAINTENANCE,"BLANCHETTE, PETER",6402 & 6403 SHERWOOD ,"6, ZONE",533M,5454a,CLOSED,2020-06-24,03:53 PM
173256,Tree Removal,2020-06-24 04:28 PM,Tree Removal Inspection,TREEMAINTENANCE,"BLANCHETTE, PETER",919  ROPER ,"5, ZONE",576E,5753c,CLOSED,2020-06-24,04:28 PM
173257,Tree Removal,2020-06-24 04:30 PM,Tree Removal Inspection,TREEMAINTENANCE,"UF - JONES, CODY",2026  SHADOW BEND ,"3, ZONE",449V,4959c,CLOSED,2020-06-24,04:30 PM
173258,Tree Removal,2020-06-24 07:18 PM,Tree Removal Inspection,TREEMAINTENANCE,"UF - POLOVTSEV, SERA",1013  VAN BUREN ,"2, ZONE",493N,5357c,CLOSED,2020-06-24,07:18 PM
173259,Tree Trim,2020-06-24 07:59 PM,Tree Trim Inspection,TREEMAINTENANCE,"UF - JONES, CODY", 500 E 34TH ST&3400 COLUMBIA ST,"3, ZONE",453N,5359a,CLOSED,2020-06-24,07:59 PM
173260,Tree Trim,2020-06-25 05:32 AM,Tree Trim Inspection,TREEMAINTENANCE,"UF - POLOVTSEV, SERA",220 E COWAN ,"2, ZONE",492K,5257b,CLOSED,2020-06-25,05:32 AM
173261,Tree Removal,2020-06-25 07:11 AM,Tree Removal Inspection,TREEMAINTENANCE,"PATINO, ARNULFO",6430 SHARPVIEW DR,"7, ZONE",531J,77074,CLOSED,2020-06-25,07:11 AM
173262,Tree Trim,2020-06-25 08:22 AM,Tree Trim Inspection,TREEMAINTENANCE,"BLANCHETTE, PETER", 8300 CULLEN BLVD&4700 SUNFLOWER ST,"6, ZONE",533Z,5453a,CLOSED,2020-06-25,08:22 AM
173263,Tree Removal,2020-06-25 09:12 AM,Tree Removal Inspection,TREEMAINTENANCE,"BLANCHETTE, PETER",3132  TILFER ,"6, ZONE",534M,5554b,CLOSED,2020-06-25,09:12 AM
173264,Tree Trim,2020-06-25 09:28 AM,Tree Trim Inspection,TREEMAINTENANCE,"UF - JONES, CODY",1915  OXFORD ,"3, ZONE",453S,5359c,CLOSED,2020-06-25,09:28 AM
173265,Tree Removal,2020-06-25 09:31 AM,Tree Removal Inspection,TREEMAINTENANCE,"UF - POLOVTSEV, SERA",3007  ALTOONA ,"4, ZONE",494B,5458b,CLOSED,2020-06-25,09:31 AM
173266,Tree Removal,2020-06-25 10:01 AM,Tree Removal Inspection,TREEMAINTENANCE,"UF - POLOVTSEV, SERA",723  ARLINGTON ,"3, ZONE",493A,5358a,CLOSED,2020-06-25,10:01 AM
173267,Tree Trim,2020-06-25 10:04 AM,Tree Trim Inspection,TREEMAINTENANCE,"UF - JONES, CODY",3510  MCKINLEY ,"3, ZONE",411V,5162d,CLOSED,2020-06-25,10:04 AM
173268,Tree Trim,2020-06-25 10:10 AM,Tree Trim Inspection,TREEMAINTENANCE,"UF - JONES, CODY",323 W 32ND ,"3, ZONE",452R,5359a,CLOSED,2020-06-25,10:10 AM
173269,Tree Planting,2020-06-25 10:31 AM,Tree Planting Inspection,TREEPROTECTION,"UF - POLOVTSEV, SERA",6301  RODRIGO ,"2, ZONE",492F,5258d,CLOSED,2020-06-25,10:31 AM
173270,Tree Trim,2020-06-25 11:17 AM,Tree Trim Inspection,TREEMAINTENANCE,"UF - JONES, CODY",2219  BRON HOLLY ,"3, ZONE",452N,5259a,CLOSED,2020-06-25,11:17 AM
173271,Tree Trim,2020-06-25 11:53 AM,Tree Trim Inspection,TREEMAINTENANCE,"UF - JONES, CODY",4202  EIGEL ,"2, ZONE",492H,5358c,CLOSED,2020-06-25,11:53 AM
173272,Tree Removal,2020-06-25 12:02 PM,Tree Removal Inspection,TREEMAINTENANCE,"BLANCHETTE, PETER",9305  INTERVALE ,"6, ZONE",575M,5652b,CLOSED,2020-06-25,12:02 PM
173273,Tree Removal,2020-06-25 12:33 PM,Tree Removal Inspection,TREEMAINTENANCE,"UF - JONES, CODY",5366  FAIRDALE ,"2, ZONE",491Y,5156d,CLOSED,2020-06-25,12:33 PM
173275,Tree Trim,2020-06-25 01:40 PM,Tree Trim Inspection,TREEMAINTENANCE,"UF - POLOVTSEV, SERA",2009  JOHNSON ,"2, ZONE",493F,5358d,CLOSED,2020-06-25,01:40 PM
173276,Tree Trim,2020-06-25 01:55 PM,Tree Trim Inspection,TREEMAINTENANCE,"UF - POLOVTSEV, SERA",2009  JOHNSON ,"2, ZONE",493F,5358d,CLOSED,2020-06-25,01:55 PM
173277,Tree Removal,2020-06-25 02:26 PM,Tree Removal Inspection,TREEMAINTENANCE,"PATINO, ARNULFO",5327 STILLBROOKE DR,"7, ZONE",531X,77096,CLOSED,2020-06-25,02:26 PM
173278,Tree Trim,2020-06-25 04:16 PM,Tree Trim Inspection,TREEMAINTENANCE,"BLANCHETTE, PETER",6802  GOLFWAY ,"6, ZONE",534M,5554b,CLOSED,2020-06-25,04:16 PM
173282,Tree Trim,2020-06-25 08:59 PM,Tree Trim Inspection,TREEMAINTENANCE,"BLANCHETTE, PETER",2121  CENTRAL ,"5, ZONE",535L,5655d,CLOSED,2020-06-25,08:59 PM
173283,Tree Trim,2020-06-25 09:09 PM,Tree Trim Inspection,TREEMAINTENANCE,"BLANCHETTE, PETER",12106  PALMDATE ,"5, ZONE",576Q,5752d,CLOSED,2020-06-25,09:09 PM
173284,Tree Trim,2020-06-26 12:30 AM,Tree Trim Inspection,TREEMAINTENANCE,"BLANCHETTE, PETER",8354  BONNER ,"5, ZONE",535Q,5654b,CLOSED,2020-06-26,12:30 AM
173285,Tree Trim,2020-06-26 07:21 AM,Tree Trim Inspection,TREEMAINTENANCE,"UF - POLOVTSEV, SERA",12300  ALDINE WESTFIELD ,"4, ZONE",413M,5463c,CLOSED,2020-06-26,07:21 AM
173286,Tree Removal,2020-06-26 09:39 AM,Tree Removal Inspection,TREEMAINTENANCE,"UF - JONES, CODY",19008  SAUMS ,"3, ZONE",447S,4659c,CLOSED,2020-06-26,09:39 AM
173287,Tree Code Violation,2020-06-26 10:11 AM,Tree Code Violation Inspection,TREEPROTECTION,"TEMPLE, DALE",2410  POLK ,"5, ZONE",493V,5457c,CLOSED,2020-06-26,10:11 AM
173288,Tree Trim,2020-06-26 10:18 AM,Tree Trim Inspection,TREEMAINTENANCE,"UF - JONES, CODY", 500 E 34TH ST&3400 COLUMBIA ST,"3, ZONE",453N,5359a,CLOSED,2020-06-26,10:18 AM
173289,Tree Removal,2020-06-26 10:21 AM,Tree Removal Inspection,TREEMAINTENANCE,"PATINO, ARNULFO",ASHBY ST & BOLSOVER ST,"7, ZONE",532D,77005,CLOSED,2020-06-26,10:21 AM
173291,Tree Removal,2020-06-26 10:54 AM,Tree Removal Inspection,TREEMAINTENANCE,"UF - JONES, CODY",3621  GOLF ,"3, ZONE",452P,5260d,CLOSED,2020-06-26,10:54 AM
173294,Tree Trim,2020-06-26 12:10 PM,Tree Trim Inspection,TREEMAINTENANCE,"PATINO, ARNULFO",7711 CHASEWAY DR,"7, ZONE",570V,77489,CLOSED,2020-06-26,12:10 PM
173295,Tree Removal,2020-06-26 12:16 PM,Tree Removal Inspection,TREEMAINTENANCE,"UF - JONES, CODY",1950  SPENWICK ,"3, ZONE",451S,5159c,CLOSED,2020-06-26,12:16 PM
173296,Tree Removal,2020-06-26 12:53 PM,Tree Removal Inspection,TREEMAINTENANCE,"BLANCHETTE, PETER",4922  KELSO ,"6, ZONE",534N,5454b,CLOSED,2020-06-26,12:53 PM
173297,Tree Trim,2020-06-26 01:05 PM,Tree Trim Inspection,TREEMAINTENANCE,"UF - JONES, CODY",7445  AWTY SCHOOL ,"3, ZONE",491D,5158b,CLOSED,2020-06-26,01:05 PM
173298,Tree Removal,2020-06-26 01:22 PM,Tree Removal Inspection,TREEMAINTENANCE,"PATINO, ARNULFO",2335 MCCLENDON ST,"7, ZONE",532G,77030,CLOSED,2020-06-26,01:22 PM
173300,Tree Trim,2020-06-26 02:14 PM,Tree Trim Inspection,TREEMAINTENANCE,"UF - POLOVTSEV, SERA", 10552 CASTLETON ST&5800 LANGLEY RD,"4, ZONE",414Z,5562c,CLOSED,2020-06-26,02:14 PM
173301,Tree Trim,2020-06-26 02:34 PM,Tree Trim Inspection,TREEMAINTENANCE,"PATINO, ARNULFO",6310 COSTA MESA DR,"7, ZONE",611B,77053,CLOSED,2020-06-26,02:34 PM
173302,Tree Removal,2020-06-26 02:34 PM,Tree Removal Inspection,TREEMAINTENANCE,"UF - JONES, CODY",1363  STUDER ,"2, ZONE",492G,5258d,CLOSED,2020-06-26,02:34 PM
173303,Tree Trim,2020-06-26 03:52 PM,Tree Trim Inspection,TREEMAINTENANCE,"BLANCHETTE, PETER",16310  NAPA VINE,"7, ZONE",611B,5150c,CLOSED,2020-06-26,03:52 PM
173304,Tree Removal,2020-06-26 03:57 PM,Tree Removal Inspection,TREEMAINTENANCE,"PATINO, ARNULFO",7400 ALBACORE DR,"7, ZONE",530M,77074,CLOSED,2020-06-26,03:57 PM
173305,Tree Trim,2020-06-26 03:59 PM,Tree Trim Inspection,TREEMAINTENANCE,"UF - JONES, CODY",5851  SAN FELIPE ,"2, ZONE",491P,5157c,CLOSED,2020-06-26,03:59 PM
173306,Tree Trim,2020-06-26 04:00 PM,Tree Trim Inspection,TREEMAINTENANCE,"PATINO, ARNULFO",6526 BANTA DR,"7, ZONE",571X,77489,CLOSED,2020-06-26,04:00 PM
173307,Tree Trim,2020-06-26 05:47 PM,Tree Trim Inspection,TREEMAINTENANCE,"PATINO, ARNULFO",5706 W BELLFORT ST,"7, ZONE",531W,77035,CLOSED,2020-06-26,05:47 PM
173308,Tree Trim,2020-06-26 06:35 PM,Tree Trim Inspection,TREEMAINTENANCE,"PATINO, ARNULFO",12601 TERRANCE ST,"7, ZONE",570R,77085,CLOSED,2020-06-26,06:35 PM
173309,Tree Removal,2020-06-27 02:41 AM,Tree Removal Inspection,TREEMAINTENANCE,"BLANCHETTE, PETER",5514  GRIGGS ,"6, ZONE",534K,5454b,CLOSED,2020-06-27,02:41 AM
173310,Tree Trim,2020-06-27 09:22 AM,Tree Trim Inspection,TREEMAINTENANCE,"PATINO, ARNULFO",12723 BLUE CROMIS LN,"7, ZONE",572E,77045,CLOSED,2020-06-27,09:22 AM
173311,Tree Trim,2020-06-27 12:00 PM,Tree Trim Inspection,TREEMAINTENANCE,"PATINO, ARNULFO",S POST OAK RD & TIDEWATER DR,"7, ZONE",571L,77085,CLOSED,2020-06-27,12:00 PM
173315,Tree Stump Grinding,2020-06-28 05:22 AM,Tree Stump Inspection,TREEMAINTENANCE,"UF - POLOVTSEV, SERA",11915  AGGIE ,"4, ZONE",413T,5362d,CLOSED,2020-06-28,05:22 AM
173316,Tree Trim,2020-06-28 08:17 AM,Tree Trim Inspection,TREEMAINTENANCE,"PATINO, ARNULFO",8721 BOB WHITE DR,"7, ZONE",530R,77074,CLOSED,2020-06-28,08:17 AM
173317,Tree Removal,2020-06-28 05:28 PM,Tree Removal Inspection,TREEMAINTENANCE,"UF - POLOVTSEV, SERA",910  MCLEARY ,"5, ZONE",494F,5458d,CLOSED,2020-06-28,05:28 PM
173321,Tree Trim,2020-06-28 08:52 PM,Tree Trim Inspection,TREEMAINTENANCE,"UF - JONES, CODY",1234  RUTLAND ,"3, ZONE",452Z,5358a,CLOSED,2020-06-28,08:52 PM
173328,Tree Trim,2020-06-29 10:00 AM,Tree Trim Inspection,TREEMAINTENANCE,"UF - JONES, CODY", 4800 ELLA BLVD&1200 MARTIN ST,"3, ZONE",452F,5260a,CLOSED,2020-06-29,10:00 AM
173329,Tree Removal,2020-06-29 10:11 AM,Tree Removal Inspection,TREEMAINTENANCE,"UF - JONES, CODY",935  OAK ,"3, ZONE",452G,5260b,CLOSED,2020-06-29,10:11 AM
173330,Tree Trim,2020-06-29 10:49 AM,Tree Trim Inspection,TREEMAINTENANCE,"PATINO, ARNULFO",6105 W OREM DR,"7, ZONE",571K,77085,CLOSED,2020-06-29,10:49 AM
173332,Tree Trim,2020-06-29 11:59 AM,Tree Trim Inspection,TREEMAINTENANCE,"UF - POLOVTSEV, SERA",911  PEACH SPRING ,"3, ZONE",412L,5263d,CLOSED,2020-06-29,11:59 AM
173333,Tree Trim,2020-06-29 12:05 PM,Tree Trim Inspection,TREEMAINTENANCE,"PATINO, ARNULFO",15926 RIDGEROE,"7, ZONE",611D,77053,CLOSED,2020-06-29,12:05 PM
173334,Tree Removal,2020-06-29 12:23 PM,Tree Removal Inspection,TREEMAINTENANCE,"UF - POLOVTSEV, SERA",5001  MONTROSE ,"7, ZONE",493W,5356c,CLOSED,2020-06-29,12:23 PM
173335,Tree Trim,2020-06-29 12:43 PM,Tree Trim Inspection,TREEMAINTENANCE,"BLANCHETTE, PETER",3208  TAMPA ,"6, ZONE",533F,5355d,CLOSED,2020-06-29,12:43 PM
173336,Tree Trim,2020-06-29 01:00 PM,Tree Trim Inspection,TREEMAINTENANCE,"UF - POLOVTSEV, SERA",2011  JOHNSON ,"2, ZONE",493F,5358d,CLOSED,2020-06-29,01:00 PM
173337,Tree Trim,2020-06-29 01:00 PM,Tree Trim Inspection,TREEMAINTENANCE,"UF - POLOVTSEV, SERA",2913  FONTINOT ,"4, ZONE",494C,5558a,CLOSED,2020-06-29,01:00 PM
173338,Tree Trim,2020-06-29 01:03 PM,Tree Trim Inspection,TREEMAINTENANCE,"UF - JONES, CODY",1701  YORKTOWN ,"2, ZONE",491Q,5157d,CLOSED,2020-06-29,01:03 PM
173339,Tree Removal,2020-06-29 01:09 PM,Tree Removal Inspection,TREEMAINTENANCE,"BLANCHETTE, PETER",9434  FUQUA ,"6, ZONE",575V,5751c,CLOSED,2020-06-29,01:09 PM
173340,Tree Removal,2020-06-29 01:40 PM,Tree Removal Inspection,TREEMAINTENANCE,"UF - JONES, CODY",6123  BRIAR ROSE ,"2, ZONE",491N,5156a,CLOSED,2020-06-29,01:40 PM
173341,Tree Removal,2020-06-29 01:59 PM,Tree Removal Inspection,TREEMAINTENANCE,"UF - JONES, CODY",310  FENN ,"3, ZONE",452M,5360a,CLOSED,2020-06-29,01:59 PM
173342,Tree Trim,2020-06-29 04:06 PM,Tree Trim Inspection,TREEMAINTENANCE,"BLANCHETTE, PETER",6116  BEEKMAN ,"6, ZONE",534P,5454b,CLOSED,2020-06-29,04:06 PM
173343,Tree Removal,2020-06-29 04:07 PM,Tree Removal Inspection,TREEMAINTENANCE,"UF - POLOVTSEV, SERA",308  LAKE HARBOR ,"4, ZONE",338V,6068c,CLOSED,2020-06-29,04:07 PM
173344,Tree Trim,2020-06-29 05:31 PM,Tree Trim Inspection,TREEMAINTENANCE,"UF - POLOVTSEV, SERA", 9632 HILLIS ST&8500 LOCKSLEY RD,"4, ZONE",455C,5661a,CLOSED,2020-06-29,05:31 PM
173345,Tree Trim,2020-06-29 06:39 PM,Tree Trim Inspection,TREEMAINTENANCE,"PATINO, ARNULFO",3722 BROOKFIELD DR,"7, ZONE",572N,77045,CLOSED,2020-06-29,06:39 PM
173347,Tree Trim,2020-06-30 07:32 AM,Tree Trim Inspection,TREEMAINTENANCE,"UF - POLOVTSEV, SERA",2111  NELL ,"5, ZONE",576B,5753c,CLOSED,2020-06-30,07:32 AM
173350,Tree Trim,2020-06-30 08:07 AM,Tree Trim Inspection,TREEMAINTENANCE,"UF - POLOVTSEV, SERA",4809  MAIN ,"7, ZONE",493W,5356d,CLOSED,2020-06-30,08:07 AM
173352,Tree Removal,2020-06-30 08:30 AM,Tree Removal Inspection,TREEMAINTENANCE,"PATINO, ARNULFO",11700 CHAPELLE CT,"2, ZONE",489J,77077,CLOSED,2020-06-30,08:30 AM
173354,Tree Removal,2020-06-30 08:54 AM,Tree Removal Inspection,TREEMAINTENANCE,"PATINO, ARNULFO",4315 CHILDRESS ST,"7, ZONE",492W,77005,CLOSED,2020-06-30,08:54 AM
173356,Tree Trim,2020-06-30 09:35 AM,Tree Trim Inspection,TREEMAINTENANCE,"PATINO, ARNULFO",6800 LA SALETTE ST,"6, ZONE",533L,77021,CLOSED,2020-06-30,09:35 AM
173357,Tree Trim,2020-06-30 09:36 AM,Tree Trim Inspection,TREEMAINTENANCE,"PATINO, ARNULFO",9510 S GESSNER RD,"7, ZONE",530T,77074,CLOSED,2020-06-30,09:36 AM
173358,Tree Trim,2020-06-30 09:55 AM,Tree Trim Inspection,TREEMAINTENANCE,"UF - JONES, CODY",1145  HARVARD ,"3, ZONE",453W,5358a,CLOSED,2020-06-30,09:55 AM
173359,Tree Trim,2020-06-30 10:03 AM,Tree Trim Inspection,TREEMAINTENANCE,"UF - JONES, CODY",911  PEACH SPRING ,"3, ZONE",412L,5263d,CLOSED,2020-06-30,10:03 AM
173360,Tree Trim,2020-06-30 10:05 AM,Tree Trim Inspection,TREEMAINTENANCE,"UF - POLOVTSEV, SERA",2417  TURNER ,"4, ZONE",454A,5461a,CLOSED,2020-06-30,10:05 AM
173361,Tree Removal,2020-06-30 10:10 AM,Tree Removal Inspection,TREEMAINTENANCE,"PATINO, ARNULFO",12014 FAIRMEADOW DR,"7, ZONE",570C,77071,CLOSED,2020-06-30,10:10 AM
173362,Tree Removal,2020-06-30 10:38 AM,Tree Removal Inspection,TREEMAINTENANCE,"UF - POLOVTSEV, SERA",8934  COMPTON ,"4, ZONE",454H,5561c,CLOSED,2020-06-30,10:38 AM
173363,Tree Removal,2020-06-30 11:00 AM,Tree Removal Inspection,TREEMAINTENANCE,"UF - JONES, CODY",9402  KERRWOOD ,"3, ZONE",450Q,5059a,CLOSED,2020-06-30,11:00 AM
173364,Tree Trim,2020-06-30 11:13 AM,Tree Trim Inspection,TREEMAINTENANCE,"PATINO, ARNULFO",1617 JOHNSON ST,"2, ZONE",493F,77007,CLOSED,2020-06-30,11:13 AM
173365,Tree Trim,2020-06-30 11:52 AM,Tree Trim Inspection,TREEMAINTENANCE,"UF - POLOVTSEV, SERA",5211  KNIGHTWOOD ,"4, ZONE",414U,5562c,CLOSED,2020-06-30,11:52 AM
173366,Tree Trim,2020-06-30 12:06 PM,Tree Trim Inspection,TREEMAINTENANCE,"UF - POLOVTSEV, SERA",3505  REID ,"4, ZONE",454N,5459b,CLOSED,2020-06-30,12:06 PM
173367,Tree Trim,2020-06-30 12:24 PM,Tree Trim Inspection,TREEMAINTENANCE,"PATINO, ARNULFO",13607 BROKEN BRIDGE DR,"7, ZONE",571J,77085,CLOSED,2020-06-30,12:24 PM
173368,Tree Removal,2020-06-30 12:51 PM,Tree Removal Inspection,TREEMAINTENANCE,"PATINO, ARNULFO",2803 BUFFALO SPEEDWAY,"2, ZONE",492T,77098,CLOSED,2020-06-30,12:51 PM
173369,Tree Removal,2020-06-30 01:27 PM,Tree Removal Inspection,TREEMAINTENANCE,"UF - JONES, CODY",1723  REDWING BLUFF ,"3, ZONE",453T,5359d,CLOSED,2020-06-30,01:27 PM
173370,Tree Removal,2020-06-30 01:30 PM,Tree Removal Inspection,TREEMAINTENANCE,"UF - JONES, CODY",4417 W 43RD ,"3, ZONE",451M,5160b,CLOSED,2020-06-30,01:30 PM
173371,Tree Trim,2020-06-30 01:40 PM,Tree Trim Inspection,TREEMAINTENANCE,"UF - JONES, CODY", 1814 ELLA BLVD&1900 W T C JESTER BLVD,"3, ZONE",452T,5259c,CLOSED,2020-06-30,01:40 PM
173372,Tree Trim,2020-06-30 03:02 PM,Tree Trim Inspection,TREEMAINTENANCE,"PATINO, ARNULFO",1619 HAROLD ST,"2, ZONE",492V,77006,CLOSED,2020-06-30,03:02 PM
173373,Tree Trim,2020-06-30 03:09 PM,Tree Trim Inspection,TREEMAINTENANCE,"UF - JONES, CODY",5510  CARINO ,"3, ZONE",451D,5161d,CLOSED,2020-06-30,03:09 PM
173374,Tree Trim,2020-06-30 03:36 PM,Tree Trim Inspection,TREEMAINTENANCE,"PATINO, ARNULFO",BEAUREGARD DR & PLANTATION RD,"2, ZONE",490J,77024,CLOSED,2020-06-30,03:36 PM
173375,Tree Trim,2020-06-30 03:38 PM,Tree Trim Inspection,TREEMAINTENANCE,"PATINO, ARNULFO",11618 PINE KNOLL DR,"2, ZONE",529T,77099,CLOSED,2020-06-30,03:38 PM
173376,Tree Removal,2020-06-30 03:45 PM,Tree Removal Inspection,TREEMAINTENANCE,"UF - JONES, CODY",7218  LOG VIEW ,"3, ZONE",411J,5062b,CLOSED,2020-06-30,03:45 PM
173377,Tree Trim,2020-06-30 04:12 PM,Tree Trim Inspection,TREEMAINTENANCE,"UF - POLOVTSEV, SERA",11209  SAGINAW ,"4, ZONE",413X,5362d,CLOSED,2020-06-30,04:12 PM
173378,Tree Trim,2020-06-30 05:21 PM,Tree Trim Inspection,TREEMAINTENANCE,"UF - POLOVTSEV, SERA", 3100 BAER ST&700 SYDNOR ST,"5, ZONE",494J,5457b,CLOSED,2020-06-30,05:21 PM
173379,Tree Trim,2020-06-30 06:04 PM,Tree Trim Inspection,TREEMAINTENANCE,"UF - POLOVTSEV, SERA", 1900 COLLIER ST&5300 LAWNDALE ST,"5, ZONE",494X,5556c,CLOSED,2020-06-30,06:04 PM
173380,Tree Trim,2020-06-30 07:00 PM,Tree Trim Inspection,TREEMAINTENANCE,"UF - POLOVTSEV, SERA",7203  FINCH ,"4, ZONE",454M,5560b,CLOSED,2020-06-30,07:00 PM
173381,Tree Removal,2020-06-30 08:37 PM,Tree Removal Inspection,TREEMAINTENANCE,"UF - POLOVTSEV, SERA",5734  MEADOW CREEK ,"5, ZONE",536T,5754c,CLOSED,2020-06-30,08:37 PM
173382,Tree Trim,2020-06-30 09:33 PM,Tree Trim Inspection,TREEMAINTENANCE,"BLANCHETTE, PETER", 1900 COLLIER ST&5300 LAWNDALE ST,"5, ZONE",494X,5556c,CLOSED,2020-06-30,09:33 PM
173383,Tree Removal,2020-07-01 05:26 AM,Tree Removal Inspection,TREEMAINTENANCE,"PATINO, ARNULFO",5600 COURT,"7, ZONE",611B,77053,CLOSED,2020-07-01,05:26 AM
173385,Tree Trim,2020-07-01 09:27 AM,Tree Trim Inspection,TREEMAINTENANCE,"BLANCHETTE, PETER", 1900 COLLIER ST&5300 LAWNDALE ST,"5, ZONE",494X,5556c,CLOSED,2020-07-01,09:27 AM
173388,Tree Trim,2020-07-01 10:13 AM,Tree Trim Inspection,TREEMAINTENANCE,"PATINO, ARNULFO",8518 RIPTIDE DR,"2, ZONE",529N,77072,CLOSED,2020-07-01,10:13 AM
173389,Tree Trim,2020-07-01 10:18 AM,Tree Trim Inspection,TREEMAINTENANCE,"UF - JONES, CODY",2925  SADLER ,"4, ZONE",454E,5460b,CLOSED,2020-07-01,10:18 AM
173390,Tree Trim,2020-07-01 10:24 AM,Tree Trim Inspection,TREEMAINTENANCE,"UF - POLOVTSEV, SERA", 6700 DILLON ST&7300 STATION DR,"6, ZONE",574G,5552a,CLOSED,2020-07-01,10:24 AM
173391,Tree Removal,2020-07-01 10:28 AM,Tree Removal Inspection,TREEMAINTENANCE,"UF - POLOVTSEV, SERA", 4626 ALEDO ST&8500 AMADWE ST,"6, ZONE",533Z,5453a,CLOSED,2020-07-01,10:28 AM
173392,Tree Trim,2020-07-01 10:37 AM,Tree Trim Inspection,TREEMAINTENANCE,"UF - POLOVTSEV, SERA", 4626 ALEDO ST&8500 AMADWE ST,"6, ZONE",533Z,5453a,CLOSED,2020-07-01,10:37 AM
173393,Tree Trim,2020-07-01 10:42 AM,Tree Trim Inspection,TREEMAINTENANCE,"UF - POLOVTSEV, SERA",10214  TORRINGTON ,"6, ZONE",576P,5751a,CLOSED,2020-07-01,10:42 AM
173394,Tree Trim,2020-07-01 10:47 AM,Tree Trim Inspection,TREEMAINTENANCE,"UF - POLOVTSEV, SERA", 7000 DILLON ST&7200 KOPMAN DR,"6, ZONE",574D,5553d,CLOSED,2020-07-01,10:47 AM
173395,Tree Removal,2020-07-01 10:56 AM,Tree Removal Inspection,TREEMAINTENANCE,"UF - JONES, CODY",2026  SHADOW BEND ,"3, ZONE",449V,4959c,CLOSED,2020-07-01,10:56 AM
173396,Tree Trim,2020-07-01 11:18 AM,Tree Trim Inspection,TREEMAINTENANCE,"UF - POLOVTSEV, SERA", 6900 ASHBURN ST&6956 SANTA FE DR,"6, ZONE",574D,5553d,CLOSED,2020-07-01,11:18 AM
173398,Tree Trim,2020-07-01 12:14 PM,Tree Trim Inspection,TREEMAINTENANCE,"UF - POLOVTSEV, SERA",8111  MEADVILLE ,"6, ZONE",575C,5653a,CLOSED,2020-07-01,12:14 PM
173399,Tree Removal,2020-07-01 12:19 PM,Tree Removal Inspection,TREEMAINTENANCE,"UF - POLOVTSEV, SERA",11510  MURR ,"6, ZONE",573M,5452d,CLOSED,2020-07-01,12:19 PM
173400,Tree Trim,2020-07-01 12:33 PM,Tree Trim Inspection,TREEMAINTENANCE,"UF - JONES, CODY",304  BURR ,"5, ZONE",494T,5556a,CLOSED,2020-07-01,12:33 PM
173401,Tree Removal,2020-07-01 12:35 PM,Tree Removal Inspection,TREEMAINTENANCE,"UF - POLOVTSEV, SERA",11409  DUMAS ,"5, ZONE",576Q,5752d,CLOSED,2020-07-01,12:35 PM
173402,Tree Trim,2020-07-01 12:36 PM,Tree Trim Inspection,TREEMAINTENANCE,"PATINO, ARNULFO",600 POST OAK BLVD,"2, ZONE",491R,77027,CLOSED,2020-07-01,12:36 PM
173403,Tree Trim,2020-07-01 12:45 PM,Tree Trim Inspection,TREEMAINTENANCE,"UF - JONES, CODY",13229  ROCKGLEN ,"4, ZONE",497E,5858c,CLOSED,2020-07-01,12:45 PM
173404,Tree Removal,2020-07-01 12:48 PM,Tree Removal Inspection,TREEMAINTENANCE,"PATINO, ARNULFO",8610 HEATHERVIEW DR,"2, ZONE",529Q,77099,CLOSED,2020-07-01,12:48 PM
173405,Tree Removal,2020-07-01 01:18 PM,Tree Removal Inspection,TREEMAINTENANCE,"PATINO, ARNULFO",11921 6TH ST,"2, ZONE",529A,77072,CLOSED,2020-07-01,01:18 PM
173406,Tree Trim,2020-07-01 01:52 PM,Tree Trim Inspection,TREEMAINTENANCE,"PATINO, ARNULFO",12510 ASHLING DR,"2, ZONE",529W,77477,CLOSED,2020-07-01,01:52 PM
173407,Tree Trim,2020-07-01 02:17 PM,Tree Trim Inspection,TREEMAINTENANCE,"UF - JONES, CODY",811  LOVETT ,"2, ZONE",493S,5356b,CLOSED,2020-07-01,02:17 PM
173408,Tree Removal,2020-07-01 02:33 PM,Tree Removal Inspection,TREEMAINTENANCE,"PATINO, ARNULFO",8610 WATEKA DR,"7, ZONE",530P,77074,CLOSED,2020-07-01,02:33 PM
173409,Tree Trim,2020-07-01 02:36 PM,Tree Trim Inspection,TREEMAINTENANCE,"UF - JONES, CODY", 10500 BUCKNELL RD&5700 LANGLEY RD,"4, ZONE",414Z,5562c,CLOSED,2020-07-01,02:36 PM
173410,Tree Removal,2020-07-01 03:27 PM,Tree Removal Inspection,TREEMAINTENANCE,"UF - POLOVTSEV, SERA",11915  AGGIE ,"4, ZONE",413T,5362d,CLOSED,2020-07-01,03:27 PM
173411,Tree Trim,2020-07-01 03:37 PM,Tree Trim Inspection,TREEMAINTENANCE,"PATINO, ARNULFO",2902 ELLA LEE LN,"2, ZONE",492Q,77019,CLOSED,2020-07-01,03:37 PM
173412,Tree Removal,2020-07-01 04:02 PM,Tree Removal Inspection,TREEMAINTENANCE,"BLANCHETTE, PETER", 1900 COLLIER ST&5300 LAWNDALE ST,"5, ZONE",494X,5556c,CLOSED,2020-07-01,04:02 PM
173413,Tree Trim,2020-07-01 04:31 PM,Tree Trim Inspection,TREEMAINTENANCE,"PATINO, ARNULFO",12414 HUNTINGTON VENTURE DR,"2, ZONE",528Z,77099,CLOSED,2020-07-01,04:31 PM
173415,Tree Removal,2020-07-01 04:59 PM,Tree Removal Inspection,TREEMAINTENANCE,"UF - JONES, CODY", 0 NORTH FWY&1200 WRIGHTWOOD ST,"3, ZONE",493C,5358d,CLOSED,2020-07-01,04:59 PM
173417,Tree Removal,2020-07-01 05:58 PM,Tree Removal Inspection,TREEMAINTENANCE,"PATINO, ARNULFO",2929 BUFFALO SPEEDWAY,"2, ZONE",492T,77098,CLOSED,2020-07-01,05:58 PM
173418,Tree Trim,2020-07-01 07:18 PM,Tree Trim Inspection,TREEMAINTENANCE,"UF - JONES, CODY", 3700 COLVIN ST&11700 WALLISVILLE RD,"4, ZONE",456X,5759c,CLOSED,2020-07-01,07:18 PM
173419,Tree Trim,2020-07-01 08:06 PM,Tree Trim Inspection,TREEMAINTENANCE,"UF - JONES, CODY",1318  PAUL QUINN ,"3, ZONE",452B,5261c,CLOSED,2020-07-01,08:06 PM
173420,Tree Trim,2020-07-01 09:34 PM,Tree Trim Inspection,TREEMAINTENANCE,"UF - POLOVTSEV, SERA",942  FESTIVAL ,"5, ZONE",618K,5949b,CLOSED,2020-07-01,09:34 PM
173421,Tree Trim,2020-07-02 03:35 AM,Tree Trim Inspection,TREEMAINTENANCE,"UF - JONES, CODY", 8180 RAVENWOOD CIR&1952 SPENWICK DR,"3, ZONE",451S,5159c,CLOSED,2020-07-02,03:35 AM
173425,Tree Trim,2020-07-02 06:27 AM,Tree Trim Inspection,TREEMAINTENANCE,"UF - POLOVTSEV, SERA",12117  ALMEDA GENOA ,"5, ZONE",576Q,5751b,CLOSED,2020-07-02,06:27 AM
173430,Tree Removal,2020-07-02 08:50 AM,Tree Removal Inspection,TREEMAINTENANCE,"PATINO, ARNULFO",3103 VIRGINIA ST,"2, ZONE",492U,77098,CLOSED,2020-07-02,08:50 AM
173431,Tree Removal,2020-07-02 08:51 AM,Tree Removal Inspection,TREEMAINTENANCE,"UF - POLOVTSEV, SERA", 1900 COLLIER ST&5300 LAWNDALE ST,"5, ZONE",494X,5556c,CLOSED,2020-07-02,08:51 AM
173432,Tree Trim,2020-07-02 09:08 AM,Tree Trim Inspection,TREEMAINTENANCE,"UF - JONES, CODY",9779  WESTVIEW ,"3, ZONE",450X,4958b,CLOSED,2020-07-02,09:08 AM
173433,Tree Trim,2020-07-02 09:29 AM,Tree Trim Inspection,TREEMAINTENANCE,"UF - POLOVTSEV, SERA",7029  AVENUE E ,"5, ZONE",494V,5556b,CLOSED,2020-07-02,09:29 AM
173434,Tree Trim,2020-07-02 10:23 AM,Tree Trim Inspection,TREEMAINTENANCE,"PATINO, ARNULFO",10603 HILLCROFT ST,"7, ZONE",531W,77096,CLOSED,2020-07-02,10:23 AM
173435,Tree Trim,2020-07-02 11:03 AM,Tree Trim Inspection,TREEMAINTENANCE,"PATINO, ARNULFO",6103 S BRAESWOOD BLVD,"7, ZONE",530V,77096,CLOSED,2020-07-02,11:03 AM
173436,Tree Trim,2020-07-02 11:19 AM,Tree Trim Inspection,TREEMAINTENANCE,"UF - POLOVTSEV, SERA",3737  SYNOTT ,"2, ZONE",528C,4855a,CLOSED,2020-07-02,11:19 AM
173437,Tree Trim,2020-07-02 12:01 PM,Tree Trim Inspection,TREEMAINTENANCE,"UF - POLOVTSEV, SERA", 7200 FAUNA ST&7150 VILLA DR,"6, ZONE",574D,5553d,CLOSED,2020-07-02,12:01 PM
173438,Tree Trim,2020-07-02 12:19 PM,Tree Trim Inspection,TREEMAINTENANCE,"UF - JONES, CODY", 7300 GAINESVILLE ST&200 PORT ST,"4, ZONE",495A,5558b,CLOSED,2020-07-02,12:19 PM
173439,Tree Trim,2020-07-02 12:26 PM,Tree Trim Inspection,TREEMAINTENANCE,"PATINO, ARNULFO",COPPAGE ST & PICKENS ST,"2, ZONE",492F,77007,CLOSED,2020-07-02,12:26 PM
173440,Tree Trim,2020-07-02 12:38 PM,Tree Trim Inspection,TREEMAINTENANCE,"UF - JONES, CODY",9410  RAILTON ,"3, ZONE",450K,5060c,CLOSED,2020-07-02,12:38 PM
173441,Tree Trim,2020-07-02 12:49 PM,Tree Trim Inspection,TREEMAINTENANCE,"UF - POLOVTSEV, SERA",12703  SANDROCK ,"6, ZONE",574N,5451b,CLOSED,2020-07-02,12:49 PM
173449,Tree Trim,2020-07-02 02:10 PM,Tree Trim Inspection,TREEMAINTENANCE,"UF - POLOVTSEV, SERA",8437  GUINEVERE ,"5, ZONE",495K,5657a,CLOSED,2020-07-02,02:10 PM
173450,Tree Trim,2020-07-02 02:34 PM,Tree Trim Inspection,TREEMAINTENANCE,"PATINO, ARNULFO",14523 QUENTION DR,"7, ZONE",572N,77045,CLOSED,2020-07-02,02:34 PM
173451,Tree Trim,2020-07-02 02:37 PM,Tree Trim Inspection,TREEMAINTENANCE,"PATINO, ARNULFO",11419 ATWELL DR,"7, ZONE",571B,77035,CLOSED,2020-07-02,02:37 PM
173453,Tree Removal,2020-07-02 02:42 PM,Tree Removal Inspection,TREEMAINTENANCE,"PATINO, ARNULFO",7979 WESTHEIMER RD,"2, ZONE",490V,77063,CLOSED,2020-07-02,02:42 PM
173454,Tree Removal,2020-07-02 02:53 PM,Tree Removal Inspection,TREEMAINTENANCE,"PATINO, ARNULFO",9211 BONHOMME RD,"7, ZONE",530U,77074,CLOSED,2020-07-02,02:53 PM
173455,Tree Removal,2020-07-02 03:03 PM,Tree Removal Inspection,TREEMAINTENANCE,"UF - JONES, CODY",4934  BROOM ,"3, ZONE",451G,5160b,CLOSED,2020-07-02,03:03 PM
173456,Tree Trim,2020-07-02 03:28 PM,Tree Trim Inspection,TREEMAINTENANCE,"UF - JONES, CODY",7115  YELLOW PINE ,"3, ZONE",411J,5062b,CLOSED,2020-07-02,03:28 PM
173457,Tree Trim,2020-07-02 03:59 PM,Tree Trim Inspection,TREEMAINTENANCE,"PATINO, ARNULFO",15626 FALL BRIAR DR,"7, ZONE",571X,77489,CLOSED,2020-07-02,03:59 PM
173458,Tree Trim,2020-07-02 04:02 PM,Tree Trim Inspection,TREEMAINTENANCE,"UF - POLOVTSEV, SERA",3120  ISABELLA ,"6, ZONE",533C,5456c,CLOSED,2020-07-02,04:02 PM
173459,Tree Trim,2020-07-02 04:18 PM,Tree Trim Inspection,TREEMAINTENANCE,"UF - POLOVTSEV, SERA",5414 S ACRES ,"6, ZONE",574E,5452b,CLOSED,2020-07-02,04:18 PM
173460,Tree Trim,2020-07-02 04:18 PM,Tree Trim Inspection,TREEMAINTENANCE,"UF - POLOVTSEV, SERA",12830  CLAYGATE ,"6, ZONE",573Q,5451a,CLOSED,2020-07-02,04:18 PM
173461,Tree Removal,2020-07-02 06:00 PM,Tree Removal Inspection,TREEMAINTENANCE,"PATINO, ARNULFO",5366 FAIRDALE LN,"2, ZONE",491Y,77056,CLOSED,2020-07-02,06:00 PM
173462,Tree Removal,2020-07-03 08:55 AM,Tree Removal Inspection,TREEMAINTENANCE,"UF - POLOVTSEV, SERA", 2800 GOLDEN LEAF DR&2800 SILVER FALLS DR,"4, ZONE",297S,5770b,CLOSED,2020-07-03,08:55 AM
173463,Tree Trim,2020-07-03 10:09 AM,Tree Trim Inspection,TREEMAINTENANCE,"UF - POLOVTSEV, SERA",4113  MALLOW ,"6, ZONE",533Y,5453c,CLOSED,2020-07-03,10:09 AM
173464,Tree Trim,2020-07-03 10:35 AM,Tree Trim Inspection,TREEMAINTENANCE,"UF - JONES, CODY",1112 E 16TH ,"3, ZONE",453W,5359d,CLOSED,2020-07-03,10:35 AM
173465,Tree Trim,2020-07-03 10:59 AM,Tree Trim Inspection,TREEMAINTENANCE,"UF - POLOVTSEV, SERA",4106  BRISBANE ,"6, ZONE",573L,5452c,CLOSED,2020-07-03,10:59 AM
173466,Tree Trim,2020-07-03 01:16 PM,Tree Trim Inspection,TREEMAINTENANCE,"PATINO, ARNULFO",11915 MANORGATE DR,"7, ZONE",570A,77031,CLOSED,2020-07-03,01:16 PM
173467,Tree Trim,2020-07-03 01:55 PM,Tree Trim Inspection,TREEMAINTENANCE,"PATINO, ARNULFO",4910 YARWELL DR,"7, ZONE",531U,77096,CLOSED,2020-07-03,01:55 PM
173468,Tree Removal,2020-07-03 03:05 PM,Tree Removal Inspection,TREEMAINTENANCE,"PATINO, ARNULFO",9534 BEVERLYHILL ST,"2, ZONE",490X,77063,CLOSED,2020-07-03,03:05 PM
173469,Tree Removal,2020-07-03 03:38 PM,Tree Removal Inspection,TREEMAINTENANCE,"PATINO, ARNULFO",9538 BEVERLYHILL ST,"2, ZONE",490X,77063,CLOSED,2020-07-03,03:38 PM
173470,Tree Removal,2020-07-03 03:56 PM,Tree Removal Inspection,TREEMAINTENANCE,"PATINO, ARNULFO",5607  CARTAGENA HOUSTON TX ,"7, ZONE",571A,5152a,CLOSED,2020-07-03,03:56 PM
173471,Tree Removal,2020-07-03 05:20 PM,Tree Removal Inspection,TREEMAINTENANCE,"PATINO, ARNULFO",13411 BRIAR FOREST DR,"2, ZONE",488K,77077,CLOSED,2020-07-03,05:20 PM
173472,Tree Trim,2020-07-03 06:50 PM,Tree Trim Inspection,TREEMAINTENANCE,"PATINO, ARNULFO",2730 E GLEN HAVEN BLVD,"7, ZONE",532L,77025,CLOSED,2020-07-03,06:50 PM
173473,Tree Removal,2020-07-03 08:06 PM,Tree Removal Inspection,TREEMAINTENANCE,"UF - POLOVTSEV, SERA",8801  TEWANTIN ,"6, ZONE",575E,5552b,CLOSED,2020-07-03,08:06 PM
173474,Tree Removal,2020-07-05 09:22 AM,Tree Removal Inspection,TREEMAINTENANCE,"UF - JONES, CODY", 200 BYRNE ST&2900 MORRISON ST,"3, ZONE",493C,5358b,CLOSED,2020-07-05,09:22 AM
173475,Tree Trim,2020-07-05 09:56 AM,Tree Trim Inspection,TREEMAINTENANCE,"UF - JONES, CODY",1001  COLUMBIA ,"3, ZONE",493A,5358a,CLOSED,2020-07-05,09:56 AM
173476,Tree Removal,2020-07-05 03:29 PM,Tree Removal Inspection,TREEMAINTENANCE,"PATINO, ARNULFO",4903 HEATHERGLEN DR,"7, ZONE",531U,77096,CLOSED,2020-07-05,03:29 PM
173477,Tree Trim,2020-07-05 04:04 PM,Tree Trim Inspection,TREEMAINTENANCE,"UF - POLOVTSEV, SERA",510  LEICESTER ,"5, ZONE",617B,5850b,CLOSED,2020-07-05,04:04 PM
173478,Tree Trim,2020-07-06 12:49 AM,Tree Trim Inspection,TREEMAINTENANCE,"PATINO, ARNULFO",2 PINEWOLD CT,"2, ZONE",491L,77056,CLOSED,2020-07-06,12:49 AM
173479,Tree Removal,2020-07-06 01:57 AM,Tree Removal Inspection,TREEMAINTENANCE,"UF - JONES, CODY",705  TELEPHONE ,"5, ZONE",494X,5456b,CLOSED,2020-07-06,01:57 AM
173480,Tree Removal,2020-07-06 09:29 AM,Tree Removal Inspection,TREEMAINTENANCE,"UF - JONES, CODY",505  ARLINGTON ,"3, ZONE",493A,5358c,CLOSED,2020-07-06,09:29 AM
173481,Tree Removal,2020-07-06 09:32 AM,Tree Removal Inspection,TREEMAINTENANCE,"UF - JONES, CODY", 400 E 5TH ST&500 ARLINGTON ST,"3, ZONE",493A,5358c,CLOSED,2020-07-06,09:32 AM
173482,Tree Trim,2020-07-06 09:50 AM,Tree Trim Inspection,TREEMAINTENANCE,"PATINO, ARNULFO",1200 MILAM ST,"1, ZONE",493Q,77002,CLOSED,2020-07-06,09:50 AM
173483,Tree Removal,2020-07-06 10:07 AM,Tree Removal Inspection,TREEMAINTENANCE,"UF - JONES, CODY",5313 W 43RD ,"3, ZONE",451L,5160a,CLOSED,2020-07-06,10:07 AM
173484,Tree Removal,2020-07-06 10:21 AM,Tree Removal Inspection,TREEMAINTENANCE,"PATINO, ARNULFO",307 WELCH ST,"2, ZONE",493N,77006,CLOSED,2020-07-06,10:21 AM
173485,Tree Removal,2020-07-06 10:23 AM,Tree Removal Inspection,TREEMAINTENANCE,"UF - JONES, CODY",923  ROPER ,"5, ZONE",576E,5753c,CLOSED,2020-07-06,10:23 AM
173486,Tree Removal,2020-07-06 11:51 AM,Tree Removal Inspection,TREEMAINTENANCE,"UF - POLOVTSEV, SERA",10101  SHADY ,"4, ZONE",414W,5461b,CLOSED,2020-07-06,11:51 AM
173489,Tree Removal,2020-07-06 02:19 PM,Tree Removal Inspection,TREEMAINTENANCE,"PATINO, ARNULFO",3103 VIRGINIA ST,"2, ZONE",492U,77098,CLOSED,2020-07-06,02:19 PM
173491,Tree Trim,2020-07-06 02:30 PM,Tree Trim Inspection,TREEMAINTENANCE,"UF - JONES, CODY", 1200 S LOCKWOOD DR&4600 WOODSIDE ST,"5, ZONE",494T,5456b,CLOSED,2020-07-06,02:30 PM
173492,Tree Trim,2020-07-06 02:32 PM,Tree Trim Inspection,TREEMAINTENANCE,"UF - JONES, CODY",1132  BAYLAND ,"3, ZONE",493A,5358b,CLOSED,2020-07-06,02:32 PM
173493,Tree Removal,2020-07-06 02:56 PM,Tree Removal Inspection,TREEMAINTENANCE,"UF - JONES, CODY",4722 WARD ,"6, ZONE",533R,5454b,CLOSED,2020-07-06,02:56 PM
173494,Tree Removal,2020-07-06 03:02 PM,Tree Removal Inspection,TREEMAINTENANCE,"UF - POLOVTSEV, SERA",5215  KNIGHTWOOD ,"4, ZONE",414U,5562c,CLOSED,2020-07-06,03:02 PM
173495,Tree Trim,2020-07-06 03:21 PM,Tree Trim Inspection,TREEMAINTENANCE,"UF - JONES, CODY",3514  AREBA ,"3, ZONE",411Z,5161b,CLOSED,2020-07-06,03:21 PM
173499,Tree Trim,2020-07-06 06:03 PM,Tree Trim Inspection,TREEMAINTENANCE,"UF - JONES, CODY",1112 E 16TH ,"3, ZONE",453W,5359d,CLOSED,2020-07-06,06:03 PM
173500,Tree Trim,2020-07-07 12:38 AM,Tree Trim Inspection,TREEMAINTENANCE,"UF - POLOVTSEV, SERA",10800  MAPLE LEAF ,"4, ZONE",414V,5562c,CLOSED,2020-07-07,12:38 AM
173501,Tree Trim,2020-07-07 12:56 AM,Tree Trim Inspection,TREEMAINTENANCE,"PATINO, ARNULFO",5601 FLACK DR,"7, ZONE",531J,77081,CLOSED,2020-07-07,12:56 AM
173502,Tree Trim,2020-07-07 12:59 AM,Tree Trim Inspection,TREEMAINTENANCE,"PATINO, ARNULFO",5600 HOLLY ST,"7, ZONE",531J,77081,CLOSED,2020-07-07,12:59 AM
173503,Tree Trim,2020-07-07 01:02 AM,Tree Trim Inspection,TREEMAINTENANCE,"UF - POLOVTSEV, SERA",9107  BELLAIRE ,"2, ZONE",530E,4955d,CLOSED,2020-07-07,01:02 AM
173504,Tree Trim,2020-07-07 01:04 AM,Tree Trim Inspection,TREEMAINTENANCE,"UF - POLOVTSEV, SERA",9219  BELLAIRE ,"2, ZONE",530E,4955d,CLOSED,2020-07-07,01:04 AM
173505,Tree Trim,2020-07-07 01:06 AM,Tree Trim Inspection,TREEMAINTENANCE,"UF - POLOVTSEV, SERA",9315  BELLAIRE ,"2, ZONE",529H,4955d,CLOSED,2020-07-07,01:06 AM
173506,Tree Trim,2020-07-07 02:41 AM,Tree Trim Inspection,TREEMAINTENANCE,"PATINO, ARNULFO", 1200 MILAM ST&800 POLK ST,"1, ZONE",493Q,5457c,CLOSED,2020-07-07,02:41 AM
173507,Tree Trim,2020-07-07 03:55 AM,Tree Trim Inspection,TREEMAINTENANCE,"UF - JONES, CODY",6654  PARK ,"5, ZONE",534C,5556c,CLOSED,2020-07-07,03:55 AM
173508,Tree Trim,2020-07-07 06:29 AM,Tree Trim Inspection,TREEMAINTENANCE,"UF - POLOVTSEV, SERA", 5800 FANNIN ST&1100 HERMANN DR,"7, ZONE",533A,5356d,CLOSED,2020-07-07,06:29 AM
173509,Tree Trim,2020-07-07 07:35 AM,Tree Trim Inspection,TREEMAINTENANCE,"UF - POLOVTSEV, SERA",8322  NORTHERN ,"7, ZONE",530X,5053c,CLOSED,2020-07-07,07:35 AM
173510,Tree Trim,2020-07-07 07:41 AM,Tree Trim Inspection,TREEMAINTENANCE,"PATINO, ARNULFO",4606 WAYNESBORO DR,"7, ZONE",531V,77035,CLOSED,2020-07-07,07:41 AM
173511,Tree Trim,2020-07-07 08:23 AM,Tree Trim Inspection,TREEMAINTENANCE,"UF - POLOVTSEV, SERA",1700  HERMANN ,"7, ZONE",533A,5355b,CLOSED,2020-07-07,08:23 AM
173515,Tree Trim,2020-07-07 10:18 AM,Tree Trim Inspection,TREEMAINTENANCE,"UF - POLOVTSEV, SERA",1901  PAUL QUINN ,"3, ZONE",452A,5261c,CLOSED,2020-07-07,10:18 AM
173516,Tree Removal,2020-07-07 10:19 AM,Tree Removal Inspection,TREEMAINTENANCE,"UF - POLOVTSEV, SERA",11101  GESSNER ,"7, ZONE",530X,5053c,CLOSED,2020-07-07,10:19 AM
173517,Tree Trim,2020-07-07 10:36 AM,Tree Trim Inspection,TREEMAINTENANCE,"UF - JONES, CODY",1122  BAYLAND ,"3, ZONE",493A,5358b,CLOSED,2020-07-07,10:36 AM
173518,Tree Removal,2020-07-07 12:32 PM,Tree Removal Inspection,TREEMAINTENANCE,"UF - JONES, CODY",8121  GRANDVIEW ,"6, ZONE",533T,5353b,CLOSED,2020-07-07,12:32 PM
173519,Tree Trim,2020-07-07 12:34 PM,Tree Trim Inspection,TREEMAINTENANCE,"UF - POLOVTSEV, SERA",5620  SHREVEPORT ,"4, ZONE",454M,5560a,CLOSED,2020-07-07,12:34 PM
173520,Tree Trim,2020-07-07 12:44 PM,Tree Trim Inspection,TREEMAINTENANCE,"UF - JONES, CODY", 300 W POLK ST&1200 STANFORD ST,"2, ZONE",493N,5357d,CLOSED,2020-07-07,12:44 PM
173521,Tree Trim,2020-07-07 01:29 PM,Tree Trim Inspection,TREEMAINTENANCE,"UF - POLOVTSEV, SERA",11206 W BELLFORT ,"2, ZONE",529X,4953c,CLOSED,2020-07-07,01:29 PM
173522,Tree Trim,2020-07-07 01:45 PM,Tree Trim Inspection,TREEMAINTENANCE,"PATINO, ARNULFO",16338 BERETTA CT,"7, ZONE",610C,77489,CLOSED,2020-07-07,01:45 PM
173523,Tree Trim,2020-07-07 01:56 PM,Tree Trim Inspection,TREEMAINTENANCE,"UF - POLOVTSEV, SERA",2414  FULTON ,"4, ZONE",493D,5458a,CLOSED,2020-07-07,01:56 PM
173524,Tree Trim,2020-07-07 02:56 PM,Tree Trim Inspection,TREEMAINTENANCE,"UF - POLOVTSEV, SERA",8738 E RYLANDER ,"7, ZONE",570F,5052c,CLOSED,2020-07-07,02:56 PM
173525,Tree Trim,2020-07-07 02:58 PM,Tree Trim Inspection,TREEMAINTENANCE,"UF - JONES, CODY",3512  ST CHARLES ,"6, ZONE",493Y,5456c,CLOSED,2020-07-07,02:58 PM
173526,Tree Trim,2020-07-07 03:03 PM,Tree Trim Inspection,TREEMAINTENANCE,"UF - JONES, CODY",12115  PANAY ,"6, ZONE",573R,5452d,CLOSED,2020-07-07,03:03 PM
173527,Tree Trim,2020-07-07 03:07 PM,Tree Trim Inspection,TREEMAINTENANCE,"PATINO, ARNULFO",3757 DRUMMOND ST,"7, ZONE",532J,77025,CLOSED,2020-07-07,03:07 PM
173528,Tree Trim,2020-07-07 03:18 PM,Tree Trim Inspection,TREEMAINTENANCE,"UF - JONES, CODY",12429  KATHRYN ,"5, ZONE",496L,5758d,CLOSED,2020-07-07,03:18 PM
173529,Tree Removal,2020-07-07 03:35 PM,Tree Removal Inspection,TREEMAINTENANCE,"UF - POLOVTSEV, SERA",5906 YARWELL DR,"7, ZONE",531S,77096,CLOSED,2020-07-07,03:35 PM
173530,Tree Trim,2020-07-07 03:55 PM,Tree Trim Inspection,TREEMAINTENANCE,"PATINO, ARNULFO",5735 SPELLMAN RD,"7, ZONE",531W,77096,CLOSED,2020-07-07,03:55 PM
173531,Tree Trim,2020-07-07 04:42 PM,Tree Trim Inspection,TREEMAINTENANCE,"PATINO, ARNULFO",13722 WOODSPIRE DR,"7, ZONE",571J,77085,CLOSED,2020-07-07,04:42 PM
173532,Tree Trim,2020-07-07 05:34 PM,Tree Trim Inspection,TREEMAINTENANCE,"UF - POLOVTSEV, SERA",12600  GREENS BAYOU ,"4, ZONE",496G,5758d,CLOSED,2020-07-07,05:34 PM
173533,Tree Removal,2020-07-07 05:36 PM,Tree Removal Inspection,TREEMAINTENANCE,"UF - POLOVTSEV, SERA",12600  GREENS BAYOU ,"4, ZONE",496G,5758d,CLOSED,2020-07-07,05:36 PM
173534,Tree Trim,2020-07-07 07:00 PM,Tree Trim Inspection,TREEMAINTENANCE,"UF - POLOVTSEV, SERA",8818  BELLE GLEN ,"2, ZONE",529N,4854d,CLOSED,2020-07-07,07:00 PM
173537,Tree Removal,2020-07-08 08:34 AM,Tree Removal Inspection,TREEMAINTENANCE,"UF - POLOVTSEV, SERA",7502  PELLA ,"2, ZONE",530J,4954b,CLOSED,2020-07-08,08:34 AM
173538,Tree Trim,2020-07-08 08:52 AM,Tree Trim Inspection,TREEMAINTENANCE,"UF - JONES, CODY",1903  SHADOW BEND ,"3, ZONE",449V,4959c,CLOSED,2020-07-08,08:52 AM
173539,Tree Trim,2020-07-08 09:02 AM,Tree Trim Inspection,TREEMAINTENANCE,"UF - JONES, CODY",3202  MORRISON ,"3, ZONE",493C,5358b,CLOSED,2020-07-08,09:02 AM
173540,Tree Trim,2020-07-08 09:29 AM,Tree Trim Inspection,TREEMAINTENANCE,"UF - JONES, CODY",5354  FAIRDALE ,"2, ZONE",491Y,5156d,CLOSED,2020-07-08,09:29 AM
173541,Tree Trim,2020-07-08 09:34 AM,Tree Trim Inspection,TREEMAINTENANCE,"UF - JONES, CODY",7203  FINCH ,"4, ZONE",454M,5560b,CLOSED,2020-07-08,09:34 AM
173542,Tree Removal,2020-07-08 09:58 AM,Tree Removal Inspection,TREEMAINTENANCE,"UF - POLOVTSEV, SERA",12023  BISSONNET ,"2, ZONE",529S,4853b,CLOSED,2020-07-08,09:58 AM
173543,Tree Trim,2020-07-08 11:28 AM,Tree Trim Inspection,TREEMAINTENANCE,"BLANCHETTE, PETER",6720 S HAYWOOD ,"6, ZONE",535W,5553b,CLOSED,2020-07-08,11:28 AM
173544,Tree Trim,2020-07-08 11:33 AM,Tree Trim Inspection,TREEMAINTENANCE,"UF - POLOVTSEV, SERA",11318  HILLCROFT ,"7, ZONE",571A,5153c,CLOSED,2020-07-08,11:33 AM
173548,Tree Trim,2020-07-08 12:22 PM,Tree Trim Inspection,TREEMAINTENANCE,"UF - JONES, CODY", 3000 MAINFORD ST&300 NORTH ST,"4, ZONE",493C,5358b,CLOSED,2020-07-08,12:22 PM
173549,Tree Trim,2020-07-08 12:51 PM,Tree Trim Inspection,TREEMAINTENANCE,"UF - JONES, CODY",535 E 40TH ,"3, ZONE",453N,5360c,CLOSED,2020-07-08,12:51 PM
173550,Tree Trim,2020-07-08 12:53 PM,Tree Trim Inspection,TREEMAINTENANCE,"UF - POLOVTSEV, SERA", 5500 W OREM DR&13800 S POST OAK RD,"7, ZONE",571L,5151b,CLOSED,2020-07-08,12:53 PM
173553,Tree Removal,2020-07-08 01:43 PM,Tree Removal Inspection,TREEMAINTENANCE,"UF - POLOVTSEV, SERA",4058  GRENNOCH ,"7, ZONE",532J,5254a,CLOSED,2020-07-08,01:43 PM
173554,Tree Stump Grinding,2020-07-08 02:19 PM,Tree Stump Inspection,TREEMAINTENANCE,"UF - JONES, CODY",2103  RESTRIDGE ,"3, ZONE",451N,5059b,CLOSED,2020-07-08,02:19 PM
173556,Tree Removal,2020-07-08 05:36 PM,Tree Removal Inspection,TREEMAINTENANCE,"BLANCHETTE, PETER",8221  BROCKTON ,"5, ZONE",535K,5655c,CLOSED,2020-07-08,05:36 PM
173557,Tree Trim,2020-07-08 07:14 PM,Tree Trim Inspection,TREEMAINTENANCE,"UF - POLOVTSEV, SERA",10910  VILLA LEA ,"7, ZONE",530Y,5053c,CLOSED,2020-07-08,07:14 PM
173558,Tree Trim,2020-07-09 06:13 AM,Tree Trim Inspection,TREEMAINTENANCE,"UF - JONES, CODY", 3700 COLVIN ST&11700 WALLISVILLE RD,"4, ZONE",456X,5759c,CLOSED,2020-07-09,06:13 AM
173559,Tree Removal,2020-07-09 08:15 AM,Tree Removal Inspection,TREEMAINTENANCE,"UF - JONES, CODY",5353  WESTHEIMER ,"2, ZONE",491U,5156b,CLOSED,2020-07-09,08:15 AM
173560,Tree Removal,2020-07-09 09:04 AM,Tree Removal Inspection,TREEMAINTENANCE,"UF - POLOVTSEV, SERA",13834  BURGOYNE ,"2, ZONE",488S,4756b,CLOSED,2020-07-09,09:04 AM
173561,Tree Trim,2020-07-09 09:15 AM,Tree Trim Inspection,TREEMAINTENANCE,"UF - JONES, CODY",4202  EIGEL ,"2, ZONE",492H,5358c,CLOSED,2020-07-09,09:15 AM
173562,Tree Trim,2020-07-09 09:26 AM,Tree Trim Inspection,TREEMAINTENANCE,"BLANCHETTE, PETER", 1620 DUMBLE ST&4700 PEASE ST,"5, ZONE",494X,5456b,CLOSED,2020-07-09,09:26 AM
173563,Tree Trim,2020-07-09 10:14 AM,Tree Trim Inspection,TREEMAINTENANCE,"PATINO, ARNULFO",12303 LONGBROOK DR,"2, ZONE",528V,77099,CLOSED,2020-07-09,10:14 AM
173565,Tree Trim,2020-07-09 10:53 AM,Tree Trim Inspection,TREEMAINTENANCE,"PATINO, ARNULFO",220 E COWAN ,"2, ZONE",492K,5257b,CLOSED,2020-07-09,10:53 AM
173566,Tree Trim,2020-07-09 11:10 AM,Tree Trim Inspection,TREEMAINTENANCE,"BLANCHETTE, PETER",910  MARLEEN ,"5, ZONE",576A,5753c,CLOSED,2020-07-09,11:10 AM
173567,Tree Trim,2020-07-09 12:11 PM,Tree Trim Inspection,TREEMAINTENANCE,"PATINO, ARNULFO",7003 LACY HILL DR,"2, ZONE",530E,77036,CLOSED,2020-07-09,12:11 PM
173568,Tree Trim,2020-07-09 12:14 PM,Tree Trim Inspection,TREEMAINTENANCE,"UF - JONES, CODY",4018  GARDENDALE ,"3, ZONE",451R,5159b,CLOSED,2020-07-09,12:14 PM
173569,Tree Trim,2020-07-09 01:06 PM,Tree Trim Inspection,TREEMAINTENANCE,"BLANCHETTE, PETER",5242  CANTERWAY ,"6, ZONE",574J,5452d,CLOSED,2020-07-09,01:06 PM
173571,Tree Removal,2020-07-09 01:42 PM,Tree Removal Inspection,TREEMAINTENANCE,"UF - JONES, CODY",906  HIGHLAND ,"3, ZONE",493B,5358b,CLOSED,2020-07-09,01:42 PM
173574,Tree Trim,2020-07-09 02:09 PM,Tree Trim Inspection,TREEMAINTENANCE,"PATINO, ARNULFO",13722  WOODSPIRE ,"7, ZONE",571J,5151a,CLOSED,2020-07-09,02:09 PM
173575,Tree Trim,2020-07-09 02:49 PM,Tree Trim Inspection,TREEMAINTENANCE,"UF - JONES, CODY", 1300 FAIRBANKS ST&5600 GANO ST,"4, ZONE",453V,5459a,CLOSED,2020-07-09,02:49 PM
173576,Tree Trim,2020-07-09 03:03 PM,Tree Trim Inspection,TREEMAINTENANCE,"UF - JONES, CODY", 470 PINEWOLD DR&500 S POST OAK LN,"2, ZONE",491L,5157b,CLOSED,2020-07-09,03:03 PM
173577,Tree Trim,2020-07-09 03:06 PM,Tree Trim Inspection,TREEMAINTENANCE,"BLANCHETTE, PETER",9436  COFFEE ,"6, ZONE",573D,5453c,CLOSED,2020-07-09,03:06 PM
173578,Tree Trim,2020-07-09 03:21 PM,Tree Trim Inspection,TREEMAINTENANCE,"PATINO, ARNULFO",9022 S DAIRY ASHFORD RD,"2, ZONE",528R,77099,CLOSED,2020-07-09,03:21 PM
173582,Tree Trim,2020-07-09 03:25 PM,Tree Trim Inspection,TREEMAINTENANCE,"PATINO, ARNULFO",5800 W OREM DR,"7, ZONE",571K,77085,CLOSED,2020-07-09,03:25 PM
173583,Tree Trim,2020-07-09 03:34 PM,Tree Trim Inspection,TREEMAINTENANCE,"UF - JONES, CODY",717  PINEHAVEN ,"2, ZONE",491C,5158d,CLOSED,2020-07-09,03:34 PM
173584,Tree Trim,2020-07-09 03:35 PM,Tree Trim Inspection,TREEMAINTENANCE,"UF - JONES, CODY",2025  ELMEN ,"2, ZONE",492R,5357c,CLOSED,2020-07-09,03:35 PM
173586,Tree Trim,2020-07-09 04:04 PM,Tree Trim Inspection,TREEMAINTENANCE,"BLANCHETTE, PETER",4102  LAMAR ,"5, ZONE",494S,5456b,CLOSED,2020-07-09,04:04 PM
173587,Tree Removal,2020-07-09 04:30 PM,Tree Removal Inspection,TREEMAINTENANCE,"UF - JONES, CODY",3614  SARATOGA ,"3, ZONE",411V,5162d,CLOSED,2020-07-09,04:30 PM
173591,Tree Trim,2020-07-09 06:01 PM,Tree Trim Inspection,TREEMAINTENANCE,"PATINO, ARNULFO",2323 WORDSWORTH ST,"7, ZONE",532G,77030,CLOSED,2020-07-09,06:01 PM
173592,Tree Trim,2020-07-09 06:16 PM,Tree Trim Inspection,TREEMAINTENANCE,"UF - JONES, CODY", 7500 CAROTHERS ST&7900 ELBERT ST,"4, ZONE",455J,5560b,CLOSED,2020-07-09,06:16 PM
173593,Tree Trim,2020-07-09 09:47 PM,Tree Trim Inspection,TREEMAINTENANCE,"BLANCHETTE, PETER",6410  KASSARINE ,"6, ZONE",534P,5454b,CLOSED,2020-07-09,09:47 PM
173594,Tree Removal,2020-07-09 10:48 PM,Tree Removal Inspection,TREEMAINTENANCE,"UF - JONES, CODY",3815  LEMON TREE ,"3, ZONE",411V,5162d,CLOSED,2020-07-09,10:48 PM
173595,Tree Trim,2020-07-10 05:45 AM,Tree Trim Inspection,TREEMAINTENANCE,"UF - JONES, CODY",3614  SARATOGA ,"3, ZONE",411V,5162d,CLOSED,2020-07-10,05:45 AM
173596,Tree Trim,2020-07-10 07:22 AM,Tree Trim Inspection,TREEMAINTENANCE,"BLANCHETTE, PETER",3601  CORDER ,"6, ZONE",533Q,5454a,CLOSED,2020-07-10,07:22 AM
173597,Tree Removal,2020-07-10 08:31 AM,Tree Removal Inspection,TREEMAINTENANCE,"BLANCHETTE, PETER",321  BOLDEN ,"5, ZONE",495V,5656b,CLOSED,2020-07-10,08:31 AM
173598,Tree Removal,2020-07-10 08:57 AM,Tree Removal Inspection,TREEMAINTENANCE,"PATINO, ARNULFO",5502 MELANITE AVE,"7, ZONE",571Y,77053,CLOSED,2020-07-10,08:57 AM
173599,Tree Trim,2020-07-10 09:01 AM,Tree Trim Inspection,TREEMAINTENANCE,"PATINO, ARNULFO",5502 MELANITE AVE,"7, ZONE",571Y,77053,CLOSED,2020-07-10,09:01 AM
173600,Tree Removal,2020-07-10 09:53 AM,Tree Removal Inspection,TREEMAINTENANCE,"BLANCHETTE, PETER",6733  MYRTLE ,"5, ZONE",534H,5555b,CLOSED,2020-07-10,09:53 AM
173601,Tree Trim,2020-07-10 10:19 AM,Tree Trim Inspection,TREEMAINTENANCE,"UF - POLOVTSEV, SERA", 104 JOHN ALBER RD&11900 MEADOWFAIR ST,"4, ZONE",413T,5362d,CLOSED,2020-07-10,10:19 AM
173602,Tree Trim,2020-07-10 10:24 AM,Tree Trim Inspection,TREEMAINTENANCE,"UF - JONES, CODY",8630  RANNIE ,"3, ZONE",450M,5060d,CLOSED,2020-07-10,10:24 AM
173603,Tree Removal,2020-07-10 10:49 AM,Tree Removal Inspection,TREEMAINTENANCE,"PATINO, ARNULFO",6318 SOUTHWOOD CT N,"7, ZONE",570D,77035,CLOSED,2020-07-10,10:49 AM
173604,Tree Trim,2020-07-10 11:39 AM,Tree Trim Inspection,TREEMAINTENANCE,"BLANCHETTE, PETER",314  BURR ,"5, ZONE",494T,5556a,CLOSED,2020-07-10,11:39 AM
173605,Tree Trim,2020-07-10 11:55 AM,Tree Trim Inspection,TREEMAINTENANCE,"UF - JONES, CODY",1122  BAYLAND ,"3, ZONE",493A,5358b,CLOSED,2020-07-10,11:55 AM
173609,Tree Trim,2020-07-10 02:51 PM,Tree Trim Inspection,TREEMAINTENANCE,"PATINO, ARNULFO",9440 BELLAIRE BLVD,"2, ZONE",529H,77036,CLOSED,2020-07-10,02:51 PM
173610,Tree Removal,2020-07-10 02:52 PM,Tree Removal Inspection,TREEMAINTENANCE,"UF - POLOVTSEV, SERA",341  DORCHESTER ,"4, ZONE",453Q,5360d,CLOSED,2020-07-10,02:52 PM
173614,Tree Trim,2020-07-10 03:40 PM,Tree Trim Inspection,TREEMAINTENANCE,"BLANCHETTE, PETER",6101  BELLFORT ,"6, ZONE",534Y,5553a,CLOSED,2020-07-10,03:40 PM
173615,Tree Trim,2020-07-10 03:42 PM,Tree Trim Inspection,TREEMAINTENANCE,"UF - JONES, CODY", 6400 CALDER ST&6300 DELL ST,"2, ZONE",492F,5258d,CLOSED,2020-07-10,03:42 PM
173616,Tree Trim,2020-07-11 02:35 AM,Tree Trim Inspection,TREEMAINTENANCE,"UF - JONES, CODY",217  HEIGHTS ,"2, ZONE",492H,5358c,CLOSED,2020-07-11,02:35 AM
173617,Tree Trim,2020-07-11 10:28 AM,Tree Trim Inspection,TREEMAINTENANCE,"UF - POLOVTSEV, SERA",2310  FREEMAN ,"4, ZONE",493C,5458a,CLOSED,2020-07-11,10:28 AM
173618,Tree Removal,2020-07-11 08:34 PM,Tree Removal Inspection,TREEMAINTENANCE,"BLANCHETTE, PETER",7301  PARSONS ,"5, ZONE",535E,5555b,CLOSED,2020-07-11,08:34 PM
173619,Tree Removal,2020-07-12 09:51 AM,Tree Removal Inspection,TREEMAINTENANCE,"BLANCHETTE, PETER",7810  BELBAY ,"6, ZONE",534X,5553a,CLOSED,2020-07-12,09:51 AM
173620,Tree Removal,2020-07-12 10:09 AM,Tree Removal Inspection,TREEMAINTENANCE,"UF - JONES, CODY",6631  PHILLIPS ,"3, ZONE",412W,5261a,CLOSED,2020-07-12,10:09 AM
173621,Tree Removal,2020-07-12 12:28 PM,Tree Removal Inspection,TREEMAINTENANCE,"UF - POLOVTSEV, SERA",12306  FOXRIDGE ,"4, ZONE",413Q,5362b,CLOSED,2020-07-12,12:28 PM
173622,Tree Trim,2020-07-12 02:46 PM,Tree Trim Inspection,TREEMAINTENANCE,"PATINO, ARNULFO",2610 ALMEDA PLAZA DR,"7, ZONE",572L,77045,CLOSED,2020-07-12,02:46 PM
173623,Tree Trim,2020-07-13 07:54 AM,Tree Trim Inspection,TREEMAINTENANCE,"BLANCHETTE, PETER",4419  WOODSIDE ,"5, ZONE",494T,5456b,CLOSED,2020-07-13,07:54 AM
173624,Tree Trim,2020-07-13 08:27 AM,Tree Trim Inspection,TREEMAINTENANCE,"UF - JONES, CODY",1323  WOODCREST ,"3, ZONE",452P,5260c,CLOSED,2020-07-13,08:27 AM
173626,Tree Planting,2020-07-13 09:34 AM,Tree Planting Inspection,TREEPROTECTION,"UF - JONES, CODY",410 W 16TH ,"3, ZONE",452Z,5359c,CLOSED,2020-07-13,09:34 AM
173628,Tree Removal,2020-07-13 09:54 AM,Tree Removal Inspection,TREEMAINTENANCE,"UF - POLOVTSEV, SERA",6307  ROSEMARY ,"4, ZONE",415S,5562b,CLOSED,2020-07-13,09:54 AM
173629,Tree Trim,2020-07-13 10:32 AM,Tree Trim Inspection,TREEMAINTENANCE,"UF - JONES, CODY",1615  COLQUITT ,"2, ZONE",492Z,5356a,CLOSED,2020-07-13,10:32 AM
173630,Tree Removal,2020-07-13 10:41 AM,Tree Removal Inspection,TREEMAINTENANCE,"PATINO, ARNULFO",KIRBY DR & MCCLENDON ST,"7, ZONE",532G,77030,CLOSED,2020-07-13,10:41 AM
173631,Tree Trim,2020-07-13 11:12 AM,Tree Trim Inspection,TREEMAINTENANCE,"BLANCHETTE, PETER",7204  BOYCE ,"5, ZONE",495J,5558d,CLOSED,2020-07-13,11:12 AM
173632,Tree Removal,2020-07-13 11:24 AM,Tree Removal Inspection,TREEMAINTENANCE,"BLANCHETTE, PETER",11430 SAGEGROVE LANE,"6, ZONE",576Y,5750b,CLOSED,2020-07-13,11:24 AM
173633,Tree Trim,2020-07-13 12:19 PM,Tree Trim Inspection,TREEMAINTENANCE,"UF - POLOVTSEV, SERA", 4200 NORTHPARK DR&4500 ROCK SPRINGS DR,"4, ZONE",297T,5871c,CLOSED,2020-07-13,12:19 PM
173634,Tree Trim,2020-07-13 12:22 PM,Tree Trim Inspection,TREEMAINTENANCE,"BLANCHETTE, PETER",5106  LINDSAY ,"5, ZONE",494X,5556c,CLOSED,2020-07-13,12:22 PM
173636,Tree Removal,2020-07-13 12:46 PM,Tree Removal Inspection,TREEMAINTENANCE,"UF - JONES, CODY",7739  ANTOINE ,"3, ZONE",411Q,5162c,CLOSED,2020-07-13,12:46 PM
173638,Tree Removal,2020-07-13 12:51 PM,Tree Removal Inspection,TREEMAINTENANCE,"BLANCHETTE, PETER",3405  SEABROOK ,"6, ZONE",533P,5354b,CLOSED,2020-07-13,12:51 PM
173639,Tree Trim,2020-07-13 01:17 PM,Tree Trim Inspection,TREEMAINTENANCE,"UF - JONES, CODY", 2900 ADA ST&232 NORTH ST,"3, ZONE",493C,5358b,CLOSED,2020-07-13,01:17 PM
173640,Tree Trim,2020-07-13 01:32 PM,Tree Trim Inspection,TREEMAINTENANCE,"PATINO, ARNULFO",9211 STROUD DR,"2, ZONE",530J,77036,CLOSED,2020-07-13,01:32 PM
173641,Tree Removal,2020-07-13 01:43 PM,Tree Removal Inspection,TREEMAINTENANCE,"UF - JONES, CODY",619 W 12TH ,"3, ZONE",452Z,5358a,CLOSED,2020-07-13,01:43 PM
173642,Tree Removal,2020-07-13 01:48 PM,Tree Removal Inspection,TREEMAINTENANCE,"UF - JONES, CODY",602 W 12TH ,"3, ZONE",452Z,5358a,CLOSED,2020-07-13,01:48 PM
173643,Tree Removal,2020-07-13 02:13 PM,Tree Removal Inspection,TREEMAINTENANCE,"UF - POLOVTSEV, SERA",609 N ELDRIDGE ,"2, ZONE",488G,4757b,CLOSED,2020-07-13,02:13 PM
173645,Tree Trim,2020-07-13 03:17 PM,Tree Trim Inspection,TREEMAINTENANCE,"BLANCHETTE, PETER",7918  BURMAN ,"5, ZONE",495J,5557b,CLOSED,2020-07-13,03:17 PM
173648,Tree Trim,2020-07-13 04:25 PM,Tree Trim Inspection,TREEMAINTENANCE,"BLANCHETTE, PETER", 7229 COWART,"5, ZONE",495J,5557b,CLOSED,2020-07-13,04:25 PM
173649,Tree Trim,2020-07-13 04:43 PM,Tree Trim Inspection,TREEMAINTENANCE,"UF - JONES, CODY",542  ARLINGTON ,"3, ZONE",493A,5358c,CLOSED,2020-07-13,04:43 PM
173650,Tree Removal,2020-07-13 11:36 PM,Tree Removal Inspection,TREEMAINTENANCE,"UF - POLOVTSEV, SERA",14615  FLAIR ,"4, ZONE",457N,5860c,CLOSED,2020-07-13,11:36 PM
173651,Tree Trim,2020-07-14 01:53 AM,Tree Trim Inspection,TREEMAINTENANCE,"UF - JONES, CODY",4003  ANTOINE ,"3, ZONE",451L,5160c,CLOSED,2020-07-14,01:53 AM
173652,Tree Trim,2020-07-14 06:49 AM,Tree Trim Inspection,TREEMAINTENANCE,"UF - JONES, CODY",1001  COLUMBIA ,"3, ZONE",493A,5358a,CLOSED,2020-07-14,06:49 AM
173655,Tree Trim,2020-07-14 08:49 AM,Tree Trim Inspection,TREEMAINTENANCE,"UF - JONES, CODY",225  COCKEREL ,"3, ZONE",452R,5360c,CLOSED,2020-07-14,08:49 AM
173656,Tree Trim,2020-07-14 09:22 AM,Tree Trim Inspection,TREEMAINTENANCE,"PATINO, ARNULFO",401 LOUISIANA ST,"1, ZONE",493L,77002,CLOSED,2020-07-14,09:22 AM
173657,Tree Trim,2020-07-14 09:45 AM,Tree Trim Inspection,TREEMAINTENANCE,"PATINO, ARNULFO",7806 BURNING HILLS DR,"7, ZONE",530U,77071,CLOSED,2020-07-14,09:45 AM
173658,Tree Trim,2020-07-14 10:36 AM,Tree Trim Inspection,TREEMAINTENANCE,"BLANCHETTE, PETER",5055  BELLFORT ,"6, ZONE",533Z,5453b,CLOSED,2020-07-14,10:36 AM
173659,Tree Trim,2020-07-14 10:49 AM,Tree Trim Inspection,TREEMAINTENANCE,"BLANCHETTE, PETER", 1200 S LOCKWOOD DR&4600 WOODSIDE ST,"5, ZONE",494T,5456b,CLOSED,2020-07-14,10:49 AM
173660,Tree Trim,2020-07-14 11:12 AM,Tree Trim Inspection,TREEMAINTENANCE,"UF - JONES, CODY",18203 GROESCHKE RD,"3, ZONE",447P,77084,CLOSED,2020-07-14,11:12 AM
173661,Tree Trim,2020-07-14 11:19 AM,Tree Trim Inspection,TREEMAINTENANCE,"BLANCHETTE, PETER",7435  ARNIM ,"6, ZONE",535J,5554b,CLOSED,2020-07-14,11:19 AM
173662,Tree Removal,2020-07-14 11:35 AM,Tree Removal Inspection,TREEMAINTENANCE,"PATINO, ARNULFO",15139  JORDAN OAKS ,"7, ZONE",571U,5150b,CLOSED,2020-07-14,11:35 AM
173663,Tree Removal,2020-07-14 11:35 AM,Tree Removal Inspection,TREEMAINTENANCE,"UF - POLOVTSEV, SERA",7401  LOS ANGELES ,"4, ZONE",454K,5460d,CLOSED,2020-07-14,11:35 AM
173664,Tree Removal,2020-07-14 01:04 PM,Tree Removal Inspection,TREEMAINTENANCE,"PATINO, ARNULFO",2212 TANGLEY ST,"7, ZONE",532C,77005,CLOSED,2020-07-14,01:04 PM
173665,Tree Trim,2020-07-14 01:16 PM,Tree Trim Inspection,TREEMAINTENANCE,"UF - POLOVTSEV, SERA",4601  HARDY ,"4, ZONE",453V,5459c,CLOSED,2020-07-14,01:16 PM
173666,Tree Trim,2020-07-14 01:53 PM,Tree Trim Inspection,TREEMAINTENANCE,"PATINO, ARNULFO",6316 PICKENS ST,"2, ZONE",492F,77007,CLOSED,2020-07-14,01:53 PM
173667,Tree Trim,2020-07-14 02:59 PM,Tree Trim Inspection,TREEMAINTENANCE,"UF - JONES, CODY", 3400 W 34TH ST&3400 W T C JESTER BLVD,"3, ZONE",452N,5259a,CLOSED,2020-07-14,02:59 PM
173668,Tree Trim,2020-07-14 03:23 PM,Tree Trim Inspection,TREEMAINTENANCE,"BLANCHETTE, PETER",4358  ELMWOOD ,"6, ZONE",533Y,5453a,CLOSED,2020-07-14,03:23 PM
173676,Tree Trim,2020-07-14 04:53 PM,Tree Trim Inspection,TREEMAINTENANCE,"BLANCHETTE, PETER",6720 S HAYWOOD ,"6, ZONE",535W,5553b,CLOSED,2020-07-14,04:53 PM
173677,Tree Trim,2020-07-14 05:26 PM,Tree Trim Inspection,TREEMAINTENANCE,"PATINO, ARNULFO",6100 S BRAESWOOD BLVD,"7, ZONE",530V,77096,CLOSED,2020-07-14,05:26 PM
173678,Tree Stump Grinding,2020-07-14 05:32 PM,Tree Stump Inspection,TREEMAINTENANCE,"BLANCHETTE, PETER",2909  WHEELER ,"6, ZONE",533C,5456c,CLOSED,2020-07-14,05:32 PM
173679,Tree Trim,2020-07-14 05:37 PM,Tree Trim Inspection,TREEMAINTENANCE,"PATINO, ARNULFO",2902 ELLA LEE LN,"2, ZONE",492Q,77019,CLOSED,2020-07-14,05:37 PM
173680,Tree Trim,2020-07-14 06:12 PM,Tree Trim Inspection,TREEMAINTENANCE,"BLANCHETTE, PETER",2918  WHEELER ,"6, ZONE",533C,5456c,CLOSED,2020-07-14,06:12 PM
173681,Tree Trim,2020-07-14 07:01 PM,Tree Trim Inspection,TREEMAINTENANCE,"PATINO, ARNULFO",12303 LONGBROOK DR,"2, ZONE",528V,77099,CLOSED,2020-07-14,07:01 PM
173682,Tree Trim,2020-07-14 11:30 PM,Tree Trim Inspection,TREEMAINTENANCE,"UF - JONES, CODY", 3000 MILLS BRANCH DR&4400 NORTHPARK DR&4500 WOODSTREAM VILLAGE DR,"4, ZONE",297U,5871c,CLOSED,2020-07-14,11:30 PM
173683,Tree Trim,2020-07-15 06:41 AM,Tree Trim Inspection,TREEMAINTENANCE,"UF - JONES, CODY",220 E 26TH ,"3, ZONE",453S,5359a,CLOSED,2020-07-15,06:41 AM
173684,Tree Trim,2020-07-15 06:43 AM,Tree Trim Inspection,TREEMAINTENANCE,"UF - JONES, CODY",220 E 26TH ,"3, ZONE",453S,5359a,CLOSED,2020-07-15,06:43 AM
173685,Tree Trim,2020-07-15 07:25 AM,Tree Trim Inspection,TREEMAINTENANCE,"BLANCHETTE, PETER",7915  MORLEY ,"6, ZONE",535X,5653a,CLOSED,2020-07-15,07:25 AM
173687,Tree Trim,2020-07-15 09:11 AM,Tree Trim Inspection,TREEMAINTENANCE,"BLANCHETTE, PETER",6717  SHERMAN ,"5, ZONE",494V,5556b,CLOSED,2020-07-15,09:11 AM
173688,Tree Trim,2020-07-15 09:24 AM,Tree Trim Inspection,TREEMAINTENANCE,"UF - POLOVTSEV, SERA", 300 W ALABAMA ST&3800 BRANDT ST,"2, ZONE",493T,5356b,CLOSED,2020-07-15,09:24 AM
173689,Tree Trim,2020-07-15 11:16 AM,Tree Trim Inspection,TREEMAINTENANCE,"UF - POLOVTSEV, SERA",1324  DENNIS ,"2, ZONE",493U,5356b,CLOSED,2020-07-15,11:16 AM
173690,Tree Trim,2020-07-15 11:19 AM,Tree Trim Inspection,TREEMAINTENANCE,"UF - POLOVTSEV, SERA",2058  BRANARD ,"2, ZONE",492U,5356a,CLOSED,2020-07-15,11:19 AM
173691,Tree Trim,2020-07-15 12:04 PM,Tree Trim Inspection,TREEMAINTENANCE,"UF - JONES, CODY",8931  VALLEY HOLLOW ,"4, ZONE",456A,5761a,CLOSED,2020-07-15,12:04 PM
173692,Tree Removal,2020-07-15 12:31 PM,Tree Removal Inspection,TREEMAINTENANCE,"BLANCHETTE, PETER",17  STILES ,"5, ZONE",494T,5557c,CLOSED,2020-07-15,12:31 PM
173693,Tree Trim,2020-07-15 12:37 PM,Tree Trim Inspection,TREEMAINTENANCE,"PATINO, ARNULFO",7319 GREENBRIAR DR,"7, ZONE",532L,77030,CLOSED,2020-07-15,12:37 PM
173697,Tree Trim,2020-07-15 03:00 PM,Tree Trim Inspection,TREEMAINTENANCE,"BLANCHETTE, PETER",5722  TURTLE CREEK ,"5, ZONE",536T,5754c,CLOSED,2020-07-15,03:00 PM
173698,Tree Trim,2020-07-15 03:13 PM,Tree Trim Inspection,TREEMAINTENANCE,"UF - POLOVTSEV, SERA", 4700 AFTONSHIRE DR&3100 VOSSDALE RD,"2, ZONE",491V,5156b,CLOSED,2020-07-15,03:13 PM
173701,Tree Removal,2020-07-15 04:07 PM,Tree Removal Inspection,TREEMAINTENANCE,"PATINO, ARNULFO",6521 JACKWOOD ST,"7, ZONE",530R,77074,CLOSED,2020-07-15,04:07 PM
173702,Tree Trim,2020-07-15 04:21 PM,Tree Trim Inspection,TREEMAINTENANCE,"UF - JONES, CODY",834  FAIR ,"3, ZONE",412U,5262d,CLOSED,2020-07-15,04:21 PM
173703,Tree Stump Grinding,2020-07-15 04:59 PM,Tree Stump Inspection,TREEMAINTENANCE,"BLANCHETTE, PETER",7135  SIMS ,"6, ZONE",534Z,5553b,CLOSED,2020-07-15,04:59 PM
173704,Tree Removal,2020-07-15 05:04 PM,Tree Removal Inspection,TREEMAINTENANCE,"BLANCHETTE, PETER",6519  FAIRWAY ,"6, ZONE",534L,5554a,CLOSED,2020-07-15,05:04 PM
173705,Tree Trim,2020-07-16 08:07 AM,Tree Trim Inspection,TREEMAINTENANCE,"PATINO, ARNULFO",6403 BRIAR GLADE DR,"2, ZONE",529G,77072,CLOSED,2020-07-16,08:07 AM
173708,Tree Removal,2020-07-16 09:11 AM,Tree Removal Inspection,TREEMAINTENANCE,"PATINO, ARNULFO",3107 VIRGINIA ST,"2, ZONE",492U,77098,CLOSED,2020-07-16,09:11 AM
173710,Tree Trim,2020-07-16 09:38 AM,Tree Trim Inspection,TREEMAINTENANCE,"UF - JONES, CODY",414 E 15TH ,"3, ZONE",453W,5359c,CLOSED,2020-07-16,09:38 AM
173712,Tree Trim,2020-07-16 10:22 AM,Tree Trim Inspection,TREEMAINTENANCE,"UF - JONES, CODY",7515  WOODRIDGE ,"3, ZONE",451X,5158a,CLOSED,2020-07-16,10:22 AM
173713,Tree Trim,2020-07-16 10:27 AM,Tree Trim Inspection,TREEMAINTENANCE,"UF - POLOVTSEV, SERA",401  LOUISIANA ,"1, ZONE",493L,5457a,CLOSED,2020-07-16,10:27 AM
173714,Tree Trim,2020-07-16 10:35 AM,Tree Trim Inspection,TREEMAINTENANCE,"PATINO, ARNULFO",3500 LINK VALLEY DR,"7, ZONE",532T,77025,CLOSED,2020-07-16,10:35 AM
173715,Tree Trim,2020-07-16 10:58 AM,Tree Trim Inspection,TREEMAINTENANCE,"PATINO, ARNULFO",CHIMNEY ROCK RD & INDIAN TRL,"2, ZONE",491F,77057,CLOSED,2020-07-16,10:58 AM
173716,Tree Trim,2020-07-16 11:11 AM,Tree Trim Inspection,TREEMAINTENANCE,"BLANCHETTE, PETER",2706  EAGLE ,"6, ZONE",493Y,5456c,CLOSED,2020-07-16,11:11 AM
173717,Tree Trim,2020-07-16 11:17 AM,Tree Trim Inspection,TREEMAINTENANCE,"UF - JONES, CODY",1300  STUDER ,"2, ZONE",492G,5258d,CLOSED,2020-07-16,11:17 AM
173718,Tree Trim,2020-07-16 12:01 PM,Tree Trim Inspection,TREEMAINTENANCE,"BLANCHETTE, PETER",12115   & 12110 PANAY ,"6, ZONE",573R,5452d,CLOSED,2020-07-16,12:01 PM
173719,Tree Stump Grinding,2020-07-16 12:28 PM,Tree Stump Inspection,TREEMAINTENANCE,"BLANCHETTE, PETER",12413  PALMBEACH ,"5, ZONE",576R,5852c,CLOSED,2020-07-16,12:28 PM
173725,Tree Trim,2020-07-16 02:11 PM,Tree Trim Inspection,TREEMAINTENANCE,"PATINO, ARNULFO",3901 OMEARA DR,"7, ZONE",532S,77025,CLOSED,2020-07-16,02:11 PM
173726,Tree Trim,2020-07-16 02:18 PM,Tree Trim Inspection,TREEMAINTENANCE,"PATINO, ARNULFO",MACKINAW RD & SAMOA WAY,"7, ZONE",571X,77053,CLOSED,2020-07-16,02:18 PM
173727,Tree Trim,2020-07-16 02:32 PM,Tree Trim Inspection,TREEMAINTENANCE,"UF - JONES, CODY",6501  MEMORIAL ,"2, ZONE",492K,5257b,CLOSED,2020-07-16,02:32 PM
173728,Tree Removal,2020-07-16 03:44 PM,Tree Removal Inspection,TREEMAINTENANCE,"PATINO, ARNULFO",2930 TIDEWATER DR,"7, ZONE",572L,77045,CLOSED,2020-07-16,03:44 PM
173729,Tree Trim,2020-07-16 03:52 PM,Tree Trim Inspection,TREEMAINTENANCE,"UF - JONES, CODY",504  VINCENT ,"3, ZONE",453Y,5359d,CLOSED,2020-07-16,03:52 PM
173730,Tree Removal,2020-07-16 11:04 PM,Tree Removal Inspection,TREEMAINTENANCE,"PATINO, ARNULFO",11022 BELLERIVE DR,"2, ZONE",529B,77072,CLOSED,2020-07-16,11:04 PM
173733,Tree Trim,2020-07-17 08:22 AM,Tree Trim Inspection,TREEMAINTENANCE,"UF - POLOVTSEV, SERA",12922  WESTPARK ,"2, ZONE",488Y,4855a,CLOSED,2020-07-17,08:22 AM
173736,Tree Trim,2020-07-17 11:11 AM,Tree Trim Inspection,TREEMAINTENANCE,"UF - JONES, CODY",16553  PARK ROW ,"3, ZONE",447Y,4658d,CLOSED,2020-07-17,11:11 AM
173738,Tree Trim,2020-07-17 01:09 PM,Tree Trim Inspection,TREEMAINTENANCE,"BLANCHETTE, PETER",8103  MORLEY ,"6, ZONE",535Y,5653a,CLOSED,2020-07-17,01:09 PM
173740,Tree Trim,2020-07-17 01:29 PM,Tree Trim Inspection,TREEMAINTENANCE,"BLANCHETTE, PETER", 1231 MARLEEN ST,"5, ZONE",576A,5753c,CLOSED,2020-07-17,01:29 PM
173741,Tree Trim,2020-07-17 02:03 PM,Tree Trim Inspection,TREEMAINTENANCE,"UF - POLOVTSEV, SERA",510 E CROSSTIMBERS ,"4, ZONE",453L,5360d,CLOSED,2020-07-17,02:03 PM
173742,Tree Trim,2020-07-17 02:58 PM,Tree Trim Inspection,TREEMAINTENANCE,"BLANCHETTE, PETER",11102  ROANDALE ,"6, ZONE",573H,5452c,CLOSED,2020-07-17,02:58 PM
173743,Tree Trim,2020-07-17 03:05 PM,Tree Trim Inspection,TREEMAINTENANCE,"BLANCHETTE, PETER",3806  ROSEDALE ,"6, ZONE",533H,5455a,CLOSED,2020-07-17,03:05 PM
173744,Tree Trim,2020-07-17 03:08 PM,Tree Trim Inspection,TREEMAINTENANCE,"UF - POLOVTSEV, SERA", 3200 DAIRY ASHFORD RD&12600 RICHMOND AVE,"2, ZONE",488Z,4856c,CLOSED,2020-07-17,03:08 PM
173745,Tree Trim,2020-07-17 03:09 PM,Tree Trim Inspection,TREEMAINTENANCE,"UF - POLOVTSEV, SERA", 3300 DAIRY ASHFORD RD&12500 SKYMEADOW DR,"2, ZONE",488Z,4855a,CLOSED,2020-07-17,03:09 PM
173746,Tree Trim,2020-07-17 03:14 PM,Tree Trim Inspection,TREEMAINTENANCE,"BLANCHETTE, PETER",3801 GERTIN ,"6, ZONE",533H,5455a,CLOSED,2020-07-17,03:14 PM
173747,Tree Trim,2020-07-17 04:35 PM,Tree Trim Inspection,TREEMAINTENANCE,"UF - POLOVTSEV, SERA", 800 N ELDRIDGE PKWY&15100 MEMORIAL DR,"2, ZONE",488C,4758d,CLOSED,2020-07-17,04:35 PM
173748,Tree Trim,2020-07-17 05:10 PM,Tree Trim Inspection,TREEMAINTENANCE,"BLANCHETTE, PETER",2134  LOVING ,"5, ZONE",576B,5753c,CLOSED,2020-07-17,05:10 PM
173749,Tree Removal,2020-07-17 07:59 PM,Tree Removal Inspection,TREEMAINTENANCE,"PATINO, ARNULFO",11929 BARRYKNOLL LN,"2, ZONE",490A,77024,CLOSED,2020-07-17,07:59 PM
173750,Tree Removal,2020-07-17 10:54 PM,Tree Removal Inspection,TREEMAINTENANCE,"UF - POLOVTSEV, SERA", 14930 MEMORIAL DR&15000 TURKEY TRAIL CT,"2, ZONE",488G,4857a,CLOSED,2020-07-17,10:54 PM
173751,Tree Trim,2020-07-17 11:30 PM,Tree Trim Inspection,TREEMAINTENANCE,"BLANCHETTE, PETER",5030  PERRY ,"6, ZONE",534J,5454b,CLOSED,2020-07-17,11:30 PM
173752,Tree Trim,2020-07-18 08:59 AM,Tree Trim Inspection,TREEMAINTENANCE,"UF - JONES, CODY",725  LAWRENCE ,"3, ZONE",492D,5358a,CLOSED,2020-07-18,08:59 AM
173753,Tree Trim,2020-07-18 09:43 AM,Tree Trim Inspection,TREEMAINTENANCE,"BLANCHETTE, PETER",2814  BARBEE ,"6, ZONE",533C,5456c,CLOSED,2020-07-18,09:43 AM
173754,Tree Trim,2020-07-18 04:46 PM,Tree Trim Inspection,TREEMAINTENANCE,"BLANCHETTE, PETER",6617  KASSARINE ,"6, ZONE",534N,5454d,CLOSED,2020-07-18,04:46 PM
173755,Tree Removal,2020-07-19 09:50 AM,Tree Removal Inspection,TREEMAINTENANCE,"BLANCHETTE, PETER",3131  TUAM ,"6, ZONE",493Z,5456c,CLOSED,2020-07-19,09:50 AM
173756,Tree Trim,2020-07-19 11:47 AM,Tree Trim Inspection,TREEMAINTENANCE,"PATINO, ARNULFO",5035 LYMBAR DR,"7, ZONE",531U,77096,CLOSED,2020-07-19,11:47 AM
173757,Tree Trim,2020-07-19 11:51 AM,Tree Trim Inspection,TREEMAINTENANCE,"UF - POLOVTSEV, SERA",331  HARBOR ,"4, ZONE",495A,5558b,CLOSED,2020-07-19,11:51 AM
173758,Tree Trim,2020-07-19 03:15 PM,Tree Trim Inspection,TREEMAINTENANCE,"PATINO, ARNULFO",10600 WESTBRAE PKWY,"7, ZONE",530X,77031,CLOSED,2020-07-19,03:15 PM
173759,Tree Trim,2020-07-19 05:22 PM,Tree Trim Inspection,TREEMAINTENANCE,"BLANCHETTE, PETER",12130 SANDROCK DR,"6, ZONE",574N,77048,CLOSED,2020-07-19,05:22 PM
173760,Tree Trim,2020-07-19 05:57 PM,Tree Trim Inspection,TREEMAINTENANCE,"PATINO, ARNULFO",1308 VASSAR ST,"7, ZONE",493W,77006,CLOSED,2020-07-19,05:57 PM
173761,Tree Trim,2020-07-20 04:59 AM,Tree Trim Inspection,TREEMAINTENANCE,"PATINO, ARNULFO",4700 ANDERSON RD,"7, ZONE",571V,77053,CLOSED,2020-07-20,04:59 AM
173762,Tree Trim,2020-07-20 05:44 AM,Tree Trim Inspection,TREEMAINTENANCE,"UF - JONES, CODY",1102  BINGHAM ,"2, ZONE",493G,5458c,CLOSED,2020-07-20,05:44 AM
173767,Tree Trim,2020-07-20 08:57 AM,Tree Trim Inspection,TREEMAINTENANCE,"BLANCHETTE, PETER", 12428 DUMAS ST&9400 GALVESTON RD,"5, ZONE",576R,5852c,CLOSED,2020-07-20,08:57 AM
173768,Tree Trim,2020-07-20 09:21 AM,Tree Trim Inspection,TREEMAINTENANCE,"UF - POLOVTSEV, SERA", 4200 NORTHPARK DR&4500 ROCK SPRINGS DR,"4, ZONE",297T,5871c,CLOSED,2020-07-20,09:21 AM
173770,Tree Trim,2020-07-20 09:24 AM,Tree Trim Inspection,TREEMAINTENANCE,"UF - POLOVTSEV, SERA", 2400 MILLS ST&1800 WEST ST,"4, ZONE",494E,5458d,CLOSED,2020-07-20,09:24 AM
173771,Tree Trim,2020-07-20 09:41 AM,Tree Trim Inspection,TREEMAINTENANCE,"UF - JONES, CODY",1212  GESSNER ,"3, ZONE",450W,4958b,CLOSED,2020-07-20,09:41 AM
173772,Tree Trim,2020-07-20 09:43 AM,Tree Trim Inspection,TREEMAINTENANCE,"PATINO, ARNULFO",1700 RICHMOND AVE,"2, ZONE",492Z,77098,CLOSED,2020-07-20,09:43 AM
173774,Tree Trim,2020-07-20 10:05 AM,Tree Trim Inspection,TREEMAINTENANCE,"BLANCHETTE, PETER",12130  SANDROCK ,"6, ZONE",574N,5451b,CLOSED,2020-07-20,10:05 AM
173775,Tree Trim,2020-07-20 10:08 AM,Tree Trim Inspection,TREEMAINTENANCE,"BLANCHETTE, PETER", 12130 FAWNWAY DR,"6, ZONE",574N,5451b,CLOSED,2020-07-20,10:08 AM
173776,Tree Trim,2020-07-20 10:11 AM,Tree Trim Inspection,TREEMAINTENANCE,"BLANCHETTE, PETER",12126 ROCKFORD DR,"6, ZONE",574N,5451b,CLOSED,2020-07-20,10:11 AM
173777,Tree Trim,2020-07-20 10:20 AM,Tree Trim Inspection,TREEMAINTENANCE,"PATINO, ARNULFO",1118 CALIFORNIA ST,"2, ZONE",493S,77006,CLOSED,2020-07-20,10:20 AM
173778,Tree Trim,2020-07-20 10:28 AM,Tree Trim Inspection,TREEMAINTENANCE,"PATINO, ARNULFO",6600 CORPORATE DR,"2, ZONE",529H,77036,CLOSED,2020-07-20,10:28 AM
173779,Tree Trim,2020-07-20 10:30 AM,Tree Trim Inspection,TREEMAINTENANCE,"PATINO, ARNULFO",3735 W ALABAMA ST,"2, ZONE",492S,77027,CLOSED,2020-07-20,10:30 AM
173781,Tree Trim,2020-07-20 10:33 AM,Tree Trim Inspection,TREEMAINTENANCE,"BLANCHETTE, PETER",15200  SPACE CENTER ,"5, ZONE",618F,5950d,CLOSED,2020-07-20,10:33 AM
173782,Tree Trim,2020-07-20 10:34 AM,Tree Trim Inspection,TREEMAINTENANCE,"BLANCHETTE, PETER",1201  DANUBE ,"6, ZONE",533U,5454c,CLOSED,2020-07-20,10:34 AM
173783,Tree Trim,2020-07-20 10:59 AM,Tree Trim Inspection,TREEMAINTENANCE,"UF - POLOVTSEV, SERA",41  PENWAY ,"4, ZONE",453F,5360b,CLOSED,2020-07-20,10:59 AM
173784,Tree Code Violation,2020-07-20 11:13 AM,Tree Code Violation Inspection,TREEPROTECTION,"PATINO, ARNULFO",3014 WESTERLAND DR,"2, ZONE",490X,77063,CLOSED,2020-07-20,11:13 AM
173785,Tree Trim,2020-07-20 11:18 AM,Tree Trim Inspection,TREEMAINTENANCE,"UF - JONES, CODY", 5100 CORNISH ST&2100 ROY ST,"3, ZONE",492G,5258d,CLOSED,2020-07-20,11:18 AM
173786,Tree Removal,2020-07-20 11:24 AM,Tree Removal Inspection,TREEMAINTENANCE,"UF - POLOVTSEV, SERA", 2800 NORTHPARK DR&4316 WOODBRIDGE DR,"4, ZONE",297S,5770b,CLOSED,2020-07-20,11:24 AM
173787,Tree Removal,2020-07-20 11:30 AM,Tree Removal Inspection,TREEMAINTENANCE,"UF - JONES, CODY",401  LOUISIANA ,"1, ZONE",493L,5457a,CLOSED,2020-07-20,11:30 AM
173788,Tree Trim,2020-07-20 11:42 AM,Tree Trim Inspection,TREEMAINTENANCE,"BLANCHETTE, PETER",6614  KASSARINE ,"6, ZONE",534N,5454d,CLOSED,2020-07-20,11:42 AM
173789,Tree Trim,2020-07-20 11:46 AM,Tree Trim Inspection,TREEMAINTENANCE,"BLANCHETTE, PETER",643  EDGEBROOK ,"5, ZONE",576F,5752a,CLOSED,2020-07-20,11:46 AM
173790,Tree Removal,2020-07-20 12:33 PM,Tree Removal Inspection,TREEMAINTENANCE,"PATINO, ARNULFO",5106 RIDGEHAVEN DR,"7, ZONE",611C,77053,CLOSED,2020-07-20,12:33 PM
173793,Tree Removal,2020-07-20 01:54 PM,Tree Removal Inspection,TREEMAINTENANCE,"UF - POLOVTSEV, SERA", 5600 APGAR ST&15830 MUSKEGON ST,"4, ZONE",374R,5565a,CLOSED,2020-07-20,01:54 PM
173794,Tree Trim,2020-07-20 02:12 PM,Tree Trim Inspection,TREEMAINTENANCE,"PATINO, ARNULFO",5235 KINGFISHER DR,"7, ZONE",531X,77035,CLOSED,2020-07-20,02:12 PM
173795,Tree Trim,2020-07-20 02:40 PM,Tree Trim Inspection,TREEMAINTENANCE,"UF - JONES, CODY",212  PARKVIEW ,"3, ZONE",493C,5358b,CLOSED,2020-07-20,02:40 PM
173796,Tree Trim,2020-07-20 02:48 PM,Tree Trim Inspection,TREEMAINTENANCE,"UF - POLOVTSEV, SERA",2107  MARGARET ,"4, ZONE",413Z,5462c,CLOSED,2020-07-20,02:48 PM
173797,Tree Trim,2020-07-20 03:32 PM,Tree Trim Inspection,TREEMAINTENANCE,"BLANCHETTE, PETER",3502  BELLFORT ,"6, ZONE",533Y,5453a,CLOSED,2020-07-20,03:32 PM
173798,Tree Trim,2020-07-20 03:44 PM,Tree Trim Inspection,TREEMAINTENANCE,"UF - JONES, CODY", 3500 DE SOTO ST&6200 T C JESTER BLVD,"3, ZONE",451D,5161d,CLOSED,2020-07-20,03:44 PM
173800,Tree Trim,2020-07-20 06:17 PM,Tree Trim Inspection,TREEMAINTENANCE,"PATINO, ARNULFO",2342 RICE BLVD,"7, ZONE",532C,77005,CLOSED,2020-07-20,06:17 PM
173801,Tree Code Violation,2020-07-21 04:14 AM,Tree Code Violation Inspection,TREEPROTECTION,"UF - POLOVTSEV, SERA",1988  WILCREST ,"2, ZONE",489P,4956a,CLOSED,2020-07-21,04:14 AM
173802,Tree Trim,2020-07-21 05:19 AM,Tree Trim Inspection,TREEMAINTENANCE,"BLANCHETTE, PETER",6026  MILART ,"6, ZONE",534J,5454b,CLOSED,2020-07-21,05:19 AM
173803,Tree Removal,2020-07-21 05:45 AM,Tree Removal Inspection,TREEMAINTENANCE,"PATINO, ARNULFO",7310 UNIVERSAL DR,"2, ZONE",529J,77072,CLOSED,2020-07-21,05:45 AM
173804,Tree Removal,2020-07-21 08:14 AM,Tree Removal Inspection,TREEMAINTENANCE,"UF - POLOVTSEV, SERA",3911  LOCKWOOD ,"4, ZONE",454Y,5559c,CLOSED,2020-07-21,08:14 AM
173805,Tree Trim,2020-07-21 10:08 AM,Tree Trim Inspection,TREEMAINTENANCE,"UF - JONES, CODY", 1300 W 18TH ST&1800 BEVIS ST,"3, ZONE",452U,5259d,CLOSED,2020-07-21,10:08 AM
173810,Tree Trim,2020-07-21 10:44 AM,Tree Trim Inspection,TREEMAINTENANCE,"UF - POLOVTSEV, SERA",309  LATHROP ,"4, ZONE",494D,5558b,CLOSED,2020-07-21,10:44 AM
173821,Tree Removal,2020-07-21 11:23 AM,Tree Removal Inspection,TREEMAINTENANCE,"UF - JONES, CODY",4420  BINGLE ,"3, ZONE",451E,5160a,CLOSED,2020-07-21,11:23 AM
173822,Tree Trim,2020-07-21 11:24 AM,Tree Trim Inspection,TREEMAINTENANCE,"UF - POLOVTSEV, SERA",101  HARKNESS ,"4, ZONE",453B,5361b,CLOSED,2020-07-21,11:24 AM
173823,Tree Removal,2020-07-21 11:35 AM,Tree Removal Inspection,TREEMAINTENANCE,"UF - POLOVTSEV, SERA", 9300 HEATHERSIDE ST&5300 TIDWELL RD,"4, ZONE",454C,5561c,CLOSED,2020-07-21,11:35 AM
173824,Tree Trim,2020-07-21 11:38 AM,Tree Trim Inspection,TREEMAINTENANCE,"UF - POLOVTSEV, SERA", 300 BASSWOOD ST&7100 BAUMAN RD,"4, ZONE",453L,5360d,CLOSED,2020-07-21,11:38 AM
173825,Tree Removal,2020-07-21 11:51 AM,Tree Removal Inspection,TREEMAINTENANCE,"BLANCHETTE, PETER",6146  CHAFFIN ,"6, ZONE",534V,5554d,CLOSED,2020-07-21,11:51 AM
173826,Tree Removal,2020-07-21 12:05 PM,Tree Removal Inspection,TREEMAINTENANCE,"UF - JONES, CODY",5212  KIAM ,"3, ZONE",492C,5258d,CLOSED,2020-07-21,12:05 PM
173827,Tree Trim,2020-07-21 12:39 PM,Tree Trim Inspection,TREEMAINTENANCE,"BLANCHETTE, PETER",12131 SANDROCK DR,"6, ZONE",574N,5451b,CLOSED,2020-07-21,12:39 PM
173828,Tree Trim,2020-07-21 12:43 PM,Tree Trim Inspection,TREEMAINTENANCE,"BLANCHETTE, PETER", 5300 E OREM DR&12100 SANDROCK DR,"6, ZONE",574N,5451b,CLOSED,2020-07-21,12:43 PM
173829,Tree Removal,2020-07-21 12:55 PM,Tree Removal Inspection,TREEMAINTENANCE,"PATINO, ARNULFO",15902 DANTE DR,"7, ZONE",571Y,77053,CLOSED,2020-07-21,12:55 PM
173831,Tree Removal,2020-07-21 01:43 PM,Tree Removal Inspection,TREEMAINTENANCE,"PATINO, ARNULFO",9407 BRAEWICK DR,"7, ZONE",530V,77096,CLOSED,2020-07-21,01:43 PM
173834,Tree Trim,2020-07-21 03:03 PM,Tree Trim Inspection,TREEMAINTENANCE,"UF - POLOVTSEV, SERA", 1900 PANNELL ST&3800 RAWLEY ST,"4, ZONE",494F,5458d,CLOSED,2020-07-21,03:03 PM
173835,Tree Trim,2020-07-21 03:59 PM,Tree Trim Inspection,TREEMAINTENANCE,"UF - JONES, CODY",749  BOENEMAN ,"3, ZONE",412U,5262d,CLOSED,2020-07-21,03:59 PM
173836,Tree Removal,2020-07-21 04:01 PM,Tree Removal Inspection,TREEMAINTENANCE,"UF - POLOVTSEV, SERA", 300 MILL STREAM LN&15900 OLD CREEK RD,"4, ZONE",373W,5364a,CLOSED,2020-07-21,04:01 PM
173837,Tree Trim,2020-07-21 04:42 PM,Tree Trim Inspection,TREEMAINTENANCE,"UF - JONES, CODY",2058  BRANARD ,"2, ZONE",492U,5356a,CLOSED,2020-07-21,04:42 PM
173838,Tree Trim,2020-07-21 10:31 PM,Tree Trim Inspection,TREEMAINTENANCE,"UF - POLOVTSEV, SERA",6301  KASHMERE ,"4, ZONE",454P,5560c,CLOSED,2020-07-21,10:31 PM
173842,Tree Removal,2020-07-22 03:47 AM,Tree Removal Inspection,TREEMAINTENANCE,"PATINO, ARNULFO",7310 UNIVERSAL DR,"2, ZONE",529J,77072,CLOSED,2020-07-22,03:47 AM
173843,Tree Removal,2020-07-22 04:24 AM,Tree Removal Inspection,TREEMAINTENANCE,"UF - POLOVTSEV, SERA",8102  HAMLET ,"4, ZONE",455B,5661a,CLOSED,2020-07-22,04:24 AM
173846,Tree Trim,2020-07-22 07:10 AM,Tree Trim Inspection,TREEMAINTENANCE,"BLANCHETTE, PETER",6930  BRACE ,"6, ZONE",574C,5553d,CLOSED,2020-07-22,07:10 AM
173848,Tree Trim,2020-07-22 09:04 AM,Tree Trim Inspection,TREEMAINTENANCE,"BLANCHETTE, PETER", 8760 HOWARD DR&5100 MICHAEL DR,"5, ZONE",535R,5654b,CLOSED,2020-07-22,09:04 AM
173849,Tree Trim,2020-07-22 09:23 AM,Tree Trim Inspection,TREEMAINTENANCE,"UF - POLOVTSEV, SERA",9530  JENSEN ,"4, ZONE",454A,5461d,CLOSED,2020-07-22,09:23 AM
173850,Tree Removal,2020-07-22 10:39 AM,Tree Removal Inspection,TREEMAINTENANCE,"UF - JONES, CODY",1303  AFTON ,"3, ZONE",451X,5158a,CLOSED,2020-07-22,10:39 AM
173858,Tree Trim,2020-07-22 11:38 AM,Tree Trim Inspection,TREEMAINTENANCE,"UF - POLOVTSEV, SERA",7203  FINCH ,"4, ZONE",454M,5560b,CLOSED,2020-07-22,11:38 AM
173859,Tree Trim,2020-07-22 11:51 AM,Tree Trim Inspection,TREEMAINTENANCE,"UF - POLOVTSEV, SERA", 2000 BLUE WILLOW DR&10600 INWOOD DR,"2, ZONE",489Q,4956a,CLOSED,2020-07-22,11:51 AM
173860,Tree Trim,2020-07-22 11:54 AM,Tree Trim Inspection,TREEMAINTENANCE,"PATINO, ARNULFO",12807 GLENWOLDE DR,"2, ZONE",528R,77099,CLOSED,2020-07-22,11:54 AM
173861,Tree Planting,2020-07-22 12:16 PM,Tree Planting Inspection,TREEPROTECTION,"UF - JONES, CODY", 1700 FOUNTAIN VIEW DR&5900 SAN FELIPE ST,"2, ZONE",491N,5157c,CLOSED,2020-07-22,12:16 PM
173862,Tree Removal,2020-07-22 01:16 PM,Tree Removal Inspection,TREEMAINTENANCE,"BLANCHETTE, PETER",6916  HEMLOCK ,"5, ZONE",535E,5555b,CLOSED,2020-07-22,01:16 PM
173863,Tree Trim,2020-07-22 01:25 PM,Tree Trim Inspection,TREEMAINTENANCE,"UF - JONES, CODY",10923  TIMBEROAK ,"3, ZONE",449U,4959c,CLOSED,2020-07-22,01:25 PM
173864,Tree Trim,2020-07-22 02:43 PM,Tree Trim Inspection,TREEMAINTENANCE,"PATINO, ARNULFO",10603 UMBER CT,"2, ZONE",529W,77099,CLOSED,2020-07-22,02:43 PM
173865,Tree Removal,2020-07-22 02:51 PM,Tree Removal Inspection,TREEMAINTENANCE,"UF - POLOVTSEV, SERA",8600  SANDRA ,"4, ZONE",454G,5560a,CLOSED,2020-07-22,02:51 PM
173866,Tree Trim,2020-07-22 02:59 PM,Tree Trim Inspection,TREEMAINTENANCE,"UF - JONES, CODY",1417  VASSAR ,"7, ZONE",492Z,5356c,CLOSED,2020-07-22,02:59 PM
173868,Tree Trim,2020-07-22 04:00 PM,Tree Trim Inspection,TREEMAINTENANCE,"UF - JONES, CODY",3002  SUFFOLK ,"2, ZONE",491V,5256a,CLOSED,2020-07-22,04:00 PM
173869,Tree Removal,2020-07-22 04:08 PM,Tree Removal Inspection,TREEMAINTENANCE,"UF - POLOVTSEV, SERA",3221 DURHILL ST,"7, ZONE",532P,77025,CLOSED,2020-07-22,04:08 PM
173870,Tree Trim,2020-07-22 04:20 PM,Tree Trim Inspection,TREEMAINTENANCE,"UF - POLOVTSEV, SERA", 6100 KINGWOOD DR&1800 MILLS BRANCH DR,"4, ZONE",297Z,5870b,CLOSED,2020-07-22,04:20 PM
173871,Tree Removal,2020-07-22 04:29 PM,Tree Removal Inspection,TREEMAINTENANCE,"BLANCHETTE, PETER",10918  SAGEBURROW ,"6, ZONE",616B,5750a,CLOSED,2020-07-22,04:29 PM
173872,Tree Removal,2020-07-22 04:31 PM,Tree Removal Inspection,TREEMAINTENANCE,"PATINO, ARNULFO",5906 YARWELL DR,"7, ZONE",531S,77096,CLOSED,2020-07-22,04:31 PM
173875,Tree Trim,2020-07-23 07:04 AM,Tree Trim Inspection,TREEMAINTENANCE,"PATINO, ARNULFO",3019 BANDELL DR,"7, ZONE",572F,77045,CLOSED,2020-07-23,07:04 AM
173878,Tree Trim,2020-07-23 09:27 AM,Tree Trim Inspection,TREEMAINTENANCE,"UF - POLOVTSEV, SERA",1700  RICHMOND ,"2, ZONE",492Z,5356c,CLOSED,2020-07-23,09:27 AM
173879,Tree Trim,2020-07-23 10:00 AM,Tree Trim Inspection,TREEMAINTENANCE,"PATINO, ARNULFO",7810 CHASECREEK DR,"7, ZONE",570V,77489,CLOSED,2020-07-23,10:00 AM
173880,Tree Trim,2020-07-23 10:03 AM,Tree Trim Inspection,TREEMAINTENANCE,"BLANCHETTE, PETER",1211  VERA LOU ,"6, ZONE",533U,5453a,CLOSED,2020-07-23,10:03 AM
173881,Tree Stump Grinding,2020-07-23 10:18 AM,Tree Stump Inspection,TREEMAINTENANCE,"UF - POLOVTSEV, SERA", 900 BONNIE GLEN&1600 HAMBLEN RD,"4, ZONE",336K,5769c,CLOSED,2020-07-23,10:18 AM
173882,Tree Trim,2020-07-23 10:51 AM,Tree Trim Inspection,TREEMAINTENANCE,"PATINO, ARNULFO",6652 KIRBY DR,"7, ZONE",532G,77005,CLOSED,2020-07-23,10:51 AM
173883,Tree Trim,2020-07-23 11:03 AM,Tree Trim Inspection,TREEMAINTENANCE,"UF - POLOVTSEV, SERA", 1972 HADDON ST&1700 HAZARD ST,"2, ZONE",492R,5357c,CLOSED,2020-07-23,11:03 AM
173884,Tree Removal,2020-07-23 11:18 AM,Tree Removal Inspection,TREEMAINTENANCE,"UF - JONES, CODY",5010  CAPLIN ,"4, ZONE",454Q,5560c,CLOSED,2020-07-23,11:18 AM
173885,Tree Trim,2020-07-23 11:26 AM,Tree Trim Inspection,TREEMAINTENANCE,"PATINO, ARNULFO",9700 LEAWOOD BLVD,"2, ZONE",529T,77099,CLOSED,2020-07-23,11:26 AM
173886,Tree Protection Rev,2020-07-23 11:26 AM,Tree Protection Review Inspection,TREEPROTECTION,"UF - JONES, CODY",410  HOFFMAN ,"4, ZONE",494D,5558a,CLOSED,2020-07-23,11:26 AM
173887,Tree Trim,2020-07-23 11:35 AM,Tree Trim Inspection,TREEMAINTENANCE,"UF - POLOVTSEV, SERA",13702  LOCKE ,"2, ZONE",488T,4756d,CLOSED,2020-07-23,11:35 AM
173888,Tree Trim,2020-07-23 01:10 PM,Tree Trim Inspection,TREEMAINTENANCE,"UF - JONES, CODY",1301  STUDEWOOD ,"3, ZONE",453W,5359d,CLOSED,2020-07-23,01:10 PM
173891,Tree Trim,2020-07-23 01:47 PM,Tree Trim Inspection,TREEMAINTENANCE,"UF - POLOVTSEV, SERA",13803  WALNUT HOLLOW ,"2, ZONE",488X,4755b,CLOSED,2020-07-23,01:47 PM
173892,Tree Removal,2020-07-23 01:52 PM,Tree Removal Inspection,TREEMAINTENANCE,"BLANCHETTE, PETER",2016  PEARL ,"5, ZONE",495P,5657a,CLOSED,2020-07-23,01:52 PM
173893,Tree Code Violation,2020-07-23 02:00 PM,Tree Code Violation Inspection,TREEPROTECTION,"UF - JONES, CODY",950  EUCLID ,"3, ZONE",493B,5358b,CLOSED,2020-07-23,02:00 PM
173895,Tree Trim,2020-07-23 02:27 PM,Tree Trim Inspection,TREEMAINTENANCE,"UF - JONES, CODY",912  OXFORD ,"3, ZONE",493A,5358a,CLOSED,2020-07-23,02:27 PM
173896,Tree Stump Grinding,2020-07-23 04:04 PM,Tree Stump Inspection,TREEMAINTENANCE,"PATINO, ARNULFO",6103 WIGTON DR,"7, ZONE",530V,77096,CLOSED,2020-07-23,04:04 PM
173897,Tree Trim,2020-07-23 05:20 PM,Tree Trim Inspection,TREEMAINTENANCE,"UF - JONES, CODY", 3200 BAGBY ST&400 ELGIN ST&100 WESTHEIMER RD,"2, ZONE",493T,5356b,CLOSED,2020-07-23,05:20 PM
173898,Tree Trim,2020-07-23 11:22 PM,Tree Trim Inspection,TREEMAINTENANCE,"PATINO, ARNULFO",9603 WEYBRIDGE DR,"7, ZONE",569D,77031,CLOSED,2020-07-23,11:22 PM
173899,Tree Removal,2020-07-23 11:38 PM,Tree Removal Inspection,TREEMAINTENANCE,"PATINO, ARNULFO",5919 BANKSIDE DR,"7, ZONE",531W,77096,CLOSED,2020-07-23,11:38 PM
173900,Tree Removal,2020-07-24 12:39 AM,Tree Removal Inspection,TREEMAINTENANCE,"BLANCHETTE, PETER",8200  PARK PLACE ,"5, ZONE",535P,5654a,CLOSED,2020-07-24,12:39 AM
173901,Tree Trim,2020-07-24 08:42 AM,Tree Trim Inspection,TREEMAINTENANCE,"PATINO, ARNULFO",8900 STELLA LINK RD,"7, ZONE",532N,77025,CLOSED,2020-07-24,08:42 AM
173902,Tree Trim,2020-07-24 08:57 AM,Tree Trim Inspection,TREEMAINTENANCE,"UF - POLOVTSEV, SERA",6847  HOPPER ,"4, ZONE",415T,5562b,CLOSED,2020-07-24,08:57 AM
173903,Tree Trim,2020-07-24 09:42 AM,Tree Trim Inspection,TREEMAINTENANCE,"PATINO, ARNULFO",5524 HUISACHE ST,"7, ZONE",531K,77081,CLOSED,2020-07-24,09:42 AM
173905,Tree Trim,2020-07-24 10:10 AM,Tree Trim Inspection,TREEMAINTENANCE,"UF - JONES, CODY", 5600 ARLINGTON ST&300 E HAMILTON ST,"3, ZONE",453A,5361c,CLOSED,2020-07-24,10:10 AM
173906,Tree Removal,2020-07-24 10:25 AM,Tree Removal Inspection,TREEMAINTENANCE,"PATINO, ARNULFO",9221 KENILWORTH ST,"2, ZONE",491C,77024,CLOSED,2020-07-24,10:25 AM
173907,Tree Trim,2020-07-24 10:27 AM,Tree Trim Inspection,TREEMAINTENANCE,"BLANCHETTE, PETER", 7400 FAUNA ST&7052 PRENTISS DR,"6, ZONE",575A,5553d,CLOSED,2020-07-24,10:27 AM
173908,Tree Trim,2020-07-24 10:44 AM,Tree Trim Inspection,TREEMAINTENANCE,"PATINO, ARNULFO",8850 CHIMNEY ROCK RD,"7, ZONE",531P,77096,CLOSED,2020-07-24,10:44 AM
173909,Tree Trim,2020-07-24 11:13 AM,Tree Trim Inspection,TREEMAINTENANCE,"UF - JONES, CODY",6933 E CROSSTIMBERS ,"3, ZONE",452M,5260d,CLOSED,2020-07-24,11:13 AM
173910,Tree Trim,2020-07-24 11:22 AM,Tree Trim Inspection,TREEMAINTENANCE,"PATINO, ARNULFO",11839 BRIAR FOREST DR,"2, ZONE",489N,77077,CLOSED,2020-07-24,11:22 AM
173911,Tree Trim,2020-07-24 11:48 AM,Tree Trim Inspection,TREEMAINTENANCE,"UF - JONES, CODY",3535 A  LOUISIANA ,"2, ZONE",493T,5356b,CLOSED,2020-07-24,11:48 AM
173912,Tree Removal,2020-07-24 12:09 PM,Tree Removal Inspection,TREEMAINTENANCE,"BLANCHETTE, PETER",8101  BONNER ,"5, ZONE",535U,5654d,CLOSED,2020-07-24,12:09 PM
173913,Tree Removal,2020-07-24 01:00 PM,Tree Removal Inspection,TREEMAINTENANCE,"UF - JONES, CODY",6818  SHADYVILLA ,"3, ZONE",451Y,5159c,CLOSED,2020-07-24,01:00 PM
173914,Tree Removal,2020-07-24 02:10 PM,Tree Removal Inspection,TREEMAINTENANCE,"UF - POLOVTSEV, SERA",805  HAMBLEN ,"4, ZONE",336J,5669d,CLOSED,2020-07-24,02:10 PM
173915,Tree Trim,2020-07-24 03:24 PM,Tree Trim Inspection,TREEMAINTENANCE,"PATINO, ARNULFO",GESSNER RD & OVERCUP DR,"2, ZONE",490E,77024,CLOSED,2020-07-24,03:24 PM
173916,Tree Removal,2020-07-24 03:37 PM,Tree Removal Inspection,TREEMAINTENANCE,"PATINO, ARNULFO",4015 LILLIAN ST,"2, ZONE",492H,77007,CLOSED,2020-07-24,03:37 PM
173917,Tree Removal,2020-07-24 04:34 PM,Tree Removal Inspection,TREEMAINTENANCE,"UF - POLOVTSEV, SERA",2811 A  FERNDALE ,"2, ZONE",492U,5256b,CLOSED,2020-07-24,04:34 PM
173918,Tree Trim,2020-07-24 05:02 PM,Tree Trim Inspection,TREEMAINTENANCE,"UF - JONES, CODY", 5450 BOLIVIA BLVD&5100 SPRING FOREST DR,"3, ZONE",451C,5161d,CLOSED,2020-07-24,05:02 PM
173919,Tree Trim,2020-07-24 05:59 PM,Tree Trim Inspection,TREEMAINTENANCE,"PATINO, ARNULFO",3700 HILLCROFT ST,"2, ZONE",490Z,77063,CLOSED,2020-07-24,05:59 PM
173920,Tree Trim,2020-07-24 06:50 PM,Tree Trim Inspection,TREEMAINTENANCE,"UF - POLOVTSEV, SERA",211  PALMYRA ,"4, ZONE",453L,5360b,CLOSED,2020-07-24,06:50 PM
173921,Tree Removal,2020-07-25 02:20 AM,Tree Removal Inspection,TREEMAINTENANCE,"BLANCHETTE, PETER",1901 BOLSOVER ST,"7, ZONE",532D,77005,CLOSED,2020-07-25,02:20 AM
173922,Tree Removal,2020-07-25 10:53 AM,Tree Removal Inspection,TREEMAINTENANCE,"BLANCHETTE, PETER",435  BOLDEN ,"5, ZONE",495V,5656b,CLOSED,2020-07-25,10:53 AM
173923,Tree Removal,2020-07-25 11:59 AM,Tree Removal Inspection,TREEMAINTENANCE,"PATINO, ARNULFO",BRIAR HILL DR & SHADY RIVER DR,"2, ZONE",489M,77042,CLOSED,2020-07-25,11:59 AM
173924,Tree Trim,2020-07-25 01:10 PM,Tree Trim Inspection,TREEMAINTENANCE,"UF - POLOVTSEV, SERA", 10716 HIRSCH RD&5100 LITTLE YORK RD,"4, ZONE",414U,5562c,CLOSED,2020-07-25,01:10 PM
173925,Tree Removal,2020-07-25 01:35 PM,Tree Removal Inspection,TREEMAINTENANCE,"BLANCHETTE, PETER",7423  MAGNOLIA ,"5, ZONE",535A,5555b,CLOSED,2020-07-25,01:35 PM
173929,Tree Removal,2020-07-25 04:03 PM,Tree Removal Inspection,TREEMAINTENANCE,"PATINO, ARNULFO",4422 TIFFANY DR,"7, ZONE",572N,77045,CLOSED,2020-07-25,04:03 PM
173933,Tree Removal,2020-07-25 04:40 PM,Tree Removal Inspection,TREEMAINTENANCE,"PATINO, ARNULFO",9400 BRIAR FOREST DR,"2, ZONE",490P,77063,CLOSED,2020-07-25,04:40 PM
173934,Tree Removal,2020-07-25 05:34 PM,Tree Removal Inspection,TREEMAINTENANCE,"UF - POLOVTSEV, SERA",8602  SHADY VISTA ,"4, ZONE",455G,5661c,CLOSED,2020-07-25,05:34 PM
173935,Tree Removal,2020-07-25 07:20 PM,Tree Removal Inspection,TREEMAINTENANCE,"UF - JONES, CODY",1709  BINGHAM ,"2, ZONE",493F,5358d,CLOSED,2020-07-25,07:20 PM
173936,Tree Removal,2020-07-25 08:09 PM,Tree Removal Inspection,TREEMAINTENANCE,"UF - POLOVTSEV, SERA",3576  SAN FELIPE ,"2, ZONE",492N,5256a,CLOSED,2020-07-25,08:09 PM
173940,Tree Code Violation,2020-07-26 01:11 AM,Tree Code Violation Inspection,TREEPROTECTION,"UF - JONES, CODY",1320  VASSAR ,"7, ZONE",493W,5356c,CLOSED,2020-07-26,01:11 AM
173941,Tree Removal,2020-07-26 08:29 AM,Tree Removal Inspection,TREEMAINTENANCE,"UF - JONES, CODY",10507  HADDINGTON ,"3, ZONE",449V,4959c,CLOSED,2020-07-26,08:29 AM
173942,Tree Trim,2020-07-26 10:28 AM,Tree Trim Inspection,TREEMAINTENANCE,"UF - JONES, CODY", 1706 HOLMAN ST&3500 MOSLEY CT,"2, ZONE",493Y,5356b,CLOSED,2020-07-26,10:28 AM
173943,Tree Trim,2020-07-26 11:27 AM,Tree Trim Inspection,TREEMAINTENANCE,"BLANCHETTE, PETER",2342  BASTROP ,"6, ZONE",493U,5456a,CLOSED,2020-07-26,11:27 AM
173944,Tree Trim,2020-07-26 11:28 AM,Tree Trim Inspection,TREEMAINTENANCE,"BLANCHETTE, PETER",2219  BASTROP ,"6, ZONE",493U,5456a,CLOSED,2020-07-26,11:28 AM
173945,Tree Removal,2020-07-26 03:22 PM,Tree Removal Inspection,TREEMAINTENANCE,"UF - JONES, CODY",5001  MONTROSE ,"7, ZONE",493W,5356c,CLOSED,2020-07-26,03:22 PM
173946,Tree Trim,2020-07-26 04:10 PM,Tree Trim Inspection,TREEMAINTENANCE,"UF - POLOVTSEV, SERA",9411  HADDICK ,"4, ZONE",455C,5661c,CLOSED,2020-07-26,04:10 PM
173947,Tree Trim,2020-07-26 04:34 PM,Tree Trim Inspection,TREEMAINTENANCE,"BLANCHETTE, PETER",2121  CENTRAL ,"5, ZONE",535L,5655d,CLOSED,2020-07-26,04:34 PM
173948,Tree Removal,2020-07-26 05:04 PM,Tree Removal Inspection,TREEMAINTENANCE,"PATINO, ARNULFO",13300 PERTHSHIRE RD,"2, ZONE",489F,77079,CLOSED,2020-07-26,05:04 PM
173949,Tree Trim,2020-07-26 05:53 PM,Tree Trim Inspection,TREEMAINTENANCE,"UF - POLOVTSEV, SERA",5102  WILEY ,"4, ZONE",414Y,5561a,CLOSED,2020-07-26,05:53 PM
173950,Tree Trim,2020-07-27 02:16 AM,Tree Trim Inspection,TREEMAINTENANCE,"UF - POLOVTSEV, SERA",1506  MICHIGAN ,"2, ZONE",492R,5357c,CLOSED,2020-07-27,02:16 AM
173953,Tree Trim,2020-07-27 07:53 AM,Tree Trim Inspection,TREEMAINTENANCE,"BLANCHETTE, PETER",141  FIDELITY ,"5, ZONE",495Z,5656b,CLOSED,2020-07-27,07:53 AM
173954,Tree Trim,2020-07-27 08:25 AM,Tree Trim Inspection,TREEMAINTENANCE,"UF - JONES, CODY", 1100 EUCLID ST&3000 NORHILL BLVD,"3, ZONE",493A,5358b,CLOSED,2020-07-27,08:25 AM
173955,Tree Trim,2020-07-27 08:32 AM,Tree Trim Inspection,TREEMAINTENANCE,"UF - POLOVTSEV, SERA",5700  COLLINGSWORTH ,"4, ZONE",454Y,5559c,CLOSED,2020-07-27,08:32 AM
173956,Tree Removal,2020-07-27 08:58 AM,Tree Removal Inspection,TREEMAINTENANCE,"PATINO, ARNULFO",7321 GREENBRIAR DR,"7, ZONE",532L,77030,CLOSED,2020-07-27,08:58 AM
173957,Tree Trim,2020-07-27 09:05 AM,Tree Trim Inspection,TREEMAINTENANCE,"BLANCHETTE, PETER",8102  BONNER ,"5, ZONE",535U,5654d,CLOSED,2020-07-27,09:05 AM
173958,Tree Trim,2020-07-27 09:17 AM,Tree Trim Inspection,TREEMAINTENANCE,"PATINO, ARNULFO",11602 POMPANO LN,"2, ZONE",529K,77072,CLOSED,2020-07-27,09:17 AM
173959,Tree Removal,2020-07-27 09:24 AM,Tree Removal Inspection,TREEMAINTENANCE,"PATINO, ARNULFO",5734 HUMMINGBIRD ST,"7, ZONE",531W,77096,CLOSED,2020-07-27,09:24 AM
173960,Tree Removal,2020-07-27 09:46 AM,Tree Removal Inspection,TREEMAINTENANCE,"PATINO, ARNULFO",5606 LUDINGTON DR,"7, ZONE",571A,77035,CLOSED,2020-07-27,09:46 AM
173961,Tree Trim,2020-07-27 09:47 AM,Tree Trim Inspection,TREEMAINTENANCE,"PATINO, ARNULFO",3119 SKYPARK DR,"2, ZONE",488Y,77082,CLOSED,2020-07-27,09:47 AM
173962,Tree Trim,2020-07-27 10:01 AM,Tree Trim Inspection,TREEMAINTENANCE,"UF - POLOVTSEV, SERA", 2000 HAILEY ST&3300 SUMPTER ST,"4, ZONE",494E,5458d,CLOSED,2020-07-27,10:01 AM
173963,Tree Trim,2020-07-27 10:09 AM,Tree Trim Inspection,TREEMAINTENANCE,"PATINO, ARNULFO",13018 GLENWYCK ST,"7, ZONE",572E,77045,CLOSED,2020-07-27,10:09 AM
173966,Tree Removal,2020-07-27 10:39 AM,Tree Removal Inspection,TREEMAINTENANCE,"UF - JONES, CODY",723  ARLINGTON ,"3, ZONE",493A,5358a,CLOSED,2020-07-27,10:39 AM
173968,Tree Protection Rev,2020-07-27 10:54 AM,Tree Protection Review Inspection,TREEPROTECTION,"PATINO, ARNULFO",3906 PURDUE ST,"7, ZONE",492W,77005,CLOSED,2020-07-27,10:54 AM
173969,Tree Trim,2020-07-27 11:11 AM,Tree Trim Inspection,TREEMAINTENANCE,"PATINO, ARNULFO",1100 MALONE ST,"2, ZONE",492G,77007,CLOSED,2020-07-27,11:11 AM
173977,Tree Trim,2020-07-27 03:28 PM,Tree Trim Inspection,TREEMAINTENANCE,"UF - POLOVTSEV, SERA",10221  CHEEVES ,"4, ZONE",415W,5561b,CLOSED,2020-07-27,03:28 PM
173981,Tree Trim,2020-07-27 05:01 PM,Tree Trim Inspection,TREEMAINTENANCE,"BLANCHETTE, PETER",8051  BONNER ,"5, ZONE",535U,5654d,CLOSED,2020-07-27,05:01 PM
173982,Tree Trim,2020-07-27 08:30 PM,Tree Trim Inspection,TREEMAINTENANCE,"UF - JONES, CODY",2631  CARMEL ,"3, ZONE",411Z,5161b,CLOSED,2020-07-27,08:30 PM
173983,Tree Trim,2020-07-27 08:38 PM,Tree Trim Inspection,TREEMAINTENANCE,"PATINO, ARNULFO",4711 JASON ST,"7, ZONE",531Q,77096,CLOSED,2020-07-27,08:38 PM
173987,Tree Removal,2020-07-28 08:24 AM,Tree Removal Inspection,TREEMAINTENANCE,"PATINO, ARNULFO",14657 CARADINE ST,"7, ZONE",571T,77085,CLOSED,2020-07-28,08:24 AM
173990,Tree Trim,2020-07-28 09:06 AM,Tree Trim Inspection,TREEMAINTENANCE,"UF - POLOVTSEV, SERA",5718  EDWARD ,"4, ZONE",374V,5565c,CLOSED,2020-07-28,09:06 AM
173991,Tree Removal,2020-07-28 09:18 AM,Tree Removal Inspection,TREEMAINTENANCE,"PATINO, ARNULFO",1901  BOLSOVER ,"7, ZONE",532D,5355a,CLOSED,2020-07-28,09:18 AM
173992,Tree Trim,2020-07-28 09:20 AM,Tree Trim Inspection,TREEMAINTENANCE,"UF - JONES, CODY", 1300 W 22ND ST&2200 BEVIS ST,"3, ZONE",452U,5259d,CLOSED,2020-07-28,09:20 AM
173993,Tree Trim,2020-07-28 09:43 AM,Tree Trim Inspection,TREEMAINTENANCE,"UF - POLOVTSEV, SERA",3811  DRISCOLL ,"2, ZONE",492V,5356a,CLOSED,2020-07-28,09:43 AM
173995,Tree Trim,2020-07-28 10:12 AM,Tree Trim Inspection,TREEMAINTENANCE,"PATINO, ARNULFO",12400 MILLBANKS DR,"7, ZONE",569H,77031,CLOSED,2020-07-28,10:12 AM
173996,Tree Trim,2020-07-28 10:13 AM,Tree Trim Inspection,TREEMAINTENANCE,"BLANCHETTE, PETER",6523  RIDGEWAY ,"6, ZONE",534Y,5553a,CLOSED,2020-07-28,10:13 AM
173997,Tree Removal,2020-07-28 10:27 AM,Tree Removal Inspection,TREEMAINTENANCE,"UF - POLOVTSEV, SERA",2910  HIGH VALLEY ,"4, ZONE",297Z,5870b,CLOSED,2020-07-28,10:27 AM
173998,Tree Trim,2020-07-28 10:31 AM,Tree Trim Inspection,TREEMAINTENANCE,"BLANCHETTE, PETER",6211  DIXIE ,"6, ZONE",534U,5554c,CLOSED,2020-07-28,10:31 AM
174000,Tree Protection Rev,2020-07-28 11:06 AM,Tree Protection Review Inspection,TREEPROTECTION,"UF - POLOVTSEV, SERA",1741 W MAIN ,"2, ZONE",492V,5356a,CLOSED,2020-07-28,11:06 AM
174001,Tree Removal,2020-07-28 11:25 AM,Tree Removal Inspection,TREEMAINTENANCE,"BLANCHETTE, PETER",6603  KERNEL ,"5, ZONE",534H,5555b,CLOSED,2020-07-28,11:25 AM
174002,Tree Trim,2020-07-28 11:30 AM,Tree Trim Inspection,TREEMAINTENANCE,"PATINO, ARNULFO",5731 ARIEL ST,"7, ZONE",531N,77096,CLOSED,2020-07-28,11:30 AM
174003,Tree Removal,2020-07-28 11:31 AM,Tree Removal Inspection,TREEMAINTENANCE,"PATINO, ARNULFO",6650 BRIARGATE DR,"7, ZONE",571W,77489,CLOSED,2020-07-28,11:31 AM
174004,Tree Trim,2020-07-28 11:39 AM,Tree Trim Inspection,TREEMAINTENANCE,"UF - JONES, CODY", 4000 LUCILLE ST&3200 RUSSELL ST,"4, ZONE",494B,5458b,CLOSED,2020-07-28,11:39 AM
174006,Tree Trim,2020-07-28 12:04 PM,Tree Trim Inspection,TREEMAINTENANCE,"UF - JONES, CODY",11631  BOWHEAD ,"4, ZONE",496B,5758a,CLOSED,2020-07-28,12:04 PM
174007,Tree Trim,2020-07-28 12:08 PM,Tree Trim Inspection,TREEMAINTENANCE,"PATINO, ARNULFO",7114 TOWERVIEW LN,"7, ZONE",571S,77489,CLOSED,2020-07-28,12:08 PM
174009,Tree Trim,2020-07-28 12:34 PM,Tree Trim Inspection,TREEMAINTENANCE,"UF - POLOVTSEV, SERA",3214  KNOLL WEST ,"2, ZONE",488Y,4855a,CLOSED,2020-07-28,12:34 PM
174010,Tree Trim,2020-07-28 01:28 PM,Tree Trim Inspection,TREEMAINTENANCE,"UF - POLOVTSEV, SERA",1301  PATTERSON ,"2, ZONE",492H,5358c,CLOSED,2020-07-28,01:28 PM
174011,Tree Trim,2020-07-28 01:35 PM,Tree Trim Inspection,TREEMAINTENANCE,"UF - POLOVTSEV, SERA", 4500 ALLEN ST&1300 PATTERSON ST,"2, ZONE",492H,5358c,CLOSED,2020-07-28,01:35 PM
174012,Tree Removal,2020-07-28 02:01 PM,Tree Removal Inspection,TREEMAINTENANCE,"UF - POLOVTSEV, SERA",517  BIRDSALL ,"2, ZONE",492L,5257b,CLOSED,2020-07-28,02:01 PM
174014,Tree Trim,2020-07-28 02:54 PM,Tree Trim Inspection,TREEMAINTENANCE,"PATINO, ARNULFO",BARBARA LN & KIRBY DR,"7, ZONE",532G,77030,CLOSED,2020-07-28,02:54 PM
174015,Tree Removal,2020-07-28 02:54 PM,Tree Removal Inspection,TREEMAINTENANCE,"UF - JONES, CODY",2102  ELMGATE ,"3, ZONE",450T,4959d,CLOSED,2020-07-28,02:54 PM
174016,Tree Trim,2020-07-28 03:51 PM,Tree Trim Inspection,TREEMAINTENANCE,"UF - JONES, CODY",403 E 9TH ,"3, ZONE",493A,5358a,CLOSED,2020-07-28,03:51 PM
174018,Tree Removal,2020-07-28 04:13 PM,Tree Removal Inspection,TREEMAINTENANCE,"UF - JONES, CODY",7225  PARKER ,"4, ZONE",415W,5561b,CLOSED,2020-07-28,04:13 PM
174025,Tree Trim,2020-07-28 05:18 PM,Tree Trim Inspection,TREEMAINTENANCE,"BLANCHETTE, PETER",4414  DALLAS ,"5, ZONE",494T,5456b,CLOSED,2020-07-28,05:18 PM
174026,Tree Trim,2020-07-28 05:49 PM,Tree Trim Inspection,TREEMAINTENANCE,"UF - JONES, CODY",320  KELLEY ,"4, ZONE",453Q,5459a,CLOSED,2020-07-28,05:49 PM
174027,Tree Trim,2020-07-28 05:54 PM,Tree Trim Inspection,TREEMAINTENANCE,"UF - POLOVTSEV, SERA", 15112 MEMORIAL DR&15100 TURKEY CREEK DR,"2, ZONE",488C,4758d,CLOSED,2020-07-28,05:54 PM
174028,Tree Trim,2020-07-28 06:34 PM,Tree Trim Inspection,TREEMAINTENANCE,"BLANCHETTE, PETER",3506  SOUTHMORE ,"6, ZONE",533G,5455a,CLOSED,2020-07-28,06:34 PM
174029,Tree Trim,2020-07-29 06:48 AM,Tree Trim Inspection,TREEMAINTENANCE,"PATINO, ARNULFO",387 WALKER ST,"1, ZONE",493L,77002,CLOSED,2020-07-29,06:48 AM
174030,Tree Trim,2020-07-29 07:05 AM,Tree Trim Inspection,TREEMAINTENANCE,"UF - JONES, CODY", 4650 PINEMONT DR&4900 T C JESTER BLVD,"3, ZONE",451H,5160b,CLOSED,2020-07-29,07:05 AM
174031,Tree Trim,2020-07-29 08:37 AM,Tree Trim Inspection,TREEMAINTENANCE,"UF - POLOVTSEV, SERA", 4900 CURTIN ST&1000 DUMBLE ST,"5, ZONE",494T,5556a,CLOSED,2020-07-29,08:37 AM
174032,Tree Trim,2020-07-29 08:56 AM,Tree Trim Inspection,TREEMAINTENANCE,"BLANCHETTE, PETER",4354  ELMWOOD ,"6, ZONE",533Y,5453a,CLOSED,2020-07-29,08:56 AM
174033,Tree Removal,2020-07-29 08:59 AM,Tree Removal Inspection,TREEMAINTENANCE,"UF - JONES, CODY",11427  OAK SPRING ,"3, ZONE",449X,4858b,CLOSED,2020-07-29,08:59 AM
174034,Tree Trim,2020-07-29 09:20 AM,Tree Trim Inspection,TREEMAINTENANCE,"PATINO, ARNULFO",2402 HAZARD ST,"2, ZONE",492V,77019,CLOSED,2020-07-29,09:20 AM
174035,Tree Removal,2020-07-29 09:42 AM,Tree Removal Inspection,TREEMAINTENANCE,"UF - JONES, CODY",5814  BLACK GUM ,"3, ZONE",451A,5061d,CLOSED,2020-07-29,09:42 AM
174036,Tree Trim,2020-07-29 09:43 AM,Tree Trim Inspection,TREEMAINTENANCE,"UF - JONES, CODY",5818  BLACK GUM ,"3, ZONE",451A,5061d,CLOSED,2020-07-29,09:43 AM
174038,Tree Removal,2020-07-29 11:39 AM,Tree Removal Inspection,TREEMAINTENANCE,"PATINO, ARNULFO",7726 DAWNRIDGE DR,"7, ZONE",570C,77071,CLOSED,2020-07-29,11:39 AM
174039,Tree Removal,2020-07-29 12:36 PM,Tree Removal Inspection,TREEMAINTENANCE,"PATINO, ARNULFO",9898 CLUB CREEK DR,"2, ZONE",529R,77036,CLOSED,2020-07-29,12:36 PM
174040,Tree Removal,2020-07-29 12:39 PM,Tree Removal Inspection,TREEMAINTENANCE,"PATINO, ARNULFO",7806 RIPTIDE DR,"2, ZONE",529J,77072,CLOSED,2020-07-29,12:39 PM
174042,Tree Removal,2020-07-29 12:56 PM,Tree Removal Inspection,TREEMAINTENANCE,"UF - JONES, CODY", 1614 W 43RD ST&1564 CHESHIRE LN,"3, ZONE",452J,5260a,CLOSED,2020-07-29,12:56 PM
174043,Tree Trim,2020-07-29 01:42 PM,Tree Trim Inspection,TREEMAINTENANCE,"BLANCHETTE, PETER",414  HOFFMAN ,"4, ZONE",494D,5558a,CLOSED,2020-07-29,01:42 PM
174044,Tree Removal,2020-07-29 01:50 PM,Tree Removal Inspection,TREEMAINTENANCE,"UF - JONES, CODY",1302  CAYWOOD ,"3, ZONE",451X,5158a,CLOSED,2020-07-29,01:50 PM
174045,Tree Trim,2020-07-29 01:56 PM,Tree Trim Inspection,TREEMAINTENANCE,"PATINO, ARNULFO",4827 DALMATIAN DR,"7, ZONE",571R,77045,CLOSED,2020-07-29,01:56 PM
174046,Tree Trim,2020-07-29 02:18 PM,Tree Trim Inspection,TREEMAINTENANCE,"UF - POLOVTSEV, SERA",9313  PEMBROOK ,"4, ZONE",455A,5561d,CLOSED,2020-07-29,02:18 PM
174047,Tree Trim,2020-07-29 02:42 PM,Tree Trim Inspection,TREEMAINTENANCE,"PATINO, ARNULFO",9318 LEADER ST,"2, ZONE",529H,77036,CLOSED,2020-07-29,02:42 PM
174048,Tree Removal,2020-07-29 02:48 PM,Tree Removal Inspection,TREEMAINTENANCE,"UF - POLOVTSEV, SERA",5305  IRVINGTON ,"4, ZONE",453U,5459a,CLOSED,2020-07-29,02:48 PM
174049,Tree Trim,2020-07-29 02:49 PM,Tree Trim Inspection,TREEMAINTENANCE,"UF - JONES, CODY", 10200 CENTREPARK DR&4000 GESSNER RD,"3, ZONE",450J,4960d,CLOSED,2020-07-29,02:49 PM
174050,Tree Trim,2020-07-29 03:11 PM,Tree Trim Inspection,TREEMAINTENANCE,"PATINO, ARNULFO",4311 REGENCY DR,"7, ZONE",572E,77045,CLOSED,2020-07-29,03:11 PM
174051,Tree Removal,2020-07-29 03:24 PM,Tree Removal Inspection,TREEMAINTENANCE,"UF - POLOVTSEV, SERA",8010  RHOBELL ,"4, ZONE",415X,5661a,CLOSED,2020-07-29,03:24 PM
174053,Tree Removal,2020-07-29 04:28 PM,Tree Removal Inspection,TREEMAINTENANCE,"UF - JONES, CODY",6534  GUHN ,"3, ZONE",410Y,5061a,CLOSED,2020-07-29,04:28 PM
174054,Tree Trim,2020-07-29 04:40 PM,Tree Trim Inspection,TREEMAINTENANCE,"BLANCHETTE, PETER",11606  TIERRA RIDGE ,"5, ZONE",576Q,5752d,CLOSED,2020-07-29,04:40 PM
174055,Tree Removal,2020-07-29 04:48 PM,Tree Removal Inspection,TREEMAINTENANCE,"BLANCHETTE, PETER",2603  SKYVIEW DOWNS ,"6, ZONE",573N,5351b,CLOSED,2020-07-29,04:48 PM
174056,Tree Trim,2020-07-29 05:10 PM,Tree Trim Inspection,TREEMAINTENANCE,"UF - POLOVTSEV, SERA",102  EDGEWOOD ,"5, ZONE",494U,5557c,CLOSED,2020-07-29,05:10 PM
174057,Tree Removal,2020-07-29 09:17 PM,Tree Removal Inspection,TREEMAINTENANCE,"BLANCHETTE, PETER",6005  BRADY ,"5, ZONE",494U,5556a,CLOSED,2020-07-29,09:17 PM
174062,Tree Trim,2020-07-30 08:51 AM,Tree Trim Inspection,TREEMAINTENANCE,"PATINO, ARNULFO",5547 VALERIE ST,"7, ZONE",531J,77081,CLOSED,2020-07-30,08:51 AM
174068,Tree Removal,2020-07-30 10:06 AM,Tree Removal Inspection,TREEMAINTENANCE,"PATINO, ARNULFO",13803 WALNUT HOLLOW LN,"2, ZONE",488X,77082,CLOSED,2020-07-30,10:06 AM
174069,Tree Trim,2020-07-30 10:13 AM,Tree Trim Inspection,TREEMAINTENANCE,"BLANCHETTE, PETER", 7200 BELLFORT ST&7100 WESTOVER ST,"6, ZONE",534V,5553b,CLOSED,2020-07-30,10:13 AM
174071,Tree Trim,2020-07-30 11:43 AM,Tree Trim Inspection,TREEMAINTENANCE,"UF - JONES, CODY",449 W 22ND ,"3, ZONE",452V,5359a,CLOSED,2020-07-30,11:43 AM
174072,Tree Trim,2020-07-30 12:28 PM,Tree Trim Inspection,TREEMAINTENANCE,"BLANCHETTE, PETER",7706  ERATH ,"5, ZONE",535A,5556d,CLOSED,2020-07-30,12:28 PM
174073,Tree Trim,2020-07-30 12:35 PM,Tree Trim Inspection,TREEMAINTENANCE,"PATINO, ARNULFO",17022 ARTWOOD LN,"7, ZONE",610F,77489,CLOSED,2020-07-30,12:35 PM
174075,Tree Removal,2020-07-30 01:19 PM,Tree Removal Inspection,TREEMAINTENANCE,"PATINO, ARNULFO",5738 CLARIDGE DR,"7, ZONE",531W,77096,CLOSED,2020-07-30,01:19 PM
174076,Tree Trim,2020-07-30 01:24 PM,Tree Trim Inspection,TREEMAINTENANCE,"UF - POLOVTSEV, SERA",7917  NASHVILLE ,"4, ZONE",455K,5660c,CLOSED,2020-07-30,01:24 PM
174077,Tree Removal,2020-07-30 01:40 PM,Tree Removal Inspection,TREEMAINTENANCE,"PATINO, ARNULFO",4204 BLOSSOM ST,"2, ZONE",492M,77007,CLOSED,2020-07-30,01:40 PM
174078,Tree Removal,2020-07-30 01:42 PM,Tree Removal Inspection,TREEMAINTENANCE,"PATINO, ARNULFO",1411 WINROCK BLVD,"2, ZONE",491N,77057,CLOSED,2020-07-30,01:42 PM
174079,Tree Trim,2020-07-30 02:59 PM,Tree Trim Inspection,TREEMAINTENANCE,"PATINO, ARNULFO",3150  ELMSIDE HOUSTON TX ,"2, ZONE",490W,4956d,CLOSED,2020-07-30,02:59 PM
174080,Tree Removal,2020-07-30 03:07 PM,Tree Removal Inspection,TREEMAINTENANCE,"UF - JONES, CODY", 14000 CLAY RD&4400 N ELDRIDGE PKWY,"3, ZONE",448H,4860c,CLOSED,2020-07-30,03:07 PM
174081,Tree Trim,2020-07-30 03:34 PM,Tree Trim Inspection,TREEMAINTENANCE,"UF - POLOVTSEV, SERA", 7800 DANDY ST&5620 WEAVER RD,"4, ZONE",454M,5560a,CLOSED,2020-07-30,03:34 PM
174082,Tree Removal,2020-07-30 03:48 PM,Tree Removal Inspection,TREEMAINTENANCE,"BLANCHETTE, PETER",4959 BELLFORT ST,"6, ZONE",533Z,77033,CLOSED,2020-07-30,03:48 PM
174083,Tree Trim,2020-07-30 05:10 PM,Tree Trim Inspection,TREEMAINTENANCE,"PATINO, ARNULFO",3919 CLOVERBROOK DR,"7, ZONE",572N,77045,CLOSED,2020-07-30,05:10 PM
174084,Tree Stump Grinding,2020-07-30 08:51 PM,Tree Stump Inspection,TREEMAINTENANCE,"UF - JONES, CODY",1418  MURRAYHILL ,"3, ZONE",449Z,4958b,CLOSED,2020-07-30,08:51 PM
174085,Tree Removal,2020-07-30 09:53 PM,Tree Removal Inspection,TREEMAINTENANCE,"PATINO, ARNULFO",4802 BRIARBEND DR,"7, ZONE",531Y,77035,CLOSED,2020-07-30,09:53 PM
174086,Tree Removal,2020-07-30 10:04 PM,Tree Removal Inspection,TREEMAINTENANCE,"PATINO, ARNULFO",4737 WILLOWBEND BLVD,"7, ZONE",531Y,77035,CLOSED,2020-07-30,10:04 PM
174087,Tree Removal,2020-07-31 12:41 AM,Tree Removal Inspection,TREEMAINTENANCE,"BLANCHETTE, PETER",541 S 75TH ,"5, ZONE",535A,5556d,CLOSED,2020-07-31,12:41 AM
174088,Tree Removal,2020-07-31 05:54 AM,Tree Removal Inspection,TREEMAINTENANCE,"BLANCHETTE, PETER",8354  BARKLEY ,"5, ZONE",535V,5654d,CLOSED,2020-07-31,05:54 AM
174090,Tree Trim,2020-07-31 07:14 AM,Tree Trim Inspection,TREEMAINTENANCE,"UF - JONES, CODY",5801  WOODWAY ,"2, ZONE",491K,5157a,CLOSED,2020-07-31,07:14 AM
174092,Tree Trim,2020-07-31 07:47 AM,Tree Trim Inspection,TREEMAINTENANCE,"PATINO, ARNULFO",8434 BLOSSOM BELL LN,"7, ZONE",610G,77489,CLOSED,2020-07-31,07:47 AM
174094,Tree Trim,2020-07-31 09:10 AM,Tree Trim Inspection,TREEMAINTENANCE,"BLANCHETTE, PETER",1854  LEXINGTON ,"2, ZONE",492Z,5356c,CLOSED,2020-07-31,09:10 AM
174095,Tree Trim,2020-07-31 09:11 AM,Tree Trim Inspection,TREEMAINTENANCE,"UF - JONES, CODY",1858  LEXINGTON ,"2, ZONE",492Z,5356c,CLOSED,2020-07-31,09:11 AM
174096,Tree Trim,2020-07-31 10:46 AM,Tree Trim Inspection,TREEMAINTENANCE,"UF - POLOVTSEV, SERA",2247  NORTH ,"7, ZONE",492Y,5256d,CLOSED,2020-07-31,10:46 AM
174098,Tree Removal,2020-07-31 11:09 AM,Tree Removal Inspection,TREEMAINTENANCE,"BLANCHETTE, PETER",3602  TRAILWOOD ,"6, ZONE",534K,5555c,CLOSED,2020-07-31,11:09 AM
174099,Tree Trim,2020-07-31 11:40 AM,Tree Trim Inspection,TREEMAINTENANCE,"BLANCHETTE, PETER",9155  WINGTIP ,"6, ZONE",575L,5652c,CLOSED,2020-07-31,11:40 AM
174100,Tree Removal,2020-07-31 12:56 PM,Tree Removal Inspection,TREEMAINTENANCE,"PATINO, ARNULFO",11931 N HANWORTH DR,"7, ZONE",569D,77031,CLOSED,2020-07-31,12:56 PM
174101,Tree Trim,2020-07-31 12:58 PM,Tree Trim Inspection,TREEMAINTENANCE,"PATINO, ARNULFO",11931 N HANWORTH DR,"7, ZONE",569D,77031,CLOSED,2020-07-31,12:58 PM
174102,Tree Removal,2020-07-31 04:35 PM,Tree Removal Inspection,TREEMAINTENANCE,"BLANCHETTE, PETER",3818  ALBERTA ,"6, ZONE",533L,5454a,CLOSED,2020-07-31,04:35 PM
174103,Tree Removal,2020-07-31 04:45 PM,Tree Removal Inspection,TREEMAINTENANCE,"UF - POLOVTSEV, SERA",803  KNIGHT ,"4, ZONE",453G,5461c,CLOSED,2020-07-31,04:45 PM
174104,Tree Trim,2020-07-31 04:58 PM,Tree Trim Inspection,TREEMAINTENANCE,"PATINO, ARNULFO",8127 BEECH COVE LN,"2, ZONE",529J,77072,CLOSED,2020-07-31,04:58 PM
174105,Tree Trim,2020-07-31 05:24 PM,Tree Trim Inspection,TREEMAINTENANCE,"PATINO, ARNULFO",6207 QUIET VILLAGE CT,"7, ZONE",611B,77053,CLOSED,2020-07-31,05:24 PM
174106,Tree Removal,2020-07-31 05:25 PM,Tree Removal Inspection,TREEMAINTENANCE,"UF - POLOVTSEV, SERA",3215  KINGS MOUNTAIN ,"4, ZONE",297P,5871c,CLOSED,2020-07-31,05:25 PM
174107,Tree Trim,2020-08-01 12:35 AM,Tree Trim Inspection,TREEMAINTENANCE,"UF - JONES, CODY",5433  TUPPER LAKE ,"2, ZONE",491K,5157a,CLOSED,2020-08-01,12:35 AM
174108,Tree Removal,2020-08-01 08:37 AM,Tree Removal Inspection,TREEMAINTENANCE,"UF - POLOVTSEV, SERA",247  HAHLO ,"4, ZONE",494D,5558a,CLOSED,2020-08-01,08:37 AM
174109,Tree Trim,2020-08-01 08:50 AM,Tree Trim Inspection,TREEMAINTENANCE,"UF - POLOVTSEV, SERA",1809  MASON ,"2, ZONE",493P,5357d,CLOSED,2020-08-01,08:50 AM
174110,Tree Code Violation,2020-08-01 09:11 AM,Tree Code Violation Inspection,TREEPROTECTION,"PATINO, ARNULFO",6022 LYMBAR DR,"7, ZONE",530Z,77096,CLOSED,2020-08-01,09:11 AM
174111,Tree Removal,2020-08-01 09:31 AM,Tree Removal Inspection,TREEMAINTENANCE,"UF - JONES, CODY",6210  WISHING WELL ,"3, ZONE",411T,5162c,CLOSED,2020-08-01,09:31 AM
174112,Tree Trim,2020-08-01 10:36 AM,Tree Trim Inspection,TREEMAINTENANCE,"UF - JONES, CODY", 6600 CLEMSON ST&4132 LANG RD,"3, ZONE",451J,5160c,CLOSED,2020-08-01,10:36 AM
174113,Tree Trim,2020-08-01 12:22 PM,Tree Trim Inspection,TREEMAINTENANCE,"BLANCHETTE, PETER",11115  SAGEWIND ,"6, ZONE",616B,5750b,CLOSED,2020-08-01,12:22 PM
174114,Tree Trim,2020-08-01 02:19 PM,Tree Trim Inspection,TREEMAINTENANCE,"UF - POLOVTSEV, SERA",8934  COMPTON ,"4, ZONE",454H,5561c,CLOSED,2020-08-01,02:19 PM
174115,Tree Trim,2020-08-01 02:31 PM,Tree Trim Inspection,TREEMAINTENANCE,"PATINO, ARNULFO",10730 HILLCROFT ST,"7, ZONE",531W,77096,CLOSED,2020-08-01,02:31 PM
174116,Tree Removal,2020-08-01 02:44 PM,Tree Removal Inspection,TREEMAINTENANCE,"UF - POLOVTSEV, SERA", 6100 COLFAX ST&300 HAHLO ST,"4, ZONE",494D,5558a,CLOSED,2020-08-01,02:44 PM
174117,Tree Removal,2020-08-01 06:57 PM,Tree Removal Inspection,TREEMAINTENANCE,"PATINO, ARNULFO",12642 COHO LN,"7, ZONE",572K,77045,CLOSED,2020-08-01,06:57 PM
174118,Tree Removal,2020-08-02 04:00 PM,Tree Removal Inspection,TREEMAINTENANCE,"BLANCHETTE, PETER",7350  THUROW ,"6, ZONE",535N,5554b,CLOSED,2020-08-02,04:00 PM
174119,Tree Removal,2020-08-02 04:17 PM,Tree Removal Inspection,TREEMAINTENANCE,"BLANCHETTE, PETER",7302  THUROW ,"6, ZONE",534M,5554b,CLOSED,2020-08-02,04:17 PM
174124,Tree Trim,2020-08-03 07:40 AM,Tree Trim Inspection,TREEMAINTENANCE,"UF - JONES, CODY",222 W CROSSTIMBERS ,"3, ZONE",452M,5360c,CLOSED,2020-08-03,07:40 AM
174125,Tree Trim,2020-08-03 09:11 AM,Tree Trim Inspection,TREEMAINTENANCE,"UF - JONES, CODY",32 A  LANA ,"2, ZONE",491V,5256a,CLOSED,2020-08-03,09:11 AM
174126,Tree Trim,2020-08-03 09:32 AM,Tree Trim Inspection,TREEMAINTENANCE,"BLANCHETTE, PETER",3602 COSDY STREET ,"6, ZONE",533L,5455c,CLOSED,2020-08-03,09:32 AM
174127,Tree Trim,2020-08-03 09:39 AM,Tree Trim Inspection,TREEMAINTENANCE,"UF - POLOVTSEV, SERA",3135  CHRISTIE ,"4, ZONE",454W,5459d,CLOSED,2020-08-03,09:39 AM
174128,Tree Removal,2020-08-03 09:51 AM,Tree Removal Inspection,TREEMAINTENANCE,"PATINO, ARNULFO",6206 OAKHAM ST,"7, ZONE",571P,77085,CLOSED,2020-08-03,09:51 AM
174129,Tree Removal,2020-08-03 10:00 AM,Tree Removal Inspection,TREEMAINTENANCE,"PATINO, ARNULFO",11315 ELMCROFT DR,"2, ZONE",529T,77099,CLOSED,2020-08-03,10:00 AM
174130,Tree Removal,2020-08-03 10:45 AM,Tree Removal Inspection,TREEMAINTENANCE,"BLANCHETTE, PETER",7818  SARITA ,"5, ZONE",535K,5655c,CLOSED,2020-08-03,10:45 AM
174131,Tree Trim,2020-08-03 11:22 AM,Tree Trim Inspection,TREEMAINTENANCE,"PATINO, ARNULFO",4222 F ST,"2, ZONE",529A,77072,CLOSED,2020-08-03,11:22 AM
174132,Tree Trim,2020-08-03 11:30 AM,Tree Trim Inspection,TREEMAINTENANCE,"UF - JONES, CODY",4903  CANDLEGLOW ,"3, ZONE",452G,5260b,CLOSED,2020-08-03,11:30 AM
174133,Tree Trim,2020-08-03 11:41 AM,Tree Trim Inspection,TREEMAINTENANCE,"UF - JONES, CODY",2207  BANCROFT ,"2, ZONE",491V,5256a,CLOSED,2020-08-03,11:41 AM
174138,Tree Trim,2020-08-03 02:03 PM,Tree Trim Inspection,TREEMAINTENANCE,"BLANCHETTE, PETER",5910  SCOTT ,"6, ZONE",533H,5455c,CLOSED,2020-08-03,02:03 PM
174139,Tree Removal,2020-08-03 02:16 PM,Tree Removal Inspection,TREEMAINTENANCE,"UF - JONES, CODY",9920  PORTO RICO ,"3, ZONE",450A,4961d,CLOSED,2020-08-03,02:16 PM
174140,Tree Trim,2020-08-03 02:22 PM,Tree Trim Inspection,TREEMAINTENANCE,"UF - JONES, CODY",9920  PORTO RICO ,"3, ZONE",450A,4961d,CLOSED,2020-08-03,02:22 PM
174142,Tree Removal,2020-08-03 02:43 PM,Tree Removal Inspection,TREEMAINTENANCE,"UF - JONES, CODY",10645  HAMMERLY ,"3, ZONE",449Q,4959a,CLOSED,2020-08-03,02:43 PM
174145,Tree Trim,2020-08-03 03:46 PM,Tree Trim Inspection,TREEMAINTENANCE,"BLANCHETTE, PETER",11502  KIRKVALLEY ,"6, ZONE",576X,5751d,CLOSED,2020-08-03,03:46 PM
174147,Tree Removal,2020-08-03 04:04 PM,Tree Removal Inspection,TREEMAINTENANCE,"UF - POLOVTSEV, SERA",2317  MARGARET ,"4, ZONE",414W,5462c,CLOSED,2020-08-03,04:04 PM
174148,Tree Trim,2020-08-03 04:14 PM,Tree Trim Inspection,TREEMAINTENANCE,"PATINO, ARNULFO",CROQUET LN & W OREM DR,"7, ZONE",571K,77085,CLOSED,2020-08-03,04:14 PM
174149,Tree Removal,2020-08-03 04:24 PM,Tree Removal Inspection,TREEMAINTENANCE,"UF - JONES, CODY",11607  MANOR PARK ,"2, ZONE",489P,4856b,CLOSED,2020-08-03,04:24 PM
174150,Tree Removal,2020-08-03 05:42 PM,Tree Removal Inspection,TREEMAINTENANCE,"UF - POLOVTSEV, SERA",2600  WOODHEAD ,"2, ZONE",492V,5356a,CLOSED,2020-08-03,05:42 PM
174151,Tree Removal,2020-08-03 08:01 PM,Tree Removal Inspection,TREEMAINTENANCE,"UF - POLOVTSEV, SERA", 3900 LYONS AVE&1600 WORMS ST,"4, ZONE",494F,5458d,CLOSED,2020-08-03,08:01 PM
174152,Tree Stump Grinding,2020-08-03 08:27 PM,Tree Stump Inspection,TREEMAINTENANCE,"UF - JONES, CODY",4406  GRASS VALLEY ,"3, ZONE",451H,5160b,CLOSED,2020-08-03,08:27 PM
174153,Tree Trim,2020-08-03 10:57 PM,Tree Trim Inspection,TREEMAINTENANCE,"UF - JONES, CODY",7643  ATHLONE ,"3, ZONE",411U,5162d,CLOSED,2020-08-03,10:57 PM
174158,Tree Trim,2020-08-04 08:37 AM,Tree Trim Inspection,TREEMAINTENANCE,"UF - POLOVTSEV, SERA", 4500 FEDERAL PLAZA DR&6400 PINEMONT DR,"3, ZONE",451F,5160a,CLOSED,2020-08-04,08:37 AM
174159,Tree Trim,2020-08-04 08:45 AM,Tree Trim Inspection,TREEMAINTENANCE,"PATINO, ARNULFO",990 N KIRKWOOD RD,"3, ZONE",489A,77043,CLOSED,2020-08-04,08:45 AM
174160,Tree Removal,2020-08-04 08:59 AM,Tree Removal Inspection,TREEMAINTENANCE,"BLANCHETTE, PETER",2307  TIERWESTER ,"6, ZONE",493Z,5456a,CLOSED,2020-08-04,08:59 AM
174161,Tree Trim,2020-08-04 09:30 AM,Tree Trim Inspection,TREEMAINTENANCE,"UF - POLOVTSEV, SERA", 1100 HAMBLEN ST&5200 ROBERTSON ST,"4, ZONE",453V,5459a,CLOSED,2020-08-04,09:30 AM
174162,Tree Trim,2020-08-04 09:42 AM,Tree Trim Inspection,TREEMAINTENANCE,"UF - POLOVTSEV, SERA",5515  EFFINGHAM ,"7, ZONE",571E,5152a,CLOSED,2020-08-04,09:42 AM
174163,Tree Trim,2020-08-04 10:14 AM,Tree Trim Inspection,TREEMAINTENANCE,"UF - JONES, CODY", 11900 BRIAR FOREST DR&1900 MOSSY STONE DR,"2, ZONE",489N,4856b,CLOSED,2020-08-04,10:14 AM
174164,Tree Trim,2020-08-04 10:33 AM,Tree Trim Inspection,TREEMAINTENANCE,"BLANCHETTE, PETER",2200 WALKER ST,"5, ZONE",493R,77003,CLOSED,2020-08-04,10:33 AM
174166,Tree Trim,2020-08-04 11:04 AM,Tree Trim Inspection,TREEMAINTENANCE,"BLANCHETTE, PETER",6720 S HAYWOOD ,"6, ZONE",535W,5553b,CLOSED,2020-08-04,11:04 AM
174167,Tree Trim,2020-08-04 11:22 AM,Tree Trim Inspection,TREEMAINTENANCE,"UF - POLOVTSEV, SERA",607  KILROY ,"4, ZONE",496E,5758a,CLOSED,2020-08-04,11:22 AM
174168,Tree Trim,2020-08-04 12:21 PM,Tree Trim Inspection,TREEMAINTENANCE,"UF - POLOVTSEV, SERA",1335  SEASPRAY ,"3, ZONE",452X,5259c,CLOSED,2020-08-04,12:21 PM
174169,Tree Removal,2020-08-04 12:28 PM,Tree Removal Inspection,TREEMAINTENANCE,"UF - POLOVTSEV, SERA",4014  ROSELAND ,"2, ZONE",493S,5356b,CLOSED,2020-08-04,12:28 PM
174170,Tree Trim,2020-08-04 12:34 PM,Tree Trim Inspection,TREEMAINTENANCE,"UF - POLOVTSEV, SERA", 5300 COCHRAN ST&1200 ENGLISH ST,"4, ZONE",453V,5459a,CLOSED,2020-08-04,12:34 PM
174172,Tree Trim,2020-08-04 12:38 PM,Tree Trim Inspection,TREEMAINTENANCE,"UF - POLOVTSEV, SERA",930  WESTFORD ,"4, ZONE",453M,5460c,CLOSED,2020-08-04,12:38 PM
174173,Tree Trim,2020-08-04 01:37 PM,Tree Trim Inspection,TREEMAINTENANCE,"UF - JONES, CODY",2300 S PINEY POINT ,"2, ZONE",490T,5056a,CLOSED,2020-08-04,01:37 PM
174174,Tree Trim,2020-08-04 01:37 PM,Tree Trim Inspection,TREEMAINTENANCE,"BLANCHETTE, PETER",2827  SHADY PARK ,"5, ZONE",535L,5655c,CLOSED,2020-08-04,01:37 PM
174175,Tree Removal,2020-08-04 02:08 PM,Tree Removal Inspection,TREEMAINTENANCE,"UF - POLOVTSEV, SERA", 7000 BROMPTON ST&2820 GRAMERCY ST,"7, ZONE",532F,5255d,CLOSED,2020-08-04,02:08 PM
174176,Tree Trim,2020-08-04 02:37 PM,Tree Trim Inspection,TREEMAINTENANCE,"UF - POLOVTSEV, SERA",1511  NORTH ,"3, ZONE",493C,5358b,CLOSED,2020-08-04,02:37 PM
174177,Tree Trim,2020-08-04 03:10 PM,Tree Trim Inspection,TREEMAINTENANCE,"UF - POLOVTSEV, SERA",400  MERCURY ,"4, ZONE",496A,5758a,CLOSED,2020-08-04,03:10 PM
174179,Tree Code Violation,2020-08-04 03:59 PM,Tree Code Violation Inspection,TREEPROTECTION,"UF - POLOVTSEV, SERA",2918  CORDON ,"4, ZONE",454W,5459d,CLOSED,2020-08-04,03:59 PM
174180,Tree Trim,2020-08-04 04:35 PM,Tree Trim Inspection,TREEMAINTENANCE,"UF - POLOVTSEV, SERA", 13800 CROQUET LN&5800 W OREM DR,"7, ZONE",571K,5151b,CLOSED,2020-08-04,04:35 PM
174181,Tree Removal,2020-08-04 06:42 PM,Tree Removal Inspection,TREEMAINTENANCE,"UF - POLOVTSEV, SERA",8121  ATTWATER ,"4, ZONE",455P,5660c,CLOSED,2020-08-04,06:42 PM
174182,Tree Trim,2020-08-04 07:29 PM,Tree Trim Inspection,TREEMAINTENANCE,"BLANCHETTE, PETER",3915  ALICE ,"6, ZONE",533Q,5454a,CLOSED,2020-08-04,07:29 PM
174186,Tree Trim,2020-08-05 06:07 AM,Tree Trim Inspection,TREEMAINTENANCE,"UF - POLOVTSEV, SERA", 1100 ARBOR PL&4814 FANNIN ST,"7, ZONE",493X,5356d,CLOSED,2020-08-05,06:07 AM
174187,Tree Trim,2020-08-05 07:45 AM,Tree Trim Inspection,TREEMAINTENANCE,"UF - JONES, CODY", 0 EAST FWY&700 KRESS ST,"4, ZONE",494H,5558c,CLOSED,2020-08-05,07:45 AM
174188,Tree Trim,2020-08-05 09:02 AM,Tree Trim Inspection,TREEMAINTENANCE,"UF - POLOVTSEV, SERA",428  CHEATHAM ,"4, ZONE",298X,5970b,CLOSED,2020-08-05,09:02 AM
174189,Tree Removal,2020-08-05 09:10 AM,Tree Removal Inspection,TREEMAINTENANCE,"UF - POLOVTSEV, SERA", 12200 EDWINA BLVD&3000 MOWERY RD,"7, ZONE",572M,5352c,CLOSED,2020-08-05,09:10 AM
174191,Tree Trim,2020-08-05 09:44 AM,Tree Trim Inspection,TREEMAINTENANCE,"UF - POLOVTSEV, SERA", 7550 CHASEWOOD DR&15000 HILLCROFT AVE,"7, ZONE",570V,5051d,CLOSED,2020-08-05,09:44 AM
174192,Tree Removal,2020-08-05 09:47 AM,Tree Removal Inspection,TREEMAINTENANCE,"UF - POLOVTSEV, SERA",6402  BAZEL BROOK ,"7, ZONE",571X,5150a,CLOSED,2020-08-05,09:47 AM
174194,Tree Trim,2020-08-05 10:07 AM,Tree Trim Inspection,TREEMAINTENANCE,"UF - POLOVTSEV, SERA",4411  EBBTIDE ,"7, ZONE",572J,5252c,CLOSED,2020-08-05,10:07 AM
174195,Tree Trim,2020-08-05 10:26 AM,Tree Trim Inspection,TREEMAINTENANCE,"UF - JONES, CODY",611  KILROY ,"4, ZONE",496E,5758a,CLOSED,2020-08-05,10:26 AM
174198,Tree Trim,2020-08-05 10:46 AM,Tree Trim Inspection,TREEMAINTENANCE,"UF - POLOVTSEV, SERA",6810  AVENUE C ,"5, ZONE",494V,5556b,CLOSED,2020-08-05,10:46 AM
174199,Tree Trim,2020-08-05 10:59 AM,Tree Trim Inspection,TREEMAINTENANCE,"BLANCHETTE, PETER",12219  CAPE HYANNIS ,"6, ZONE",573R,5451a,CLOSED,2020-08-05,10:59 AM
174200,Tree Removal,2020-08-05 11:06 AM,Tree Removal Inspection,TREEMAINTENANCE,"UF - POLOVTSEV, SERA",5821  WOODVIEW ,"4, ZONE",374M,5566c,CLOSED,2020-08-05,11:06 AM
174201,Tree Trim,2020-08-05 11:41 AM,Tree Trim Inspection,TREEMAINTENANCE,"UF - POLOVTSEV, SERA", 8900 CHIMNEY ROCK RD&5300 IMOGENE ST,"7, ZONE",531P,5154c,CLOSED,2020-08-05,11:41 AM
174202,Tree Trim,2020-08-05 12:16 PM,Tree Trim Inspection,TREEMAINTENANCE,"UF - JONES, CODY",6602  TEXARKANA ,"4, ZONE",494D,5558b,CLOSED,2020-08-05,12:16 PM
174203,Tree Trim,2020-08-05 12:38 PM,Tree Trim Inspection,TREEMAINTENANCE,"BLANCHETTE, PETER",16130  LA AVENIDA ,"5, ZONE",618N,5949d,CLOSED,2020-08-05,12:38 PM
174205,Tree Trim,2020-08-05 01:39 PM,Tree Trim Inspection,TREEMAINTENANCE,"UF - POLOVTSEV, SERA",7114  NAVIGATION ,"5, ZONE",495S,5556b,CLOSED,2020-08-05,01:39 PM
174208,Tree Trim,2020-08-05 02:15 PM,Tree Trim Inspection,TREEMAINTENANCE,"UF - POLOVTSEV, SERA", 910 ASHFORD PKWY&12550 HONEYWOOD TRL,"2, ZONE",488M,4857c,CLOSED,2020-08-05,02:15 PM
174210,Tree Trim,2020-08-05 02:41 PM,Tree Trim Inspection,TREEMAINTENANCE,"BLANCHETTE, PETER",8200  PARK PLACE ,"5, ZONE",535P,5654a,CLOSED,2020-08-05,02:41 PM
174213,Tree Trim,2020-08-05 04:06 PM,Tree Trim Inspection,TREEMAINTENANCE,"BLANCHETTE, PETER",6702  WILDWOOD ,"5, ZONE",534D,5556c,CLOSED,2020-08-05,04:06 PM
174214,Tree Trim,2020-08-05 04:10 PM,Tree Trim Inspection,TREEMAINTENANCE,"UF - JONES, CODY",2617  EASTEX ,"4, ZONE",494A,5458b,CLOSED,2020-08-05,04:10 PM
174215,Tree Trim,2020-08-05 05:30 PM,Tree Trim Inspection,TREEMAINTENANCE,"UF - POLOVTSEV, SERA",106  ALTIC ,"5, ZONE",494U,5556a,CLOSED,2020-08-05,05:30 PM
174216,Tree Trim,2020-08-06 09:13 AM,Tree Trim Inspection,TREEMAINTENANCE,"BLANCHETTE, PETER",1202  DANUBE ,"6, ZONE",533U,5454c,CLOSED,2020-08-06,09:13 AM
174217,Tree Removal,2020-08-06 09:31 AM,Tree Removal Inspection,TREEMAINTENANCE,"UF - POLOVTSEV, SERA",13010  APPLE GLEN ,"2, ZONE",528L,4854a,CLOSED,2020-08-06,09:31 AM
174218,Tree Trim,2020-08-06 10:06 AM,Tree Trim Inspection,TREEMAINTENANCE,"BLANCHETTE, PETER",5803 S BRAESWOOD BLVD,"7, ZONE",531S,77096,CLOSED,2020-08-06,10:06 AM
174219,Tree Trim,2020-08-06 10:07 AM,Tree Trim Inspection,TREEMAINTENANCE,"UF - JONES, CODY", 950 CAVALCADE ST&4800 CETTI ST,"4, ZONE",453V,5459c,CLOSED,2020-08-06,10:07 AM
174220,Tree Trim,2020-08-06 10:38 AM,Tree Trim Inspection,TREEMAINTENANCE,"UF - JONES, CODY", 10000 LONG POINT RD&1400 WITTE RD,"3, ZONE",450W,4958b,CLOSED,2020-08-06,10:38 AM
174225,Tree Removal,2020-08-06 12:02 PM,Tree Removal Inspection,TREEMAINTENANCE,"UF - POLOVTSEV, SERA",11603  CEDAR CREEK ,"2, ZONE",489P,4856b,CLOSED,2020-08-06,12:02 PM
174226,Tree Trim,2020-08-06 12:22 PM,Tree Trim Inspection,TREEMAINTENANCE,"BLANCHETTE, PETER",7355  THUROW ,"6, ZONE",535J,5554b,CLOSED,2020-08-06,12:22 PM
174227,Tree Removal,2020-08-06 12:23 PM,Tree Removal Inspection,TREEMAINTENANCE,"PATINO, ARNULFO",11450 ALMEDA RD,"7, ZONE",572D,77045,CLOSED,2020-08-06,12:23 PM
174230,Tree Trim,2020-08-06 12:57 PM,Tree Trim Inspection,TREEMAINTENANCE,"UF - POLOVTSEV, SERA",13203  GRANTMOOR ,"7, ZONE",571M,5252c,CLOSED,2020-08-06,12:57 PM
174243,Tree Trim,2020-08-06 01:27 PM,Tree Trim Inspection,TREEMAINTENANCE,"UF - POLOVTSEV, SERA",3307  ROCKYRIDGE ,"2, ZONE",490X,5056c,CLOSED,2020-08-06,01:27 PM
174246,Tree Removal,2020-08-06 01:51 PM,Tree Removal Inspection,TREEMAINTENANCE,"BLANCHETTE, PETER",4126  EBBTIDE ,"7, ZONE",572J,5252c,CLOSED,2020-08-06,01:51 PM
174247,Tree Removal,2020-08-06 02:19 PM,Tree Removal Inspection,TREEMAINTENANCE,"UF - POLOVTSEV, SERA",11219 PECAN CREEK DR,"3, ZONE",489B,77043,CLOSED,2020-08-06,02:19 PM
174248,Tree Trim,2020-08-06 02:33 PM,Tree Trim Inspection,TREEMAINTENANCE,"BLANCHETTE, PETER",5915  SOUTHURST ,"6, ZONE",534P,5554c,CLOSED,2020-08-06,02:33 PM
174249,Tree Removal,2020-08-06 02:35 PM,Tree Removal Inspection,TREEMAINTENANCE,"BLANCHETTE, PETER",6146  ANDWOOD ,"6, ZONE",534V,5554d,CLOSED,2020-08-06,02:35 PM
174252,Tree Trim,2020-08-06 03:07 PM,Tree Trim Inspection,TREEMAINTENANCE,"PATINO, ARNULFO",5731 ARIEL ST,"7, ZONE",531N,77096,CLOSED,2020-08-06,03:07 PM
174253,Tree Trim,2020-08-06 03:19 PM,Tree Trim Inspection,TREEMAINTENANCE,"UF - JONES, CODY",3603  PEPPERMILL ,"3, ZONE",450L,5060c,CLOSED,2020-08-06,03:19 PM
174254,Tree Removal,2020-08-06 03:41 PM,Tree Removal Inspection,TREEMAINTENANCE,"UF - POLOVTSEV, SERA",7807  SANDS POINT ,"2, ZONE",530B,5055c,CLOSED,2020-08-06,03:41 PM
174255,Tree Removal,2020-08-06 03:47 PM,Tree Removal Inspection,TREEMAINTENANCE,"UF - POLOVTSEV, SERA",1118  CALIFORNIA ,"2, ZONE",493S,5356a,CLOSED,2020-08-06,03:47 PM
174256,Tree Trim,2020-08-06 04:04 PM,Tree Trim Inspection,TREEMAINTENANCE,"UF - POLOVTSEV, SERA",216  GREENWOOD ,"5, ZONE",494U,5556a,CLOSED,2020-08-06,04:04 PM
174257,Tree Trim,2020-08-06 04:04 PM,Tree Trim Inspection,TREEMAINTENANCE,"BLANCHETTE, PETER",8331  FUQUA GARDENS ,"6, ZONE",575T,5651d,CLOSED,2020-08-06,04:04 PM
174259,Tree Trim,2020-08-06 04:14 PM,Tree Trim Inspection,TREEMAINTENANCE,"UF - POLOVTSEV, SERA",4104  KOLB ,"3, ZONE",492H,5358c,CLOSED,2020-08-06,04:14 PM
174260,Tree Removal,2020-08-06 05:44 PM,Tree Removal Inspection,TREEMAINTENANCE,"BLANCHETTE, PETER",7338  ARNIM ,"6, ZONE",535J,5554b,CLOSED,2020-08-06,05:44 PM
174265,Tree Trim,2020-08-07 08:06 AM,Tree Trim Inspection,TREEMAINTENANCE,"PATINO, ARNULFO",8900 CHIMNEY ROCK RD,"7, ZONE",531P,77096,CLOSED,2020-08-07,08:06 AM
174266,Tree Trim,2020-08-07 08:33 AM,Tree Trim Inspection,TREEMAINTENANCE,"BLANCHETTE, PETER", 903 RICHVALE LN,"5, ZONE",618P,5949b,CLOSED,2020-08-07,08:33 AM
174267,Tree Trim,2020-08-07 08:35 AM,Tree Trim Inspection,TREEMAINTENANCE,"BLANCHETTE, PETER", 11400 BEAMER RD&11600 KIRKVALLEY DR,"6, ZONE",576X,5751d,CLOSED,2020-08-07,08:35 AM
174268,Tree Trim,2020-08-07 09:11 AM,Tree Trim Inspection,TREEMAINTENANCE,"UF - POLOVTSEV, SERA",4533  SANFORD ,"7, ZONE",571D,5253c,CLOSED,2020-08-07,09:11 AM
174269,Tree Trim,2020-08-07 09:45 AM,Tree Trim Inspection,TREEMAINTENANCE,"UF - JONES, CODY", 5800 KAISER ST&14000 PACKARD ST,"3, ZONE",450B,5061c,CLOSED,2020-08-07,09:45 AM
174270,Tree Trim,2020-08-07 10:03 AM,Tree Trim Inspection,TREEMAINTENANCE,"BLANCHETTE, PETER",7825  HARRISBURG ,"5, ZONE",495X,5656c,CLOSED,2020-08-07,10:03 AM
174271,Tree Code Violation,2020-08-07 10:35 AM,Tree Code Violation Inspection,TREEPROTECTION,"UF - POLOVTSEV, SERA",608  WILLARD ,"2, ZONE",493N,5357d,CLOSED,2020-08-07,10:35 AM
174273,Tree Trim,2020-08-07 10:56 AM,Tree Trim Inspection,TREEMAINTENANCE,"UF - JONES, CODY",11631  BOWHEAD ,"4, ZONE",496B,5758a,CLOSED,2020-08-07,10:56 AM
174275,Tree Trim,2020-08-07 11:37 AM,Tree Trim Inspection,TREEMAINTENANCE,"UF - JONES, CODY", 10200 BAMBOO RD&5600 TRIWAY LN,"3, ZONE",450A,4961d,CLOSED,2020-08-07,11:37 AM
174276,Tree Trim,2020-08-07 12:06 PM,Tree Trim Inspection,TREEMAINTENANCE,"BLANCHETTE, PETER",8523  GLENCREST ,"6, ZONE",535Y,5653a,CLOSED,2020-08-07,12:06 PM
174277,Tree Trim,2020-08-07 12:20 PM,Tree Trim Inspection,TREEMAINTENANCE,"PATINO, ARNULFO",5600 GREENBRIAR DR,"7, ZONE",532C,77030,CLOSED,2020-08-07,12:20 PM
174278,Tree Trim,2020-08-07 01:32 PM,Tree Trim Inspection,TREEMAINTENANCE,"UF - POLOVTSEV, SERA",2247  NORTH ,"7, ZONE",492Y,5256d,CLOSED,2020-08-07,01:32 PM
174281,Tree Removal,2020-08-07 02:45 PM,Tree Removal Inspection,TREEMAINTENANCE,"UF - POLOVTSEV, SERA",8106  BOB WHITE ,"7, ZONE",530M,5054b,CLOSED,2020-08-07,02:45 PM
174283,Tree Trim,2020-08-07 03:36 PM,Tree Trim Inspection,TREEMAINTENANCE,"UF - JONES, CODY", 1100 NADINE ST&6000 NORHILL BLVD,"3, ZONE",453S,5359b,CLOSED,2020-08-07,03:36 PM
174284,Tree Removal,2020-08-07 03:38 PM,Tree Removal Inspection,TREEMAINTENANCE,"UF - POLOVTSEV, SERA",301 E COWAN ,"2, ZONE",492K,5257b,CLOSED,2020-08-07,03:38 PM
174285,Tree Trim,2020-08-07 04:03 PM,Tree Trim Inspection,TREEMAINTENANCE,"UF - JONES, CODY", 6000 MICHAUX ST&1000 NADINE ST,"3, ZONE",453T,5359b,CLOSED,2020-08-07,04:03 PM
174286,Tree Trim,2020-08-07 04:44 PM,Tree Trim Inspection,TREEMAINTENANCE,"UF - JONES, CODY",423  BAYLAND ,"3, ZONE",493B,5358b,CLOSED,2020-08-07,04:44 PM
174287,Tree Trim,2020-08-07 04:51 PM,Tree Trim Inspection,TREEMAINTENANCE,"UF - JONES, CODY",415  BAYLAND ,"3, ZONE",493B,5358b,CLOSED,2020-08-07,04:51 PM
174288,Tree Trim,2020-08-07 04:58 PM,Tree Trim Inspection,TREEMAINTENANCE,"UF - JONES, CODY",411  BAYLAND ,"3, ZONE",493B,5358b,CLOSED,2020-08-07,04:58 PM
174292,Tree Trim,2020-08-07 05:01 PM,Tree Trim Inspection,TREEMAINTENANCE,"UF - JONES, CODY",405  BAYLAND ,"3, ZONE",493B,5358b,CLOSED,2020-08-07,05:01 PM
174293,Tree Trim,2020-08-07 05:03 PM,Tree Trim Inspection,TREEMAINTENANCE,"UF - JONES, CODY",309  BAYLAND ,"3, ZONE",493B,5358b,CLOSED,2020-08-07,05:03 PM
174294,Tree Trim,2020-08-07 05:06 PM,Tree Trim Inspection,TREEMAINTENANCE,"UF - JONES, CODY",303  BAYLAND ,"3, ZONE",493B,5358b,CLOSED,2020-08-07,05:06 PM
174295,Tree Trim,2020-08-07 05:09 PM,Tree Trim Inspection,TREEMAINTENANCE,"UF - JONES, CODY",510  BAYLAND ,"3, ZONE",493B,5358b,CLOSED,2020-08-07,05:09 PM
174296,Tree Trim,2020-08-07 05:17 PM,Tree Trim Inspection,TREEMAINTENANCE,"UF - JONES, CODY",510  BAYLAND ,"3, ZONE",493B,5358b,CLOSED,2020-08-07,05:17 PM
174297,Tree Trim,2020-08-07 05:17 PM,Tree Trim Inspection,TREEMAINTENANCE,"UF - POLOVTSEV, SERA",9103  TANAGER ,"2, ZONE",530N,4954d,CLOSED,2020-08-07,05:17 PM
174298,Tree Trim,2020-08-07 05:20 PM,Tree Trim Inspection,TREEMAINTENANCE,"UF - JONES, CODY",625  BAYLAND ,"3, ZONE",493B,5358b,CLOSED,2020-08-07,05:20 PM
174299,Tree Trim,2020-08-07 10:45 PM,Tree Trim Inspection,TREEMAINTENANCE,"UF - JONES, CODY",1615 W 13TH ,"3, ZONE",452Y,5259d,CLOSED,2020-08-07,10:45 PM
174300,Tree Removal,2020-08-08 08:20 AM,Tree Removal Inspection,TREEMAINTENANCE,"BLANCHETTE, PETER",6730  SANTA FE ,"6, ZONE",574C,5553d,CLOSED,2020-08-08,08:20 AM
174301,Tree Trim,2020-08-08 08:43 AM,Tree Trim Inspection,TREEMAINTENANCE,"UF - POLOVTSEV, SERA",9210  CARRICK ,"4, ZONE",453F,5361d,CLOSED,2020-08-08,08:43 AM
174302,Tree Removal,2020-08-08 09:52 AM,Tree Removal Inspection,TREEMAINTENANCE,"UF - JONES, CODY",844 D W 25TH ,"3, ZONE",452U,5259b,CLOSED,2020-08-08,09:52 AM
174303,Tree Code Violation,2020-08-08 10:16 AM,Tree Code Violation Inspection,TREEPROTECTION,"BLANCHETTE, PETER",5730  TURTLE CREEK ,"5, ZONE",536T,5754c,CLOSED,2020-08-08,10:16 AM
174304,Tree Trim,2020-08-08 11:39 AM,Tree Trim Inspection,TREEMAINTENANCE,"BLANCHETTE, PETER",3707  AMOS ,"6, ZONE",533Q,5454a,CLOSED,2020-08-08,11:39 AM
174305,Tree Removal,2020-08-08 08:40 PM,Tree Removal Inspection,TREEMAINTENANCE,"UF - JONES, CODY",3902  BLALOCK ,"3, ZONE",450L,5060c,CLOSED,2020-08-08,08:40 PM
174306,Tree Trim,2020-08-09 09:55 AM,Tree Trim Inspection,TREEMAINTENANCE,"BLANCHETTE, PETER",6222  IRON ROCK ,"6, ZONE",534Q,5554a,CLOSED,2020-08-09,09:55 AM
174307,Tree Trim,2020-08-09 01:27 PM,Tree Trim Inspection,TREEMAINTENANCE,"BLANCHETTE, PETER",109  KEMPTON ,"5, ZONE",535A,5556d,CLOSED,2020-08-09,01:27 PM
174311,Tree Trim,2020-08-09 04:55 PM,Tree Trim Inspection,TREEMAINTENANCE,"UF - JONES, CODY",947  BAYLAND ,"3, ZONE",493B,5358b,CLOSED,2020-08-09,04:55 PM
174312,Tree Trim,2020-08-09 04:59 PM,Tree Trim Inspection,TREEMAINTENANCE,"UF - JONES, CODY",945  BAYLAND ,"3, ZONE",493B,5358b,CLOSED,2020-08-09,04:59 PM
174313,Tree Trim,2020-08-09 05:02 PM,Tree Trim Inspection,TREEMAINTENANCE,"UF - JONES, CODY",939  BAYLAND ,"3, ZONE",493B,5358b,CLOSED,2020-08-09,05:02 PM
174314,Tree Trim,2020-08-09 05:05 PM,Tree Trim Inspection,TREEMAINTENANCE,"UF - JONES, CODY",937  BAYLAND ,"3, ZONE",493B,5358b,CLOSED,2020-08-09,05:05 PM
174315,Tree Trim,2020-08-09 05:11 PM,Tree Trim Inspection,TREEMAINTENANCE,"UF - JONES, CODY",825  BAYLAND ,"3, ZONE",493B,5358b,CLOSED,2020-08-09,05:11 PM
174316,Tree Trim,2020-08-09 05:13 PM,Tree Trim Inspection,TREEMAINTENANCE,"UF - JONES, CODY",819  BAYLAND ,"3, ZONE",493B,5358b,CLOSED,2020-08-09,05:13 PM
174317,Tree Trim,2020-08-09 05:16 PM,Tree Trim Inspection,TREEMAINTENANCE,"UF - JONES, CODY",813  BAYLAND ,"3, ZONE",493B,5358b,CLOSED,2020-08-09,05:16 PM
174318,Tree Trim,2020-08-09 05:19 PM,Tree Trim Inspection,TREEMAINTENANCE,"UF - JONES, CODY",703  BAYLAND ,"3, ZONE",493B,5358b,CLOSED,2020-08-09,05:19 PM
174319,Tree Trim,2020-08-09 05:25 PM,Tree Trim Inspection,TREEMAINTENANCE,"UF - JONES, CODY",2012  WHITE OAK ,"3, ZONE",493B,5358d,CLOSED,2020-08-09,05:25 PM
174323,Tree Removal,2020-08-10 12:47 AM,Tree Removal Inspection,TREEMAINTENANCE,"BLANCHETTE, PETER",14114  TALLOW POINT ,"5, ZONE",618A,5950b,CLOSED,2020-08-10,12:47 AM
174324,Tree Removal,2020-08-10 04:44 AM,Tree Removal Inspection,TREEMAINTENANCE,"BLANCHETTE, PETER",541 S 75TH ,"5, ZONE",535A,5556d,CLOSED,2020-08-10,04:44 AM
174325,Tree Trim,2020-08-10 07:25 AM,Tree Trim Inspection,TREEMAINTENANCE,"UF - JONES, CODY",1317  CHAMBOARD ,"3, ZONE",452K,5260c,CLOSED,2020-08-10,07:25 AM
174327,Tree Trim,2020-08-10 07:37 AM,Tree Trim Inspection,TREEMAINTENANCE,"UF - JONES, CODY",819  JACKSON HILL ,"2, ZONE",492H,5357a,CLOSED,2020-08-10,07:37 AM
174328,Tree Trim,2020-08-10 08:08 AM,Tree Trim Inspection,TREEMAINTENANCE,"BLANCHETTE, PETER",8410  CONSTELLATION ,"6, ZONE",575Q,5652d,CLOSED,2020-08-10,08:08 AM
174329,Tree Trim,2020-08-10 08:38 AM,Tree Trim Inspection,TREEMAINTENANCE,"BLANCHETTE, PETER", 13800 AMBROSE ST&3200 W OREM DR,"7, ZONE",572K,5251b,CLOSED,2020-08-10,08:38 AM
174330,Tree Removal,2020-08-10 09:04 AM,Tree Removal Inspection,TREEMAINTENANCE,"UF - POLOVTSEV, SERA",10718  BRAEWICK ,"7, ZONE",530Z,5053d,CLOSED,2020-08-10,09:04 AM
174333,Tree Trim,2020-08-10 09:42 AM,Tree Trim Inspection,TREEMAINTENANCE,"UF - POLOVTSEV, SERA",1301  ISABELLA ,"2, ZONE",493X,5356b,CLOSED,2020-08-10,09:42 AM
174336,Tree Removal,2020-08-10 10:04 AM,Tree Removal Inspection,TREEMAINTENANCE,"UF - POLOVTSEV, SERA",3408 D  LA BRANCH ,"2, ZONE",493T,5356b,CLOSED,2020-08-10,10:04 AM
174337,Tree Removal,2020-08-10 10:21 AM,Tree Removal Inspection,TREEMAINTENANCE,"BLANCHETTE, PETER",8200  KERR ,"5, ZONE",495P,5657a,CLOSED,2020-08-10,10:21 AM
174338,Tree Trim,2020-08-10 11:10 AM,Tree Trim Inspection,TREEMAINTENANCE,"UF - POLOVTSEV, SERA",918 E CROSSTIMBERS ,"4, ZONE",453M,5460a,CLOSED,2020-08-10,11:10 AM
174339,Tree Trim,2020-08-10 11:11 AM,Tree Trim Inspection,TREEMAINTENANCE,"UF - POLOVTSEV, SERA",1002 E CROSSTIMBERS ,"4, ZONE",453M,5460a,CLOSED,2020-08-10,11:11 AM
174340,Tree Removal,2020-08-10 11:20 AM,Tree Removal Inspection,TREEMAINTENANCE,"PATINO, ARNULFO",2023 BOLSOVER ST,"7, ZONE",532D,77005,CLOSED,2020-08-10,11:20 AM
174343,Tree Trim,2020-08-10 11:51 AM,Tree Trim Inspection,TREEMAINTENANCE,"UF - JONES, CODY",5702  PETTY ,"3, ZONE",492B,5258d,CLOSED,2020-08-10,11:51 AM
174344,Tree Trim,2020-08-10 12:02 PM,Tree Trim Inspection,TREEMAINTENANCE,"UF - POLOVTSEV, SERA",3515  HARDIE ,"4, ZONE",454T,5459b,CLOSED,2020-08-10,12:02 PM
174345,Tree Trim,2020-08-10 12:16 PM,Tree Trim Inspection,TREEMAINTENANCE,"PATINO, ARNULFO",9326 LEADER ST,"2, ZONE",529H,77036,CLOSED,2020-08-10,12:16 PM
174346,Tree Trim,2020-08-10 12:39 PM,Tree Trim Inspection,TREEMAINTENANCE,"UF - JONES, CODY", 1600 ENID ST&500 LOUISE ST,"3, ZONE",453T,5359b,CLOSED,2020-08-10,12:39 PM
174347,Tree Removal,2020-08-10 01:35 PM,Tree Removal Inspection,TREEMAINTENANCE,"BLANCHETTE, PETER",3902  ZEPHYR ,"6, ZONE",533L,5455c,CLOSED,2020-08-10,01:35 PM
174348,Tree Removal,2020-08-10 01:43 PM,Tree Removal Inspection,TREEMAINTENANCE,"PATINO, ARNULFO",7715 CHASECREEK DR,"7, ZONE",570V,77489,CLOSED,2020-08-10,01:43 PM
174349,Tree Trim,2020-08-10 01:48 PM,Tree Trim Inspection,TREEMAINTENANCE,"UF - POLOVTSEV, SERA",13607  BROKEN BRIDGE ,"7, ZONE",571J,5151a,CLOSED,2020-08-10,01:48 PM
174350,Tree Removal,2020-08-10 02:01 PM,Tree Removal Inspection,TREEMAINTENANCE,"PATINO, ARNULFO",OFFER DR & WESTBRAE PKWY,"7, ZONE",530W,77031,CLOSED,2020-08-10,02:01 PM
174351,Tree Removal,2020-08-10 02:07 PM,Tree Removal Inspection,TREEMAINTENANCE,"UF - JONES, CODY",610  COLUMBIA ,"3, ZONE",493A,5358a,CLOSED,2020-08-10,02:07 PM
174353,Tree Removal,2020-08-10 02:42 PM,Tree Removal Inspection,TREEMAINTENANCE,"UF - BURKES, JEREMY",3000 N DURHAM ,"3, ZONE",452R,5259b,CLOSED,2020-08-10,02:42 PM
174354,Tree Removal,2020-08-10 03:37 PM,Tree Removal Inspection,TREEMAINTENANCE,"UF - JONES, CODY",5719  BLOSSOM ,"2, ZONE",492L,5257b,CLOSED,2020-08-10,03:37 PM
174355,Tree Trim,2020-08-10 03:53 PM,Tree Trim Inspection,TREEMAINTENANCE,"BLANCHETTE, PETER",6710  DILLON ,"6, ZONE",574G,5552a,CLOSED,2020-08-10,03:53 PM
174356,Tree Trim,2020-08-10 05:10 PM,Tree Trim Inspection,TREEMAINTENANCE,"UF - POLOVTSEV, SERA",2601  SADLER ,"4, ZONE",454E,5460b,CLOSED,2020-08-10,05:10 PM
174357,Tree Removal,2020-08-10 07:45 PM,Tree Removal Inspection,TREEMAINTENANCE,"UF - POLOVTSEV, SERA", 14700 CARADINE ST&6300 WHITTON DR,"7, ZONE",571T,5151c,CLOSED,2020-08-10,07:45 PM
174358,Tree Trim,2020-08-10 09:40 PM,Tree Trim Inspection,TREEMAINTENANCE,"UF - JONES, CODY",3115  HOUSTON ,"3, ZONE",493C,5358b,CLOSED,2020-08-10,09:40 PM
174359,Tree Trim,2020-08-10 09:45 PM,Tree Trim Inspection,TREEMAINTENANCE,"UF - JONES, CODY",615  BAYLAND ,"3, ZONE",493B,5358b,CLOSED,2020-08-10,09:45 PM
174360,Tree Trim,2020-08-10 09:48 PM,Tree Trim Inspection,TREEMAINTENANCE,"UF - JONES, CODY",620  BAYLAND ,"3, ZONE",493B,5358b,CLOSED,2020-08-10,09:48 PM
174362,Tree Trim,2020-08-11 07:26 AM,Tree Trim Inspection,TREEMAINTENANCE,"UF - POLOVTSEV, SERA",2110  STANFORD ,"2, ZONE",493N,5357d,CLOSED,2020-08-11,07:26 AM
174363,Tree Trim,2020-08-11 08:04 AM,Tree Trim Inspection,TREEMAINTENANCE,"UF - POLOVTSEV, SERA",3802  DRAKE ,"7, ZONE",492W,5256c,CLOSED,2020-08-11,08:04 AM
174364,Tree Removal,2020-08-11 08:24 AM,Tree Removal Inspection,TREEMAINTENANCE,"PATINO, ARNULFO",2301 DRYDEN RD,"7, ZONE",532C,77030,CLOSED,2020-08-11,08:24 AM
174366,Tree Trim,2020-08-11 09:26 AM,Tree Trim Inspection,TREEMAINTENANCE,"UF - POLOVTSEV, SERA", 4900 INGOMAR WAY&15440 WICKGATE DR,"7, ZONE",571Z,5250a,CLOSED,2020-08-11,09:26 AM
174367,Tree Trim,2020-08-11 10:34 AM,Tree Trim Inspection,TREEMAINTENANCE,"BLANCHETTE, PETER",8523  GLENCREST ,"6, ZONE",535Y,5653a,CLOSED,2020-08-11,10:34 AM
174368,Tree Trim,2020-08-11 10:43 AM,Tree Trim Inspection,TREEMAINTENANCE,"UF - POLOVTSEV, SERA", 2300 KINGWOOD DR&2600 WOODLAND HILLS DR,"4, ZONE",336C,5769a,CLOSED,2020-08-11,10:43 AM
174369,Tree Trim,2020-08-11 10:49 AM,Tree Trim Inspection,TREEMAINTENANCE,"UF - POLOVTSEV, SERA",8602  SHADY VISTA ,"4, ZONE",455G,5661c,CLOSED,2020-08-11,10:49 AM
174370,Tree Trim,2020-08-11 11:09 AM,Tree Trim Inspection,TREEMAINTENANCE,"BLANCHETTE, PETER",3806  HEATHERBROOK ,"7, ZONE",572N,5251b,CLOSED,2020-08-11,11:09 AM
174371,Tree Removal,2020-08-11 11:44 AM,Tree Removal Inspection,TREEMAINTENANCE,"BLANCHETTE, PETER",11619  SAGEHURST ,"6, ZONE",576Y,5751d,CLOSED,2020-08-11,11:44 AM
174372,Tree Trim,2020-08-11 11:50 AM,Tree Trim Inspection,TREEMAINTENANCE,"BLANCHETTE, PETER",6602  PARIS ,"6, ZONE",533R,5454b,CLOSED,2020-08-11,11:50 AM
174375,Tree Planting,2020-08-11 12:18 PM,Tree Planting Inspection,TREEPROTECTION,"UF - JONES, CODY",5020  HARRISBURG ,"5, ZONE",494T,5556a,CLOSED,2020-08-11,12:18 PM
174376,Tree Trim,2020-08-11 12:28 PM,Tree Trim Inspection,TREEMAINTENANCE,"PATINO, ARNULFO",14518 STONE PARK RD,"7, ZONE",570V,77489,CLOSED,2020-08-11,12:28 PM
174377,Tree Trim,2020-08-11 12:32 PM,Tree Trim Inspection,TREEMAINTENANCE,"BLANCHETTE, PETER",6710  DILLON ,"6, ZONE",574G,5552a,CLOSED,2020-08-11,12:32 PM
174378,Tree Removal,2020-08-11 12:44 PM,Tree Removal Inspection,TREEMAINTENANCE,"UF - POLOVTSEV, SERA",3414  LA BRANCH ,"2, ZONE",493T,5356b,CLOSED,2020-08-11,12:44 PM
174379,Tree Trim,2020-08-11 12:59 PM,Tree Trim Inspection,TREEMAINTENANCE,"UF - POLOVTSEV, SERA",1728 W MAIN ,"2, ZONE",492V,5356a,CLOSED,2020-08-11,12:59 PM
174380,Tree Trim,2020-08-11 01:50 PM,Tree Trim Inspection,TREEMAINTENANCE,"PATINO, ARNULFO",11700 BISSONNET ST,"2, ZONE",529T,77099,CLOSED,2020-08-11,01:50 PM
174381,Tree Removal,2020-08-11 02:04 PM,Tree Removal Inspection,TREEMAINTENANCE,"BLANCHETTE, PETER",13323  SOUTHPOINT ,"5, ZONE",577S,5851a,CLOSED,2020-08-11,02:04 PM
174382,Tree Trim,2020-08-11 03:32 PM,Tree Trim Inspection,TREEMAINTENANCE,"UF - JONES, CODY",5020  HARDWAY ,"3, ZONE",451G,5160b,CLOSED,2020-08-11,03:32 PM
174384,Tree Trim,2020-08-11 05:13 PM,Tree Trim Inspection,TREEMAINTENANCE,"UF - POLOVTSEV, SERA",6105 W OREM ,"7, ZONE",571K,5151a,CLOSED,2020-08-11,05:13 PM
174392,Tree Trim,2020-08-12 07:43 AM,Tree Trim Inspection,TREEMAINTENANCE,"BLANCHETTE, PETER",11502  KIRKVALLEY ,"6, ZONE",576X,5751d,CLOSED,2020-08-12,07:43 AM
174394,Tree Trim,2020-08-12 08:30 AM,Tree Trim Inspection,TREEMAINTENANCE,"UF - POLOVTSEV, SERA", 3300 FULTON ST&3300 IRVINGTON BLVD,"4, ZONE",453Z,5458a,CLOSED,2020-08-12,08:30 AM
174395,Tree Trim,2020-08-12 09:00 AM,Tree Trim Inspection,TREEMAINTENANCE,"UF - JONES, CODY", 2500 BARTLETT ST&5000 MELLON ST,"7, ZONE",492Y,5256d,CLOSED,2020-08-12,09:00 AM
174396,Tree Trim,2020-08-12 09:10 AM,Tree Trim Inspection,TREEMAINTENANCE,"PATINO, ARNULFO",8400 CHIMNEY ROCK RD,"7, ZONE",531P,77096,CLOSED,2020-08-12,09:10 AM
174397,Tree Trim,2020-08-12 09:42 AM,Tree Trim Inspection,TREEMAINTENANCE,"BLANCHETTE, PETER",8413  JET PILOT ,"6, ZONE",575L,5652d,CLOSED,2020-08-12,09:42 AM
174398,Tree Trim,2020-08-12 09:51 AM,Tree Trim Inspection,TREEMAINTENANCE,"BLANCHETTE, PETER",15542 TORRY PINES RD,"5, ZONE",618K,6049a,CLOSED,2020-08-12,09:51 AM
174399,Tree Removal,2020-08-12 10:09 AM,Tree Removal Inspection,TREEMAINTENANCE,"BLANCHETTE, PETER",10210  KINSDALE CROSSING ,"6, ZONE",575V,5651b,CLOSED,2020-08-12,10:09 AM
174400,Tree Trim,2020-08-12 10:27 AM,Tree Trim Inspection,TREEMAINTENANCE,"BLANCHETTE, PETER",10503  SAGEFOREST ,"6, ZONE",576Y,5751d,CLOSED,2020-08-12,10:27 AM
174401,Tree Trim,2020-08-12 10:29 AM,Tree Trim Inspection,TREEMAINTENANCE,"PATINO, ARNULFO",10607 ATWELL DR,"7, ZONE",531X,77096,CLOSED,2020-08-12,10:29 AM
174402,Tree Removal,2020-08-12 10:37 AM,Tree Removal Inspection,TREEMAINTENANCE,"UF - JONES, CODY",520  BIRDSALL ,"2, ZONE",492L,5257b,CLOSED,2020-08-12,10:37 AM
174403,Tree Trim,2020-08-12 11:39 AM,Tree Trim Inspection,TREEMAINTENANCE,"BLANCHETTE, PETER", 900 75TH ST&7400 AVENUE I,"5, ZONE",495S,5556b,CLOSED,2020-08-12,11:39 AM
174404,Tree Trim,2020-08-12 12:00 PM,Tree Trim Inspection,TREEMAINTENANCE,"BLANCHETTE, PETER", 800 N 74TH ST&7400 AVENUE H,"5, ZONE",495S,5556b,CLOSED,2020-08-12,12:00 PM
174405,Tree Trim,2020-08-12 12:07 PM,Tree Trim Inspection,TREEMAINTENANCE,"BLANCHETTE, PETER",11726  KIRKHOLLOW ,"6, ZONE",576X,5751d,CLOSED,2020-08-12,12:07 PM
174406,Tree Trim,2020-08-12 12:11 PM,Tree Trim Inspection,TREEMAINTENANCE,"UF - POLOVTSEV, SERA",15731  CORSAIR ,"7, ZONE",571X,5150b,CLOSED,2020-08-12,12:11 PM
174407,Tree Trim,2020-08-12 12:22 PM,Tree Trim Inspection,TREEMAINTENANCE,"BLANCHETTE, PETER", 900 N 74TH ST&7400 AVENUE I,"5, ZONE",495S,5556b,CLOSED,2020-08-12,12:22 PM
174408,Tree Trim,2020-08-12 12:45 PM,Tree Trim Inspection,TREEMAINTENANCE,"UF - JONES, CODY", 8500 GREEN RIVER DR&7800 E HOUSTON RD,"4, ZONE",455L,5660a,CLOSED,2020-08-12,12:45 PM
174409,Tree Trim,2020-08-12 12:51 PM,Tree Trim Inspection,TREEMAINTENANCE,"PATINO, ARNULFO",12802 CORONA LN,"2, ZONE",528M,77072,CLOSED,2020-08-12,12:51 PM
174410,Tree Trim,2020-08-12 01:05 PM,Tree Trim Inspection,TREEMAINTENANCE,"PATINO, ARNULFO",2342 RICE BLVD,"7, ZONE",532C,77005,CLOSED,2020-08-12,01:05 PM
174411,Tree Trim,2020-08-12 01:48 PM,Tree Trim Inspection,TREEMAINTENANCE,"BLANCHETTE, PETER",710  BEACHCOMBER ,"5, ZONE",618N,5949d,CLOSED,2020-08-12,01:48 PM
174412,Tree Trim,2020-08-12 01:50 PM,Tree Trim Inspection,TREEMAINTENANCE,"BLANCHETTE, PETER",16226  LA AVENIDA ,"5, ZONE",618N,5949d,CLOSED,2020-08-12,01:50 PM
174413,Tree Trim,2020-08-12 01:53 PM,Tree Trim Inspection,TREEMAINTENANCE,"BLANCHETTE, PETER",16230  LA AVENIDA ,"5, ZONE",618N,5949d,CLOSED,2020-08-12,01:53 PM
174414,Tree Trim,2020-08-12 01:56 PM,Tree Trim Inspection,TREEMAINTENANCE,"BLANCHETTE, PETER",710  EL TORO ,"5, ZONE",618P,5949d,CLOSED,2020-08-12,01:56 PM
174415,Tree Trim,2020-08-12 01:56 PM,Tree Trim Inspection,TREEMAINTENANCE,"BLANCHETTE, PETER",714  EL TORO ,"5, ZONE",618P,5949d,CLOSED,2020-08-12,01:56 PM
174416,Tree Trim,2020-08-12 01:58 PM,Tree Trim Inspection,TREEMAINTENANCE,"BLANCHETTE, PETER",810  EL TORO ,"5, ZONE",618P,5949d,CLOSED,2020-08-12,01:58 PM
174417,Tree Trim,2020-08-12 01:59 PM,Tree Trim Inspection,TREEMAINTENANCE,"BLANCHETTE, PETER",15906  LA AVENIDA ,"5, ZONE",618N,5949d,CLOSED,2020-08-12,01:59 PM
174418,Tree Trim,2020-08-12 02:01 PM,Tree Trim Inspection,TREEMAINTENANCE,"BLANCHETTE, PETER",16103  LA AVENIDA ,"5, ZONE",618N,5949d,CLOSED,2020-08-12,02:01 PM
174419,Tree Trim,2020-08-12 02:02 PM,Tree Trim Inspection,TREEMAINTENANCE,"BLANCHETTE, PETER",16106  LA AVENIDA ,"5, ZONE",618N,5949d,CLOSED,2020-08-12,02:02 PM
174420,Tree Trim,2020-08-12 02:04 PM,Tree Trim Inspection,TREEMAINTENANCE,"BLANCHETTE, PETER",16110  LA AVENIDA ,"5, ZONE",618N,5949d,CLOSED,2020-08-12,02:04 PM
174421,Tree Trim,2020-08-12 02:05 PM,Tree Trim Inspection,TREEMAINTENANCE,"BLANCHETTE, PETER",16119  LA AVENIDA ,"5, ZONE",618N,5949d,CLOSED,2020-08-12,02:05 PM
174422,Tree Trim,2020-08-12 02:11 PM,Tree Trim Inspection,TREEMAINTENANCE,"BLANCHETTE, PETER",8523  GLENCREST ,"6, ZONE",535Y,5653a,CLOSED,2020-08-12,02:11 PM
174430,Tree Trim,2020-08-12 03:52 PM,Tree Trim Inspection,TREEMAINTENANCE,"UF - JONES, CODY",1801  SCHWEIKHARDT ,"4, ZONE",494G,5558c,CLOSED,2020-08-12,03:52 PM
174431,Tree Trim,2020-08-12 04:22 PM,Tree Trim Inspection,TREEMAINTENANCE,"BLANCHETTE, PETER",16627  SEAWOLF ,"5, ZONE",618T,6049c,CLOSED,2020-08-12,04:22 PM
174432,Tree Trim,2020-08-12 04:34 PM,Tree Trim Inspection,TREEMAINTENANCE,"BLANCHETTE, PETER",5407  BELLFORT ,"6, ZONE",534W,5453b,CLOSED,2020-08-12,04:34 PM
174433,Tree Trim,2020-08-12 07:10 PM,Tree Trim Inspection,TREEMAINTENANCE,"UF - JONES, CODY", 1520 W GULF BANK RD&1500 WINTER BAY LN,"3, ZONE",412P,5262a,CLOSED,2020-08-12,07:10 PM
174434,Tree Stump Grinding,2020-08-12 07:17 PM,Tree Stump Inspection,TREEMAINTENANCE,"UF - JONES, CODY",1714  WOODLAND SPRINGS ,"2, ZONE",489P,4856b,CLOSED,2020-08-12,07:17 PM
174435,Tree Removal,2020-08-13 03:03 AM,Tree Removal Inspection,TREEMAINTENANCE,"PATINO, ARNULFO",7690 SAN FELIPE DR,"2, ZONE",490R,77063,CLOSED,2020-08-13,03:03 AM
174436,Tree Trim,2020-08-13 03:50 AM,Tree Trim Inspection,TREEMAINTENANCE,"UF - JONES, CODY",9720  SPAULDING ,"4, ZONE",454D,5561c,CLOSED,2020-08-13,03:50 AM
174438,Tree Trim,2020-08-13 10:51 AM,Tree Trim Inspection,TREEMAINTENANCE,"UF - JONES, CODY",1523  BUTLERCREST ,"3, ZONE",450W,4959d,CLOSED,2020-08-13,10:51 AM
174439,Tree Removal,2020-08-13 11:04 AM,Tree Removal Inspection,TREEMAINTENANCE,"UF - JONES, CODY",4402  STANFORD ,"2, ZONE",493W,5356d,CLOSED,2020-08-13,11:04 AM
174440,Tree Trim,2020-08-13 11:13 AM,Tree Trim Inspection,TREEMAINTENANCE,"UF - JONES, CODY",7029  AVENUE E ,"5, ZONE",494V,5556b,CLOSED,2020-08-13,11:13 AM
174441,Tree Trim,2020-08-13 12:41 PM,Tree Trim Inspection,TREEMAINTENANCE,"PATINO, ARNULFO",15818 RIDGEROE LN,"7, ZONE",571Z,77053,CLOSED,2020-08-13,12:41 PM
174442,Tree Trim,2020-08-13 12:52 PM,Tree Trim Inspection,TREEMAINTENANCE,"BLANCHETTE, PETER",354  WEDGEROCK ,"5, ZONE",618S,5948b,CLOSED,2020-08-13,12:52 PM
174443,Tree Trim,2020-08-13 01:33 PM,Tree Trim Inspection,TREEMAINTENANCE,"UF - JONES, CODY",832 W 21ST ,"3, ZONE",452U,5259d,CLOSED,2020-08-13,01:33 PM
174444,Tree Trim,2020-08-13 01:34 PM,Tree Trim Inspection,TREEMAINTENANCE,"UF - POLOVTSEV, SERA", 4700 ANDERSON RD&15250 BUXLEY ST,"7, ZONE",571V,5251c,CLOSED,2020-08-13,01:34 PM
174447,Tree Removal,2020-08-13 01:55 PM,Tree Removal Inspection,TREEMAINTENANCE,"UF - JONES, CODY",8815  FELAND ,"4, ZONE",455G,5661c,CLOSED,2020-08-13,01:55 PM
174448,Tree Removal,2020-08-13 01:58 PM,Tree Removal Inspection,TREEMAINTENANCE,"UF - JONES, CODY",13803  WALNUT HOLLOW ,"2, ZONE",488X,4755b,CLOSED,2020-08-13,01:58 PM
174449,Tree Trim,2020-08-13 02:14 PM,Tree Trim Inspection,TREEMAINTENANCE,"UF - POLOVTSEV, SERA", 9400 NYSSA AVE&10100 THORN ST,"4, ZONE",415Z,5661b,CLOSED,2020-08-13,02:14 PM
174450,Tree Trim,2020-08-13 02:43 PM,Tree Trim Inspection,TREEMAINTENANCE,"UF - JONES, CODY",5255  PEASE ,"5, ZONE",494Y,5556c,CLOSED,2020-08-13,02:43 PM
174452,Tree Trim,2020-08-13 02:53 PM,Tree Trim Inspection,TREEMAINTENANCE,"PATINO, ARNULFO",10800 WESTBRAE PKWY,"7, ZONE",530W,77031,CLOSED,2020-08-13,02:53 PM
174453,Tree Trim,2020-08-13 03:33 PM,Tree Trim Inspection,TREEMAINTENANCE,"UF - JONES, CODY",1405  DUFF ,"4, ZONE",453H,5460a,CLOSED,2020-08-13,03:33 PM
174457,Tree Trim,2020-08-13 04:00 PM,Tree Trim Inspection,TREEMAINTENANCE,"PATINO, ARNULFO",2333 WATTS ST,"7, ZONE",532G,77030,CLOSED,2020-08-13,04:00 PM
174459,Tree Code Violation,2020-08-13 04:44 PM,Tree Code Violation Inspection,TREEPROTECTION,"PATINO, ARNULFO",5207 WIGTON DR,"7, ZONE",531U,77096,CLOSED,2020-08-13,04:44 PM
174460,Tree Trim,2020-08-13 04:49 PM,Tree Trim Inspection,TREEMAINTENANCE,"UF - JONES, CODY",8166  LAURA KOPPE ,"4, ZONE",455F,5661c,CLOSED,2020-08-13,04:49 PM
174461,Tree Trim,2020-08-13 04:54 PM,Tree Trim Inspection,TREEMAINTENANCE,"PATINO, ARNULFO",6 GLENFIELD CT,"7, ZONE",531N,77074,CLOSED,2020-08-13,04:54 PM
174462,Tree Trim,2020-08-13 04:55 PM,Tree Trim Inspection,TREEMAINTENANCE,"PATINO, ARNULFO",5917 BEECHNUT ST,"7, ZONE",530R,77074,CLOSED,2020-08-13,04:55 PM
174463,Tree Trim,2020-08-13 04:56 PM,Tree Trim Inspection,TREEMAINTENANCE,"BLANCHETTE, PETER",4937  VAN FLEET ,"6, ZONE",533V,5454d,CLOSED,2020-08-13,04:56 PM
174464,Tree Trim,2020-08-13 06:53 PM,Tree Trim Inspection,TREEMAINTENANCE,"UF - JONES, CODY", 0 KATY FWY&200 YALE ST,"2, ZONE",492H,5358c,CLOSED,2020-08-13,06:53 PM
174465,Tree Trim,2020-08-13 08:33 PM,Tree Trim Inspection,TREEMAINTENANCE,"PATINO, ARNULFO",2260 SWIFT BLVD,"7, ZONE",532G,77030,CLOSED,2020-08-13,08:33 PM
174467,Tree Trim,2020-08-14 08:04 AM,Tree Trim Inspection,TREEMAINTENANCE,"UF - POLOVTSEV, SERA",7501  TOUCHSTONE ,"4, ZONE",455E,5561d,CLOSED,2020-08-14,08:04 AM
174468,Tree Removal,2020-08-14 09:19 AM,Tree Removal Inspection,TREEMAINTENANCE,"BLANCHETTE, PETER",11022  SAGEMEADOW ,"6, ZONE",616B,5750b,CLOSED,2020-08-14,09:19 AM
174472,Tree Removal,2020-08-14 09:45 AM,Tree Removal Inspection,TREEMAINTENANCE,"UF - JONES, CODY",103  HANOVER ,"5, ZONE",495W,5556d,CLOSED,2020-08-14,09:45 AM
174473,Tree Trim,2020-08-14 10:28 AM,Tree Trim Inspection,TREEMAINTENANCE,"PATINO, ARNULFO",6507 BANTA DR,"7, ZONE",571X,77053,CLOSED,2020-08-14,10:28 AM
174474,Tree Trim,2020-08-14 10:29 AM,Tree Trim Inspection,TREEMAINTENANCE,"PATINO, ARNULFO",6507 BANTA DR,"7, ZONE",571X,77053,CLOSED,2020-08-14,10:29 AM
174475,Tree Trim,2020-08-14 11:00 AM,Tree Trim Inspection,TREEMAINTENANCE,"PATINO, ARNULFO",5306 SPELLMAN RD,"7, ZONE",531X,77096,CLOSED,2020-08-14,11:00 AM
174476,Tree Removal,2020-08-14 11:13 AM,Tree Removal Inspection,TREEMAINTENANCE,"PATINO, ARNULFO",15730 CORSAIR RD,"7, ZONE",571X,77053,CLOSED,2020-08-14,11:13 AM
174477,Tree Removal,2020-08-14 11:16 AM,Tree Removal Inspection,TREEMAINTENANCE,"BLANCHETTE, PETER",2436  PROSPECT ,"6, ZONE",533B,5355b,CLOSED,2020-08-14,11:16 AM
174478,Tree Trim,2020-08-14 11:49 AM,Tree Trim Inspection,TREEMAINTENANCE,"UF - POLOVTSEV, SERA",917  KING ,"4, ZONE",453R,5460c,CLOSED,2020-08-14,11:49 AM
174480,Tree Trim,2020-08-14 12:51 PM,Tree Trim Inspection,TREEMAINTENANCE,"BLANCHETTE, PETER",2507  AUBURNDALE ,"6, ZONE",534G,5555a,CLOSED,2020-08-14,12:51 PM
174481,Tree Trim,2020-08-14 12:57 PM,Tree Trim Inspection,TREEMAINTENANCE,"BLANCHETTE, PETER",10502  RAMBLING ,"6, ZONE",576T,5751b,CLOSED,2020-08-14,12:57 PM
174483,Tree Removal,2020-08-14 02:28 PM,Tree Removal Inspection,TREEMAINTENANCE,"BLANCHETTE, PETER",15323  BRATTEN ,"5, ZONE",617R,5949d,CLOSED,2020-08-14,02:28 PM
174484,Tree Trim,2020-08-14 02:36 PM,Tree Trim Inspection,TREEMAINTENANCE,"BLANCHETTE, PETER",7703  ERATH ,"5, ZONE",535A,5556d,CLOSED,2020-08-14,02:36 PM
174485,Tree Removal,2020-08-14 03:18 PM,Tree Removal Inspection,TREEMAINTENANCE,"UF - JONES, CODY", 920 BARKDULL ST&5000 MONTROSE BLVD,"7, ZONE",493W,5356c,CLOSED,2020-08-14,03:18 PM
174486,Tree Trim,2020-08-14 03:31 PM,Tree Trim Inspection,TREEMAINTENANCE,"UF - POLOVTSEV, SERA",5703  WEAVER ,"4, ZONE",454M,5560a,CLOSED,2020-08-14,03:31 PM
174488,Tree Trim,2020-08-14 05:08 PM,Tree Trim Inspection,TREEMAINTENANCE,"PATINO, ARNULFO",6300 SHARPVIEW DR,"7, ZONE",531J,77074,CLOSED,2020-08-14,05:08 PM
174489,Tree Trim,2020-08-14 05:30 PM,Tree Trim Inspection,TREEMAINTENANCE,"UF - JONES, CODY",5523  SWEETBAY ,"3, ZONE",450A,4961d,CLOSED,2020-08-14,05:30 PM
174490,Tree Trim,2020-08-14 06:03 PM,Tree Trim Inspection,TREEMAINTENANCE,"UF - JONES, CODY", 900 KRESS ST&6300 MARKET ST,"5, ZONE",494H,5558c,CLOSED,2020-08-14,06:03 PM
174491,Tree Trim,2020-08-14 06:58 PM,Tree Trim Inspection,TREEMAINTENANCE,"UF - JONES, CODY", 400 HYDE PARK BLVD&2500 MORGAN ST,"2, ZONE",493N,5357d,CLOSED,2020-08-14,06:58 PM
174492,Tree Removal,2020-08-14 08:01 PM,Tree Removal Inspection,TREEMAINTENANCE,"PATINO, ARNULFO",2200 BISSONNET ST,"7, ZONE",492Y,77005,CLOSED,2020-08-14,08:01 PM
174493,Tree Trim,2020-08-15 07:10 AM,Tree Trim Inspection,TREEMAINTENANCE,"BLANCHETTE, PETER",8302  CORINTH ,"6, ZONE",533U,5453a,CLOSED,2020-08-15,07:10 AM
174494,Tree Trim,2020-08-15 09:25 AM,Tree Trim Inspection,TREEMAINTENANCE,"UF - JONES, CODY",302  KRESS ,"4, ZONE",494D,5558a,CLOSED,2020-08-15,09:25 AM
174495,Tree Trim,2020-08-15 09:55 AM,Tree Trim Inspection,TREEMAINTENANCE,"PATINO, ARNULFO",818 KNOX ST,"2, ZONE",492G,77007,CLOSED,2020-08-15,09:55 AM
174496,Tree Removal,2020-08-15 02:08 PM,Tree Removal Inspection,TREEMAINTENANCE,"PATINO, ARNULFO",4000 BELLFORT BLVD,"6, ZONE",533Y,77051,CLOSED,2020-08-15,02:08 PM
174497,Tree Removal,2020-08-15 02:22 PM,Tree Removal Inspection,TREEMAINTENANCE,"PATINO, ARNULFO",3841 LAW ST,"7, ZONE",532A,77005,CLOSED,2020-08-15,02:22 PM
174498,Tree Trim,2020-08-15 05:06 PM,Tree Trim Inspection,TREEMAINTENANCE,"UF - JONES, CODY",927  STUDEWOOD ,"3, ZONE",493A,5358b,CLOSED,2020-08-15,05:06 PM
174499,Tree Trim,2020-08-16 10:09 AM,Tree Trim Inspection,TREEMAINTENANCE,"UF - JONES, CODY", 11000 BRIAR FOREST DR&1900 LAKESIDE ESTATES DR,"2, ZONE",489Q,4956a,CLOSED,2020-08-16,10:09 AM
174500,Tree Trim,2020-08-16 11:36 AM,Tree Trim Inspection,TREEMAINTENANCE,"BLANCHETTE, PETER",6131  GLENHURST ,"6, ZONE",534X,5553a,CLOSED,2020-08-16,11:36 AM
174501,Tree Removal,2020-08-16 11:42 AM,Tree Removal Inspection,TREEMAINTENANCE,"PATINO, ARNULFO",1625 KIRBY DR,"2, ZONE",492Q,77019,CLOSED,2020-08-16,11:42 AM
174502,Tree Removal,2020-08-16 11:45 AM,Tree Removal Inspection,TREEMAINTENANCE,"PATINO, ARNULFO",1746 SUL ROSS ST,"2, ZONE",492V,77098,CLOSED,2020-08-16,11:45 AM
174503,Tree Removal,2020-08-16 11:46 AM,Tree Removal Inspection,TREEMAINTENANCE,"PATINO, ARNULFO",1625 KIRBY DR,"2, ZONE",492Q,77019,CLOSED,2020-08-16,11:46 AM
174504,Tree Trim,2020-08-16 12:36 PM,Tree Trim Inspection,TREEMAINTENANCE,"BLANCHETTE, PETER",14135  IVY BLUFF ,"5, ZONE",618A,5950b,CLOSED,2020-08-16,12:36 PM
174505,Tree Removal,2020-08-16 01:37 PM,Tree Removal Inspection,TREEMAINTENANCE,"PATINO, ARNULFO",5719 MCKNIGHT ST,"7, ZONE",571A,77035,CLOSED,2020-08-16,01:37 PM
174506,Tree Trim,2020-08-16 01:50 PM,Tree Trim Inspection,TREEMAINTENANCE,"UF - JONES, CODY",1103 W GRAY ,"2, ZONE",493N,5357c,CLOSED,2020-08-16,01:50 PM
174507,Tree Removal,2020-08-16 02:06 PM,Tree Removal Inspection,TREEMAINTENANCE,"UF - POLOVTSEV, SERA",722 E 29TH ,"3, ZONE",453N,5359a,CLOSED,2020-08-16,02:06 PM
174508,Tree Trim,2020-08-16 04:12 PM,Tree Trim Inspection,TREEMAINTENANCE,"PATINO, ARNULFO",8519 ROOS RD,"2, ZONE",530J,77036,CLOSED,2020-08-16,04:12 PM
174509,Tree Trim,2020-08-17 01:12 AM,Tree Trim Inspection,TREEMAINTENANCE,"UF - JONES, CODY",2424 E T C JESTER ,"3, ZONE",452T,5259a,CLOSED,2020-08-17,01:12 AM
174512,Tree Removal,2020-08-17 06:59 AM,Tree Removal Inspection,TREEMAINTENANCE,"PATINO, ARNULFO",4814 COURT RD,"7, ZONE",611C,77053,CLOSED,2020-08-17,06:59 AM
174513,Tree Trim,2020-08-17 08:27 AM,Tree Trim Inspection,TREEMAINTENANCE,"UF - JONES, CODY", 500 W 23RD ST&2300 NICHOLSON ST,"3, ZONE",452V,5359a,CLOSED,2020-08-17,08:27 AM
174515,Tree Trim,2020-08-17 08:30 AM,Tree Trim Inspection,TREEMAINTENANCE,"UF - JONES, CODY", 1100 HAWTHORNE ST&3400 YOAKUM BLVD,"2, ZONE",493S,5356a,CLOSED,2020-08-17,08:30 AM
174516,Tree Trim,2020-08-17 09:26 AM,Tree Trim Inspection,TREEMAINTENANCE,"BLANCHETTE, PETER",5103 KINGSBURY STREET ,"6, ZONE",534J,5454b,CLOSED,2020-08-17,09:26 AM
174517,Tree Removal,2020-08-17 09:34 AM,Tree Removal Inspection,TREEMAINTENANCE,"PATINO, ARNULFO",2308 DUNLAVY ST,"2, ZONE",492V,77019,CLOSED,2020-08-17,09:34 AM
174518,Tree Removal,2020-08-17 09:55 AM,Tree Removal Inspection,TREEMAINTENANCE,"BLANCHETTE, PETER", 2100 CENTRAL ST&9350 LA PORTE FWY (IN MILBY PARK),"5, ZONE",535G,5655b,CLOSED,2020-08-17,09:55 AM
174519,Tree Trim,2020-08-17 09:59 AM,Tree Trim Inspection,TREEMAINTENANCE,"BLANCHETTE, PETER",710  MAROBY ,"5, ZONE",536J,5755c,CLOSED,2020-08-17,09:59 AM
174520,Tree Trim,2020-08-17 10:41 AM,Tree Trim Inspection,TREEMAINTENANCE,"UF - POLOVTSEV, SERA",11531  FM 1960 ,"4, ZONE",338R,6068a,CLOSED,2020-08-17,10:41 AM
174521,Tree Trim,2020-08-17 10:53 AM,Tree Trim Inspection,TREEMAINTENANCE,"BLANCHETTE, PETER",2999 S WAYSIDE ,"6, ZONE",534G,5555c,CLOSED,2020-08-17,10:53 AM
174522,Tree Trim,2020-08-17 11:01 AM,Tree Trim Inspection,TREEMAINTENANCE,"UF - JONES, CODY",4722  BRINKMAN ,"3, ZONE",452G,5260b,CLOSED,2020-08-17,11:01 AM
174523,Tree Removal,2020-08-17 12:11 PM,Tree Removal Inspection,TREEMAINTENANCE,"PATINO, ARNULFO",12815 REGAL OAKS BEND LN,"7, ZONE",572Q,77047,CLOSED,2020-08-17,12:11 PM
174524,Tree Trim,2020-08-17 12:17 PM,Tree Trim Inspection,TREEMAINTENANCE,"BLANCHETTE, PETER",9922  CARMALEE ,"6, ZONE",576S,5751c,CLOSED,2020-08-17,12:17 PM
174525,Tree Trim,2020-08-17 12:18 PM,Tree Trim Inspection,TREEMAINTENANCE,"UF - BURKES, JEREMY",9419  NYSSA ,"4, ZONE",415Z,5661b,CLOSED,2020-08-17,12:18 PM
174526,Tree Trim,2020-08-17 12:52 PM,Tree Trim Inspection,TREEMAINTENANCE,"PATINO, ARNULFO",4910 MONTROSE BLVD,"7, ZONE",493W,77006,CLOSED,2020-08-17,12:52 PM
174527,Tree Removal,2020-08-17 01:25 PM,Tree Removal Inspection,TREEMAINTENANCE,"PATINO, ARNULFO",5443 KINGLET ST,"7, ZONE",531X,77096,CLOSED,2020-08-17,01:25 PM
174528,Tree Trim,2020-08-17 01:29 PM,Tree Trim Inspection,TREEMAINTENANCE,"UF - POLOVTSEV, SERA", 3200 APPALACHIAN TRL&5300 W LAKE HOUSTON PKWY,"4, ZONE",297N,5771d,CLOSED,2020-08-17,01:29 PM
174530,Tree Trim,2020-08-17 02:07 PM,Tree Trim Inspection,TREEMAINTENANCE,"PATINO, ARNULFO",4302 YUPON RIDGE DR,"2, ZONE",529B,77072,CLOSED,2020-08-17,02:07 PM
174531,Tree Removal,2020-08-17 02:11 PM,Tree Removal Inspection,TREEMAINTENANCE,"UF - POLOVTSEV, SERA",2617  HARDWOOD ,"4, ZONE",414S,5462c,CLOSED,2020-08-17,02:11 PM
174532,Tree Trim,2020-08-17 02:25 PM,Tree Trim Inspection,TREEMAINTENANCE,"UF - POLOVTSEV, SERA",6518  LAVENDER ,"4, ZONE",454Q,5560c,CLOSED,2020-08-17,02:25 PM
174534,Tree Removal,2020-08-17 02:41 PM,Tree Removal Inspection,TREEMAINTENANCE,"BLANCHETTE, PETER",10627  DUANE ,"6, ZONE",573H,5452a,CLOSED,2020-08-17,02:41 PM
174535,Tree Trim,2020-08-17 03:00 PM,Tree Trim Inspection,TREEMAINTENANCE,"BLANCHETTE, PETER",8229  GRAFTON ,"5, ZONE",535P,5654a,CLOSED,2020-08-17,03:00 PM
174536,Tree Trim,2020-08-17 03:08 PM,Tree Trim Inspection,TREEMAINTENANCE,"BLANCHETTE, PETER",10201  KINGSPOINT ,"6, ZONE",576S,5751a,CLOSED,2020-08-17,03:08 PM
174538,Tree Trim,2020-08-17 03:21 PM,Tree Trim Inspection,TREEMAINTENANCE,"BLANCHETTE, PETER",8000  COASTWAY ,"6, ZONE",575X,5651c,CLOSED,2020-08-17,03:21 PM
174539,Tree Trim,2020-08-17 04:02 PM,Tree Trim Inspection,TREEMAINTENANCE,"BLANCHETTE, PETER",5200  SELINSKY CRESTMONT PARK ,"6, ZONE",574J,5452d,CLOSED,2020-08-17,04:02 PM
174540,Tree Trim,2020-08-17 06:06 PM,Tree Trim Inspection,TREEMAINTENANCE,"UF - JONES, CODY",13535  FOREST PINES ,"3, ZONE",372K,5266c,CLOSED,2020-08-17,06:06 PM
174541,Tree Trim,2020-08-17 06:15 PM,Tree Trim Inspection,TREEMAINTENANCE,"PATINO, ARNULFO",12403 MILLBANKS DR,"7, ZONE",570E,77031,CLOSED,2020-08-17,06:15 PM
174548,Tree Trim,2020-08-18 07:32 AM,Tree Trim Inspection,TREEMAINTENANCE,"BLANCHETTE, PETER",5238  KEYSTONE ,"6, ZONE",534J,5454b,CLOSED,2020-08-18,07:32 AM
174549,Tree Trim,2020-08-18 08:06 AM,Tree Trim Inspection,TREEMAINTENANCE,"UF - JONES, CODY",11839  BRIAR FOREST ,"2, ZONE",489N,4856b,CLOSED,2020-08-18,08:06 AM
174550,Tree Removal,2020-08-18 08:34 AM,Tree Removal Inspection,TREEMAINTENANCE,"UF - POLOVTSEV, SERA",6426  HANLEY ,"4, ZONE",415S,5562b,CLOSED,2020-08-18,08:34 AM
174551,Tree Trim,2020-08-18 08:44 AM,Tree Trim Inspection,TREEMAINTENANCE,"BLANCHETTE, PETER",10700  ROSEHAVEN ,"6, ZONE",573F,5352b,CLOSED,2020-08-18,08:44 AM
174552,Tree Removal,2020-08-18 08:46 AM,Tree Removal Inspection,TREEMAINTENANCE,"PATINO, ARNULFO",11507 ELMCROFT DR,"2, ZONE",529T,77099,CLOSED,2020-08-18,08:46 AM
174553,Tree Trim,2020-08-18 08:59 AM,Tree Trim Inspection,TREEMAINTENANCE,"PATINO, ARNULFO",W DALLAS ST & MONTROSE BLVD,"2, ZONE",493J,77019,CLOSED,2020-08-18,08:59 AM
174555,Tree Trim,2020-08-18 09:13 AM,Tree Trim Inspection,TREEMAINTENANCE,"UF - POLOVTSEV, SERA", 7500 BYWOOD ST&8300 ELBERT ST,"4, ZONE",455E,5560b,CLOSED,2020-08-18,09:13 AM
174556,Tree Trim,2020-08-18 09:17 AM,Tree Trim Inspection,TREEMAINTENANCE,"UF - JONES, CODY",5702  PETTY ,"3, ZONE",492B,5258d,CLOSED,2020-08-18,09:17 AM
174557,Tree Trim,2020-08-18 09:45 AM,Tree Trim Inspection,TREEMAINTENANCE,"BLANCHETTE, PETER",7920  FORD ,"5, ZONE",535B,5656c,CLOSED,2020-08-18,09:45 AM
174558,Tree Removal,2020-08-18 10:13 AM,Tree Removal Inspection,TREEMAINTENANCE,"UF - JONES, CODY",505  ARLINGTON ,"3, ZONE",493A,5358c,CLOSED,2020-08-18,10:13 AM
174559,Tree Trim,2020-08-18 10:44 AM,Tree Trim Inspection,TREEMAINTENANCE,"UF - JONES, CODY", 2400 CARMEL ST&6700 CARVER RD,"3, ZONE",412W,5261a,CLOSED,2020-08-18,10:44 AM
174560,Tree Trim,2020-08-18 11:01 AM,Tree Trim Inspection,TREEMAINTENANCE,"UF - JONES, CODY",1831  STACY CREST ,"3, ZONE",452T,5259c,CLOSED,2020-08-18,11:01 AM
174561,Tree Trim,2020-08-18 12:16 PM,Tree Trim Inspection,TREEMAINTENANCE,"UF - POLOVTSEV, SERA",2109  FLETCHER ,"4, ZONE",493G,5458c,CLOSED,2020-08-18,12:16 PM
174562,Tree Trim,2020-08-18 12:27 PM,Tree Trim Inspection,TREEMAINTENANCE,"UF - JONES, CODY",1520  CANDLELIGHT ,"3, ZONE",452E,5260a,CLOSED,2020-08-18,12:27 PM
174563,Tree Trim,2020-08-18 12:37 PM,Tree Trim Inspection,TREEMAINTENANCE,"PATINO, ARNULFO",1709 BINGHAM ST,"2, ZONE",493F,77007,CLOSED,2020-08-18,12:37 PM
174564,Tree Trim,2020-08-18 12:37 PM,Tree Trim Inspection,TREEMAINTENANCE,"UF - POLOVTSEV, SERA", 4300 GANO ST&1300 MALVERN ST,"4, ZONE",453Z,5459c,CLOSED,2020-08-18,12:37 PM
174565,Tree Trim,2020-08-18 12:47 PM,Tree Trim Inspection,TREEMAINTENANCE,"BLANCHETTE, PETER",4918  ROSEDALE ,"6, ZONE",533D,5455a,CLOSED,2020-08-18,12:47 PM
174566,Tree Trim,2020-08-18 12:47 PM,Tree Trim Inspection,TREEMAINTENANCE,"BLANCHETTE, PETER",2503  AUBURNDALE ,"6, ZONE",534G,5555a,CLOSED,2020-08-18,12:47 PM
174567,Tree Trim,2020-08-18 12:54 PM,Tree Trim Inspection,TREEMAINTENANCE,"PATINO, ARNULFO",2800 MILAM ST,"2, ZONE",493T,77006,CLOSED,2020-08-18,12:54 PM
174568,Tree Trim,2020-08-18 01:01 PM,Tree Trim Inspection,TREEMAINTENANCE,"PATINO, ARNULFO",800 MCGOWEN ST,"2, ZONE",493T,77006,CLOSED,2020-08-18,01:01 PM
174569,Tree Removal,2020-08-18 01:19 PM,Tree Removal Inspection,TREEMAINTENANCE,"UF - POLOVTSEV, SERA",850 N ELDRIDGE ,"2, ZONE",488C,4758d,CLOSED,2020-08-18,01:19 PM
174571,Tree Trim,2020-08-18 01:32 PM,Tree Trim Inspection,TREEMAINTENANCE,"UF - JONES, CODY",833  ARLINGTON ,"3, ZONE",493A,5358a,CLOSED,2020-08-18,01:32 PM
174577,Tree Trim,2020-08-18 01:54 PM,Tree Trim Inspection,TREEMAINTENANCE,"PATINO, ARNULFO",3226 DURHILL ST,"7, ZONE",532P,77025,CLOSED,2020-08-18,01:54 PM
174578,Tree Trim,2020-08-18 01:55 PM,Tree Trim Inspection,TREEMAINTENANCE,"PATINO, ARNULFO",11645 ALMEDA RD,"7, ZONE",572D,77045,CLOSED,2020-08-18,01:55 PM
174579,Tree Trim,2020-08-18 02:47 PM,Tree Trim Inspection,TREEMAINTENANCE,"BLANCHETTE, PETER",6650 TIERWESTER ST,"6, ZONE",533L,5455c,CLOSED,2020-08-18,02:47 PM
174580,Tree Trim,2020-08-18 04:02 PM,Tree Trim Inspection,TREEMAINTENANCE,"UF - POLOVTSEV, SERA", 400 CAVALCADE ST&4800 SIEGEL ST,"4, ZONE",453U,5459c,CLOSED,2020-08-18,04:02 PM
174581,Tree Trim,2020-08-18 04:04 PM,Tree Trim Inspection,TREEMAINTENANCE,"UF - JONES, CODY",8655  PITNER ,"3, ZONE",450M,5060d,CLOSED,2020-08-18,04:04 PM
174582,Tree Trim,2020-08-18 04:04 PM,Tree Trim Inspection,TREEMAINTENANCE,"PATINO, ARNULFO",10750 OFFER DR,"7, ZONE",530W,77031,CLOSED,2020-08-18,04:04 PM
174583,Tree Trim,2020-08-18 04:06 PM,Tree Trim Inspection,TREEMAINTENANCE,"PATINO, ARNULFO",2155 N MACGREGOR WAY,"7, ZONE",533B,77030,CLOSED,2020-08-18,04:06 PM
174584,Tree Trim,2020-08-18 04:16 PM,Tree Trim Inspection,TREEMAINTENANCE,"UF - JONES, CODY",329 YALE ST,"3, ZONE",492H,5358c,CLOSED,2020-08-18,04:16 PM
174585,Tree Trim,2020-08-18 06:24 PM,Tree Trim Inspection,TREEMAINTENANCE,"UF - JONES, CODY",3302  ANITA ,"6, ZONE",493Z,5456c,CLOSED,2020-08-18,06:24 PM
174586,Tree Trim,2020-08-18 07:41 PM,Tree Trim Inspection,TREEMAINTENANCE,"UF - POLOVTSEV, SERA", 3700 DUNLAVY ST&1700 MARSHALL ST,"2, ZONE",492V,5356a,CLOSED,2020-08-18,07:41 PM
174593,Tree Trim,2020-08-19 03:50 AM,Tree Trim Inspection,TREEMAINTENANCE,"BLANCHETTE, PETER",12430  KATHRYN ,"5, ZONE",496L,5757b,CLOSED,2020-08-19,03:50 AM
174598,Tree Trim,2020-08-19 08:10 AM,Tree Trim Inspection,TREEMAINTENANCE,"PATINO, ARNULFO",6039 W AIRPORT BLVD,"7, ZONE",570H,77035,CLOSED,2020-08-19,08:10 AM
174599,Tree Trim,2020-08-19 08:17 AM,Tree Trim Inspection,TREEMAINTENANCE,"BLANCHETTE, PETER",8301  BARKLEY ,"5, ZONE",535V,5654d,CLOSED,2020-08-19,08:17 AM
174600,Tree Trim,2020-08-19 08:57 AM,Tree Trim Inspection,TREEMAINTENANCE,"UF - POLOVTSEV, SERA", 400 E 26TH ST&2606 ARLINGTON ST,"3, ZONE",453S,5359a,CLOSED,2020-08-19,08:57 AM
174601,Tree Removal,2020-08-19 08:58 AM,Tree Removal Inspection,TREEMAINTENANCE,"UF - POLOVTSEV, SERA",520  COLUMBIA ,"3, ZONE",493A,5358c,CLOSED,2020-08-19,08:58 AM
174602,Tree Trim,2020-08-19 10:04 AM,Tree Trim Inspection,TREEMAINTENANCE,"UF - POLOVTSEV, SERA",301  TABOR ,"3, ZONE",453X,5359d,CLOSED,2020-08-19,10:04 AM
174603,Tree Trim,2020-08-19 10:34 AM,Tree Trim Inspection,TREEMAINTENANCE,"UF - JONES, CODY",1723  ELYSIAN ,"4, ZONE",493H,5458c,CLOSED,2020-08-19,10:34 AM
174604,Tree Trim,2020-08-19 11:33 AM,Tree Trim Inspection,TREEMAINTENANCE,"BLANCHETTE, PETER",4216  RIVER ,"5, ZONE",535Q,5654a,CLOSED,2020-08-19,11:33 AM
174605,Tree Trim,2020-08-19 11:37 AM,Tree Trim Inspection,TREEMAINTENANCE,"UF - JONES, CODY",12631  WESTELLA ,"2, ZONE",488R,4856a,CLOSED,2020-08-19,11:37 AM
174606,Tree Removal,2020-08-19 11:42 AM,Tree Removal Inspection,TREEMAINTENANCE,"BLANCHETTE, PETER",14127  HAZEL RIDGE ,"5, ZONE",618A,5950b,CLOSED,2020-08-19,11:42 AM
174607,Tree Removal,2020-08-19 11:54 AM,Tree Removal Inspection,TREEMAINTENANCE,"PATINO, ARNULFO",7847 CREEKBEND DR,"7, ZONE",530Y,77071,CLOSED,2020-08-19,11:54 AM
174608,Tree Removal,2020-08-19 12:00 PM,Tree Removal Inspection,TREEMAINTENANCE,"PATINO, ARNULFO",5301 ALMEDA RD,"7, ZONE",533B,77004,CLOSED,2020-08-19,12:00 PM
174609,Tree Trim,2020-08-19 12:04 PM,Tree Trim Inspection,TREEMAINTENANCE,"UF - POLOVTSEV, SERA",7301  TOUCHSTONE ,"4, ZONE",455E,5561d,CLOSED,2020-08-19,12:04 PM
174610,Tree Trim,2020-08-19 12:28 PM,Tree Trim Inspection,TREEMAINTENANCE,"PATINO, ARNULFO",201  VANDERPOOL ,"2, ZONE",490J,4957d,CLOSED,2020-08-19,12:28 PM
174612,Tree Trim,2020-08-19 12:45 PM,Tree Trim Inspection,TREEMAINTENANCE,"UF - POLOVTSEV, SERA", 14200 BRIAR FOREST DR&1700 BRIAR HOME DR,"2, ZONE",488J,4757d,CLOSED,2020-08-19,12:45 PM
174614,Tree Trim,2020-08-19 12:52 PM,Tree Trim Inspection,TREEMAINTENANCE,"BLANCHETTE, PETER",10509  CHESTERFIELD ,"6, ZONE",573F,5452a,CLOSED,2020-08-19,12:52 PM
174616,Tree Trim,2020-08-19 12:56 PM,Tree Trim Inspection,TREEMAINTENANCE,"UF - JONES, CODY",2902  ANN ARBOR ,"2, ZONE",490U,5056d,CLOSED,2020-08-19,12:56 PM
174618,Tree Trim,2020-08-19 01:01 PM,Tree Trim Inspection,TREEMAINTENANCE,"PATINO, ARNULFO",5627 JACKWOOD ST,"7, ZONE",531N,77096,CLOSED,2020-08-19,01:01 PM
174621,Tree Trim,2020-08-19 01:16 PM,Tree Trim Inspection,TREEMAINTENANCE,"BLANCHETTE, PETER",7929  FORD ,"5, ZONE",535B,5656c,CLOSED,2020-08-19,01:16 PM
174622,Tree Removal,2020-08-19 01:25 PM,Tree Removal Inspection,TREEMAINTENANCE,"UF - JONES, CODY",1400  WAGNER ,"2, ZONE",493E,5358c,CLOSED,2020-08-19,01:25 PM
174623,Tree Trim,2020-08-19 01:30 PM,Tree Trim Inspection,TREEMAINTENANCE,"UF - POLOVTSEV, SERA",8530  PARKETTE ,"4, ZONE",455C,5661c,CLOSED,2020-08-19,01:30 PM
174624,Tree Removal,2020-08-19 01:35 PM,Tree Removal Inspection,TREEMAINTENANCE,"PATINO, ARNULFO",8107 MISTY RIDGE LN,"7, ZONE",570F,77071,CLOSED,2020-08-19,01:35 PM
174627,Tree Trim,2020-08-19 02:44 PM,Tree Trim Inspection,TREEMAINTENANCE,"PATINO, ARNULFO",8803 CONCHO ST,"2, ZONE",530J,77036,CLOSED,2020-08-19,02:44 PM
174628,Tree Trim,2020-08-19 03:17 PM,Tree Trim Inspection,TREEMAINTENANCE,"UF - JONES, CODY", 7134 DE PRIEST ST&800 MILLVILLE DR,"3, ZONE",412Y,5262d,CLOSED,2020-08-19,03:17 PM
174629,Tree Removal,2020-08-19 03:24 PM,Tree Removal Inspection,TREEMAINTENANCE,"BLANCHETTE, PETER",5302  ANZIO ,"6, ZONE",534S,5454d,CLOSED,2020-08-19,03:24 PM
174630,Tree Trim,2020-08-19 04:36 PM,Tree Trim Inspection,TREEMAINTENANCE,"UF - JONES, CODY", 5800 KAISER ST&14000 PACKARD ST,"3, ZONE",450B,5061c,CLOSED,2020-08-19,04:36 PM
174631,Tree Trim,2020-08-19 05:09 PM,Tree Trim Inspection,TREEMAINTENANCE,"UF - POLOVTSEV, SERA",1816  BANKS ,"7, ZONE",492Z,5356c,CLOSED,2020-08-19,05:09 PM
174632,Tree Removal,2020-08-19 05:25 PM,Tree Removal Inspection,TREEMAINTENANCE,"UF - POLOVTSEV, SERA", 300 ENID ST&900 TEMPLE ST,"3, ZONE",453X,5359d,CLOSED,2020-08-19,05:25 PM
174633,Tree Removal,2020-08-19 06:01 PM,Tree Removal Inspection,TREEMAINTENANCE,"BLANCHETTE, PETER", 5200 BALKIN ST&6200 MARTIN LUTHER KING BLVD,"6, ZONE",534N,5454b,CLOSED,2020-08-19,06:01 PM
174635,Tree Removal,2020-08-19 09:30 PM,Tree Removal Inspection,TREEMAINTENANCE,"UF - POLOVTSEV, SERA", 7500 SUNDOWN DR&8900 WOODWICK ST,"4, ZONE",455E,5561d,CLOSED,2020-08-19,09:30 PM
174636,Tree Trim,2020-08-19 09:55 PM,Tree Trim Inspection,TREEMAINTENANCE,"PATINO, ARNULFO",3427 GANNETT ST,"7, ZONE",532P,77025,CLOSED,2020-08-19,09:55 PM
174637,Tree Trim,2020-08-20 02:37 AM,Tree Trim Inspection,TREEMAINTENANCE,"UF - POLOVTSEV, SERA",3018  HAZY PARK ,"2, ZONE",488Y,4755b,CLOSED,2020-08-20,02:37 AM
174638,Tree Removal,2020-08-20 04:50 AM,Tree Removal Inspection,TREEMAINTENANCE,"PATINO, ARNULFO",8115 LUGARY DR,"7, ZONE",530L,77074,CLOSED,2020-08-20,04:50 AM
174644,Tree Trim,2020-08-20 08:04 AM,Tree Trim Inspection,TREEMAINTENANCE,"UF - POLOVTSEV, SERA",702  SUL ROSS ,"2, ZONE",493S,5356b,CLOSED,2020-08-20,08:04 AM
174647,Tree Removal,2020-08-20 08:36 AM,Tree Removal Inspection,TREEMAINTENANCE,"BLANCHETTE, PETER",7701  BRADFORD ,"6, ZONE",535N,5654a,CLOSED,2020-08-20,08:36 AM
174648,Tree Removal,2020-08-20 08:39 AM,Tree Removal Inspection,TREEMAINTENANCE,"BLANCHETTE, PETER",5407  BELLFORT ,"6, ZONE",534W,5453b,CLOSED,2020-08-20,08:39 AM
174650,Tree Trim,2020-08-20 08:44 AM,Tree Trim Inspection,TREEMAINTENANCE,"BLANCHETTE, PETER",6311  REED ,"6, ZONE",574C,5553c,CLOSED,2020-08-20,08:44 AM
174653,Tree Trim,2020-08-20 08:53 AM,Tree Trim Inspection,TREEMAINTENANCE,"UF - POLOVTSEV, SERA",3006  NORTHWOOD ,"3, ZONE",493B,5358b,CLOSED,2020-08-20,08:53 AM
174656,Tree Trim,2020-08-20 09:15 AM,Tree Trim Inspection,TREEMAINTENANCE,"PATINO, ARNULFO",6030 DUMFRIES DR,"7, ZONE",530V,77096,CLOSED,2020-08-20,09:15 AM
174657,Tree Trim,2020-08-20 09:38 AM,Tree Trim Inspection,TREEMAINTENANCE,"UF - POLOVTSEV, SERA",4809  MAIN ,"7, ZONE",493W,5356d,CLOSED,2020-08-20,09:38 AM
174659,Tree Trim,2020-08-20 09:51 AM,Tree Trim Inspection,TREEMAINTENANCE,"UF - POLOVTSEV, SERA", 4900 CAROLINE ST&1300 ROSEDALE ST,"7, ZONE",493X,5356d,CLOSED,2020-08-20,09:51 AM
174660,Tree Trim,2020-08-20 09:56 AM,Tree Trim Inspection,TREEMAINTENANCE,"BLANCHETTE, PETER",8219  LANHAM ,"6, ZONE",575P,5651a,CLOSED,2020-08-20,09:56 AM
174661,Tree Removal,2020-08-20 10:00 AM,Tree Removal Inspection,TREEMAINTENANCE,"PATINO, ARNULFO",7903 ROOS RD,"2, ZONE",530K,77036,CLOSED,2020-08-20,10:00 AM
174662,Tree Trim,2020-08-20 10:35 AM,Tree Trim Inspection,TREEMAINTENANCE,"BLANCHETTE, PETER", 8800 JUTLAND RD&5000 LARKSPUR ST,"6, ZONE",533Z,5453b,CLOSED,2020-08-20,10:35 AM
174663,Tree Trim,2020-08-20 11:04 AM,Tree Trim Inspection,TREEMAINTENANCE,"UF - POLOVTSEV, SERA", 600 W 10TH ST&1000 ASHLAND ST,"3, ZONE",492D,5358a,CLOSED,2020-08-20,11:04 AM
174664,Tree Removal,2020-08-20 11:05 AM,Tree Removal Inspection,TREEMAINTENANCE,"UF - JONES, CODY",3605  ASCOT ,"3, ZONE",452S,5259a,CLOSED,2020-08-20,11:05 AM
174665,Tree Trim,2020-08-20 11:08 AM,Tree Trim Inspection,TREEMAINTENANCE,"PATINO, ARNULFO",6507 BANTA DR,"7, ZONE",571X,77053,CLOSED,2020-08-20,11:08 AM
174666,Tree Trim,2020-08-20 11:23 AM,Tree Trim Inspection,TREEMAINTENANCE,"BLANCHETTE, PETER",9434  FUQUA ,"6, ZONE",575V,5751c,CLOSED,2020-08-20,11:23 AM
174667,Tree Trim,2020-08-20 12:03 PM,Tree Trim Inspection,TREEMAINTENANCE,"UF - JONES, CODY", 8300 CARVER RD&2200 REDROCK ST,"3, ZONE",412S,5262c,CLOSED,2020-08-20,12:03 PM
174668,Tree Removal,2020-08-20 12:03 PM,Tree Removal Inspection,TREEMAINTENANCE,"UF - POLOVTSEV, SERA",8815  WOODWICK ,"4, ZONE",455E,5561d,CLOSED,2020-08-20,12:03 PM
174669,Tree Removal,2020-08-20 12:14 PM,Tree Removal Inspection,TREEMAINTENANCE,"BLANCHETTE, PETER", 5407 BELLFORT ST,"6, ZONE",534W,5453b,CLOSED,2020-08-20,12:14 PM
174670,Tree Removal,2020-08-20 12:16 PM,Tree Removal Inspection,TREEMAINTENANCE,"PATINO, ARNULFO",6421 OLD CHATHAM LN,"7, ZONE",570D,77035,CLOSED,2020-08-20,12:16 PM
174671,Tree Removal,2020-08-20 12:25 PM,Tree Removal Inspection,TREEMAINTENANCE,"PATINO, ARNULFO",5510  LYMBAR ,"7, ZONE",531X,5153a,CLOSED,2020-08-20,12:25 PM
174676,Tree Trim,2020-08-20 01:24 PM,Tree Trim Inspection,TREEMAINTENANCE,"UF - POLOVTSEV, SERA",1102 E 7TH ,"3, ZONE",493A,5358b,CLOSED,2020-08-20,01:24 PM
174677,Tree Trim,2020-08-20 01:42 PM,Tree Trim Inspection,TREEMAINTENANCE,"UF - POLOVTSEV, SERA",7100  PARKER ,"4, ZONE",414Z,5561b,CLOSED,2020-08-20,01:42 PM
174678,Tree Trim,2020-08-20 02:06 PM,Tree Trim Inspection,TREEMAINTENANCE,"UF - POLOVTSEV, SERA",4102  LAKE HOUSTON ,"4, ZONE",297T,5870a,CLOSED,2020-08-20,02:06 PM
174679,Tree Trim,2020-08-20 02:11 PM,Tree Trim Inspection,TREEMAINTENANCE,"UF - POLOVTSEV, SERA",8006  BAUMAN ,"4, ZONE",453L,5360b,CLOSED,2020-08-20,02:11 PM
174680,Tree Trim,2020-08-20 02:23 PM,Tree Trim Inspection,TREEMAINTENANCE,"PATINO, ARNULFO",6100 HERMANN PARK DR,"7, ZONE",533A,77030,CLOSED,2020-08-20,02:23 PM
174681,Tree Removal,2020-08-20 02:32 PM,Tree Removal Inspection,TREEMAINTENANCE,"UF - POLOVTSEV, SERA",7226  GLEASON ,"4, ZONE",415W,5562d,CLOSED,2020-08-20,02:32 PM
174682,Tree Trim,2020-08-20 03:06 PM,Tree Trim Inspection,TREEMAINTENANCE,"UF - POLOVTSEV, SERA",6100  PARKER ,"4, ZONE",454D,5561a,CLOSED,2020-08-20,03:06 PM
174683,Tree Trim,2020-08-20 04:15 PM,Tree Trim Inspection,TREEMAINTENANCE,"UF - POLOVTSEV, SERA", 6200 RODRIGO ST&6206 TAGGART ST,"2, ZONE",492F,5258d,CLOSED,2020-08-20,04:15 PM
174684,Tree Removal,2020-08-20 04:16 PM,Tree Removal Inspection,TREEMAINTENANCE,"PATINO, ARNULFO",6102 PRESIDIO DR,"7, ZONE",611B,77053,CLOSED,2020-08-20,04:16 PM
174687,Tree Trim,2020-08-20 04:31 PM,Tree Trim Inspection,TREEMAINTENANCE,"UF - POLOVTSEV, SERA", 5600 CRANE ST&4000 HOFFMAN ST,"4, ZONE",454Y,5559c,CLOSED,2020-08-20,04:31 PM
174688,Tree Removal,2020-08-20 04:48 PM,Tree Removal Inspection,TREEMAINTENANCE,"UF - JONES, CODY",3632  BOSTIC ,"4, ZONE",454F,5460b,CLOSED,2020-08-20,04:48 PM
174689,Tree Removal,2020-08-20 08:21 PM,Tree Removal Inspection,TREEMAINTENANCE,"BLANCHETTE, PETER", 900 KRESS ST&6300 MARKET ST,"5, ZONE",494H,5558c,CLOSED,2020-08-20,08:21 PM
174691,Tree Trim,2020-08-21 08:02 AM,Tree Trim Inspection,TREEMAINTENANCE,"PATINO, ARNULFO",8600 W BELLFORT AVE,"7, ZONE",570B,77071,CLOSED,2020-08-21,08:02 AM
174693,Tree Removal,2020-08-21 08:35 AM,Tree Removal Inspection,TREEMAINTENANCE,"BLANCHETTE, PETER",4354  ELMWOOD ,"6, ZONE",533Y,5453a,CLOSED,2020-08-21,08:35 AM
174694,Tree Trim,2020-08-21 08:38 AM,Tree Trim Inspection,TREEMAINTENANCE,"BLANCHETTE, PETER",4354  ELMWOOD ,"6, ZONE",533Y,5453a,CLOSED,2020-08-21,08:38 AM
174695,Tree Trim,2020-08-21 08:43 AM,Tree Trim Inspection,TREEMAINTENANCE,"UF - POLOVTSEV, SERA",6116 A  MAXIE ,"2, ZONE",492F,5258d,CLOSED,2020-08-21,08:43 AM
174697,Tree Removal,2020-08-21 09:02 AM,Tree Removal Inspection,TREEMAINTENANCE,"UF - JONES, CODY",622  HAHLO ,"4, ZONE",494H,5558c,CLOSED,2020-08-21,09:02 AM
174698,Tree Removal,2020-08-21 09:16 AM,Tree Removal Inspection,TREEMAINTENANCE,"PATINO, ARNULFO",11402 STANCLIFF RD,"2, ZONE",529X,77099,CLOSED,2020-08-21,09:16 AM
174699,Tree Trim,2020-08-21 09:23 AM,Tree Trim Inspection,TREEMAINTENANCE,"UF - POLOVTSEV, SERA",1931  FAIRVIEW ,"2, ZONE",492V,5356a,CLOSED,2020-08-21,09:23 AM
174700,Tree Trim,2020-08-21 09:30 AM,Tree Trim Inspection,TREEMAINTENANCE,"UF - POLOVTSEV, SERA",2247  NORTH ,"7, ZONE",492Y,5256d,CLOSED,2020-08-21,09:30 AM
174701,Tree Removal,2020-08-21 09:53 AM,Tree Removal Inspection,TREEMAINTENANCE,"PATINO, ARNULFO",5258 N BRAESWOOD BLVD,"7, ZONE",531T,77096,CLOSED,2020-08-21,09:53 AM
174702,Tree Removal,2020-08-21 06:44 PM,Tree Removal Inspection,TREEMAINTENANCE,"BLANCHETTE, PETER",541 S 75TH ,"5, ZONE",535A,5556d,CLOSED,2020-08-21,06:44 PM
174703,Tree Trim,2020-08-21 06:47 PM,Tree Trim Inspection,TREEMAINTENANCE,"UF - POLOVTSEV, SERA",11631  BOWHEAD ,"4, ZONE",496B,5758a,CLOSED,2020-08-21,06:47 PM
174708,Tree Removal,2020-08-21 11:08 PM,Tree Removal Inspection,TREEMAINTENANCE,"PATINO, ARNULFO",8600 S RICE AVE,"7, ZONE",531Q,77096,CLOSED,2020-08-21,11:08 PM
174709,Tree Trim,2020-08-22 01:30 AM,Tree Trim Inspection,TREEMAINTENANCE,"UF - POLOVTSEV, SERA",6415 MINOLA ST,"2, ZONE",492F,77007,CLOSED,2020-08-22,01:30 AM
174710,Tree Trim,2020-08-22 04:26 AM,Tree Trim Inspection,TREEMAINTENANCE,"UF - JONES, CODY",16900  NORTHCHASE ,"4, ZONE",372R,5265d,CLOSED,2020-08-22,04:26 AM
174711,Tree Trim,2020-08-22 05:25 PM,Tree Trim Inspection,TREEMAINTENANCE,"PATINO, ARNULFO",11930 TROULON DR,"2, ZONE",529N,77072,CLOSED,2020-08-22,05:25 PM
174712,Tree Removal,2020-08-23 01:45 AM,Tree Removal Inspection,TREEMAINTENANCE,"UF - POLOVTSEV, SERA", 3300 S GESSNER RD&9700 RICHMOND AVE,"2, ZONE",490W,4956d,CLOSED,2020-08-23,01:45 AM
174716,Tree Removal,2020-08-23 04:02 PM,Tree Removal Inspection,TREEMAINTENANCE,"UF - JONES, CODY",8421 WINTHROP ,"6, ZONE",575L,5652d,CLOSED,2020-08-23,04:02 PM
174718,Tree Trim,2020-08-24 07:31 AM,Tree Trim Inspection,TREEMAINTENANCE,"PATINO, ARNULFO",1741 ALBANS RD,"7, ZONE",532D,77005,CLOSED,2020-08-24,07:31 AM
174720,Tree Trim,2020-08-24 08:01 AM,Tree Trim Inspection,TREEMAINTENANCE,"UF - POLOVTSEV, SERA",4202  RICHMOND ,"2, ZONE",492W,5256c,CLOSED,2020-08-24,08:01 AM
174722,Tree Trim,2020-08-24 08:15 AM,Tree Trim Inspection,TREEMAINTENANCE,"UF - POLOVTSEV, SERA",9518  BEVERLY HILL ,"2, ZONE",490X,5056c,CLOSED,2020-08-24,08:15 AM
174723,Tree Removal,2020-08-24 08:53 AM,Tree Removal Inspection,TREEMAINTENANCE,"PATINO, ARNULFO",10918 CEDARHURST DR,"7, ZONE",531X,77096,CLOSED,2020-08-24,08:53 AM
174724,Tree Trim,2020-08-24 08:54 AM,Tree Trim Inspection,TREEMAINTENANCE,"UF - JONES, CODY",319 E 27TH ,"3, ZONE",453S,5359a,CLOSED,2020-08-24,08:54 AM
174725,Tree Trim,2020-08-24 09:17 AM,Tree Trim Inspection,TREEMAINTENANCE,"UF - JONES, CODY",301 E 15TH ,"3, ZONE",453W,5359c,CLOSED,2020-08-24,09:17 AM
174726,Tree Trim,2020-08-24 09:40 AM,Tree Trim Inspection,TREEMAINTENANCE,"BLANCHETTE, PETER",4711  POLK ,"5, ZONE",494T,5456b,CLOSED,2020-08-24,09:40 AM
174727,Tree Removal,2020-08-24 09:54 AM,Tree Removal Inspection,TREEMAINTENANCE,"UF - POLOVTSEV, SERA",2919  SILVER FALLS ,"4, ZONE",297S,5770b,CLOSED,2020-08-24,09:54 AM
174728,Tree Trim,2020-08-24 10:01 AM,Tree Trim Inspection,TREEMAINTENANCE,"PATINO, ARNULFO",3019 BANDELL DR,"7, ZONE",572F,77045,CLOSED,2020-08-24,10:01 AM
174729,Tree Trim,2020-08-24 10:07 AM,Tree Trim Inspection,TREEMAINTENANCE,"PATINO, ARNULFO",11655 CHIMNEY ROCK RD,"7, ZONE",571B,77035,CLOSED,2020-08-24,10:07 AM
174730,Tree Trim,2020-08-24 10:07 AM,Tree Trim Inspection,TREEMAINTENANCE,"UF - JONES, CODY",1445  HARVARD ,"3, ZONE",453W,5359c,CLOSED,2020-08-24,10:07 AM
174731,Tree Stump Grinding,2020-08-24 10:15 AM,Tree Stump Inspection,TREEMAINTENANCE,"BLANCHETTE, PETER",9519  MONROE ,"6, ZONE",575L,5652d,CLOSED,2020-08-24,10:15 AM
174732,Tree Trim,2020-08-24 10:33 AM,Tree Trim Inspection,TREEMAINTENANCE,"UF - JONES, CODY",9718  CLARK ,"4, ZONE",453B,5361d,CLOSED,2020-08-24,10:33 AM
174733,Tree Trim,2020-08-24 11:07 AM,Tree Trim Inspection,TREEMAINTENANCE,"UF - JONES, CODY",1102  NASHUA ,"3, ZONE",452Y,5258b,CLOSED,2020-08-24,11:07 AM
174734,Tree Trim,2020-08-24 11:08 AM,Tree Trim Inspection,TREEMAINTENANCE,"BLANCHETTE, PETER",7411  AVENUE I ,"5, ZONE",495S,5556b,CLOSED,2020-08-24,11:08 AM
174735,Tree Removal,2020-08-24 11:33 AM,Tree Removal Inspection,TREEMAINTENANCE,"BLANCHETTE, PETER",10315  KITTRELL ,"5, ZONE",576K,5752a,CLOSED,2020-08-24,11:33 AM
174736,Tree Trim,2020-08-24 12:03 PM,Tree Trim Inspection,TREEMAINTENANCE,"UF - POLOVTSEV, SERA", 5100 HAZARD ST&2000 NORTH BLVD,"7, ZONE",492Z,5356c,CLOSED,2020-08-24,12:03 PM
174737,Tree Removal,2020-08-24 12:11 PM,Tree Removal Inspection,TREEMAINTENANCE,"UF - JONES, CODY",1030  MARTIN ,"3, ZONE",452G,5260b,CLOSED,2020-08-24,12:11 PM
174739,Tree Removal,2020-08-24 12:22 PM,Tree Removal Inspection,TREEMAINTENANCE,"UF - POLOVTSEV, SERA", 1900 MORSE ST&1950 VERMONT ST,"2, ZONE",492R,5357c,CLOSED,2020-08-24,12:22 PM
174740,Tree Removal,2020-08-24 12:45 PM,Tree Removal Inspection,TREEMAINTENANCE,"BLANCHETTE, PETER",5011  PEASE ,"5, ZONE",494X,5556a,CLOSED,2020-08-24,12:45 PM
174741,Tree Trim,2020-08-24 12:48 PM,Tree Trim Inspection,TREEMAINTENANCE,"UF - JONES, CODY", 5700 ROBERTSON ST&1100 WOODARD ST,"4, ZONE",453V,5459a,CLOSED,2020-08-24,12:48 PM
174751,Tree Removal,2020-08-24 03:03 PM,Tree Removal Inspection,TREEMAINTENANCE,"UF - JONES, CODY",2800 W LITTLE YORK ,"3, ZONE",411V,5162d,CLOSED,2020-08-24,03:03 PM
174754,Tree Trim,2020-08-24 03:23 PM,Tree Trim Inspection,TREEMAINTENANCE,"BLANCHETTE, PETER",4410  BELLFORT ,"6, ZONE",533Y,5453a,CLOSED,2020-08-24,03:23 PM
174761,Tree Trim,2020-08-24 03:53 PM,Tree Trim Inspection,TREEMAINTENANCE,"BLANCHETTE, PETER",7343  AVENUE K ,"5, ZONE",495S,5556b,CLOSED,2020-08-24,03:53 PM
174766,Tree Removal,2020-08-24 04:27 PM,Tree Removal Inspection,TREEMAINTENANCE,"BLANCHETTE, PETER",12225  PALMFREE ,"5, ZONE",576R,5852c,CLOSED,2020-08-24,04:27 PM
174767,Tree Removal,2020-08-24 04:49 PM,Tree Removal Inspection,TREEMAINTENANCE,"PATINO, ARNULFO",4403 SANFORD RD,"7, ZONE",571D,77035,CLOSED,2020-08-24,04:49 PM
174768,Tree Trim,2020-08-24 04:51 PM,Tree Trim Inspection,TREEMAINTENANCE,"BLANCHETTE, PETER", 1500 BROADMOOR ST&1400 TELEPHONE RD,"5, ZONE",494X,5556c,CLOSED,2020-08-24,04:51 PM
174769,Tree Trim,2020-08-24 06:13 PM,Tree Trim Inspection,TREEMAINTENANCE,"UF - JONES, CODY",319  25TH ,"3, ZONE",453S,5359a,CLOSED,2020-08-24,06:13 PM
174770,Tree Removal,2020-08-24 07:04 PM,Tree Removal Inspection,TREEMAINTENANCE,"BLANCHETTE, PETER",7113  KELLER ,"5, ZONE",535E,5555d,CLOSED,2020-08-24,07:04 PM
174771,Tree Trim,2020-08-25 08:11 AM,Tree Trim Inspection,TREEMAINTENANCE,"UF - JONES, CODY",1005  33RD ,"3, ZONE",453P,5359b,CLOSED,2020-08-25,08:11 AM
174774,Tree Removal,2020-08-25 09:13 AM,Tree Removal Inspection,TREEMAINTENANCE,"BLANCHETTE, PETER",7  BURR ,"5, ZONE",494T,5557c,CLOSED,2020-08-25,09:13 AM
174775,Tree Removal,2020-08-25 09:27 AM,Tree Removal Inspection,TREEMAINTENANCE,"BLANCHETTE, PETER",7942  ROCKHILL ,"6, ZONE",535X,5653a,CLOSED,2020-08-25,09:27 AM
174776,Tree Removal,2020-08-25 09:27 AM,Tree Removal Inspection,TREEMAINTENANCE,"PATINO, ARNULFO",9602 CLIFFWOOD DR,"7, ZONE",531V,77096,CLOSED,2020-08-25,09:27 AM
174777,Tree Removal,2020-08-25 10:05 AM,Tree Removal Inspection,TREEMAINTENANCE,"UF - JONES, CODY",5109 C  LARKIN ,"3, ZONE",492G,5258d,CLOSED,2020-08-25,10:05 AM
174778,Tree Trim,2020-08-25 10:08 AM,Tree Trim Inspection,TREEMAINTENANCE,"UF - POLOVTSEV, SERA", 9400 CRESTVIEW DR&9150 LAURA KOPPE RD,"4, ZONE",455H,5661d,CLOSED,2020-08-25,10:08 AM
174779,Tree Removal,2020-08-25 10:08 AM,Tree Removal Inspection,TREEMAINTENANCE,"BLANCHETTE, PETER",4930  BATAAN ,"6, ZONE",534N,5454d,CLOSED,2020-08-25,10:08 AM
174780,Tree Removal,2020-08-25 10:23 AM,Tree Removal Inspection,TREEMAINTENANCE,"BLANCHETTE, PETER",8800  GULF ,"6, ZONE",535Y,5653b,CLOSED,2020-08-25,10:23 AM
174781,Tree Trim,2020-08-25 10:52 AM,Tree Trim Inspection,TREEMAINTENANCE,"UF - POLOVTSEV, SERA", 2200 BRACKENRIDGE ST&2900 LEE ST,"4, ZONE",494A,5458b,CLOSED,2020-08-25,10:52 AM
174784,Tree Trim,2020-08-25 11:46 AM,Tree Trim Inspection,TREEMAINTENANCE,"UF - JONES, CODY", 10690 HAMMERLY BLVD&2300 W SAM HOUSTON PKWY N,"3, ZONE",449Q,4959a,CLOSED,2020-08-25,11:46 AM
174786,Tree Removal,2020-08-25 12:12 PM,Tree Removal Inspection,TREEMAINTENANCE,"UF - JONES, CODY", 100 E 15TH ST&100 W 15TH ST&1500 HEIGHTS BLVD,"3, ZONE",453W,5359c,CLOSED,2020-08-25,12:12 PM
174787,Tree Removal,2020-08-25 12:16 PM,Tree Removal Inspection,TREEMAINTENANCE,"UF - JONES, CODY",7827  BECKLEY ,"3, ZONE",412S,5262c,CLOSED,2020-08-25,12:16 PM
174788,Tree Trim,2020-08-25 12:21 PM,Tree Trim Inspection,TREEMAINTENANCE,"UF - POLOVTSEV, SERA", 10200 TIDWELL RD&8700 VALLEY FLAG DR,"4, ZONE",456B,5761a,CLOSED,2020-08-25,12:21 PM
174789,Tree Removal,2020-08-25 01:04 PM,Tree Removal Inspection,TREEMAINTENANCE,"UF - JONES, CODY",2715  DE SOTO ,"3, ZONE",452A,5161d,CLOSED,2020-08-25,01:04 PM
174791,Tree Trim,2020-08-25 02:37 PM,Tree Trim Inspection,TREEMAINTENANCE,"PATINO, ARNULFO",3131 BRIARWOOD POINT PL,"2, ZONE",490Y,77063,CLOSED,2020-08-25,02:37 PM
174792,Tree Removal,2020-08-25 03:16 PM,Tree Removal Inspection,TREEMAINTENANCE,"PATINO, ARNULFO",5803  HIGH STAR ,"7, ZONE",531F,5155c,CLOSED,2020-08-25,03:16 PM
174793,Tree Removal,2020-08-25 03:30 PM,Tree Removal Inspection,TREEMAINTENANCE,"UF - POLOVTSEV, SERA",5202  LYONS ,"4, ZONE",494G,5558c,CLOSED,2020-08-25,03:30 PM
174794,Tree Trim,2020-08-25 03:48 PM,Tree Trim Inspection,TREEMAINTENANCE,"BLANCHETTE, PETER",209 N JENKINS ,"5, ZONE",494P,5457d,CLOSED,2020-08-25,03:48 PM
174795,Tree Removal,2020-08-25 04:00 PM,Tree Removal Inspection,TREEMAINTENANCE,"PATINO, ARNULFO",1512 WEBER ST,"2, ZONE",493F,77007,CLOSED,2020-08-25,04:00 PM
174797,Tree Trim,2020-08-25 05:04 PM,Tree Trim Inspection,TREEMAINTENANCE,"BLANCHETTE, PETER",6601  NEW YORK ,"6, ZONE",533R,5454b,CLOSED,2020-08-25,05:04 PM
174798,Tree Trim,2020-08-25 05:06 PM,Tree Trim Inspection,TREEMAINTENANCE,"UF - JONES, CODY",3202  MORRISON ,"3, ZONE",493C,5358b,CLOSED,2020-08-25,05:06 PM
174799,Tree Removal,2020-08-25 06:33 PM,Tree Removal Inspection,TREEMAINTENANCE,"PATINO, ARNULFO",2418 SABINE ST,"2, ZONE",493F,77007,CLOSED,2020-08-25,06:33 PM
174800,Tree Trim,2020-08-25 07:01 PM,Tree Trim Inspection,TREEMAINTENANCE,"PATINO, ARNULFO",5401 RAMPART ST,"7, ZONE",531A,77081,CLOSED,2020-08-25,07:01 PM
174801,Tree Trim,2020-08-25 07:22 PM,Tree Trim Inspection,TREEMAINTENANCE,"UF - JONES, CODY", 1300 ROY ST&5100 SCHULER ST,"2, ZONE",492G,5258d,CLOSED,2020-08-25,07:22 PM
174809,Tree Removal,2020-08-26 07:52 AM,Tree Removal Inspection,TREEMAINTENANCE,"BLANCHETTE, PETER",8257  LENORE ,"5, ZONE",535V,5654d,CLOSED,2020-08-26,07:52 AM
174810,Tree Removal,2020-08-26 08:31 AM,Tree Removal Inspection,TREEMAINTENANCE,"UF - JONES, CODY",6720  COHN ,"3, ZONE",412Y,5261b,CLOSED,2020-08-26,08:31 AM
174811,Tree Trim,2020-08-26 08:50 AM,Tree Trim Inspection,TREEMAINTENANCE,"BLANCHETTE, PETER",17  STILES ,"5, ZONE",494T,5557c,CLOSED,2020-08-26,08:50 AM
174812,Tree Trim,2020-08-26 09:37 AM,Tree Trim Inspection,TREEMAINTENANCE,"BLANCHETTE, PETER",6334  IRON ROCK ,"6, ZONE",534Q,5554a,CLOSED,2020-08-26,09:37 AM
174813,Tree Removal,2020-08-26 09:40 AM,Tree Removal Inspection,TREEMAINTENANCE,"PATINO, ARNULFO",9519 BEVERLYHILL ST,"2, ZONE",490X,77063,CLOSED,2020-08-26,09:40 AM
174814,Tree Removal,2020-08-26 10:20 AM,Tree Removal Inspection,TREEMAINTENANCE,"PATINO, ARNULFO",11610 HERALD SQUARE DR,"2, ZONE",529P,77099,CLOSED,2020-08-26,10:20 AM
174815,Tree Trim,2020-08-26 10:27 AM,Tree Trim Inspection,TREEMAINTENANCE,"UF - POLOVTSEV, SERA",4110  CAVALCADE ,"4, ZONE",454X,5459d,CLOSED,2020-08-26,10:27 AM
174817,Tree Trim,2020-08-26 11:46 AM,Tree Trim Inspection,TREEMAINTENANCE,"UF - JONES, CODY",512 B  VINCENT ,"3, ZONE",453Y,5359d,CLOSED,2020-08-26,11:46 AM
174818,Tree Removal,2020-08-26 11:50 AM,Tree Removal Inspection,TREEMAINTENANCE,"BLANCHETTE, PETER",6119  WALTRIP ,"6, ZONE",534V,5554d,CLOSED,2020-08-26,11:50 AM
174819,Tree Trim,2020-08-26 12:28 PM,Tree Trim Inspection,TREEMAINTENANCE,"PATINO, ARNULFO",13803 WALNUT HOLLOW LN,"2, ZONE",488X,77082,CLOSED,2020-08-26,12:28 PM
174820,Tree Trim,2020-08-26 01:04 PM,Tree Trim Inspection,TREEMAINTENANCE,"UF - JONES, CODY", 2200 CHESHIRE LN&4230 GLEBE RD,"3, ZONE",451M,5160d,CLOSED,2020-08-26,01:04 PM
174821,Tree Trim,2020-08-26 01:20 PM,Tree Trim Inspection,TREEMAINTENANCE,"UF - JONES, CODY", 1120 CONFEDERATE RD&9700 LONG BRANCH LN,"3, ZONE",450X,5058a,CLOSED,2020-08-26,01:20 PM
174822,Tree Trim,2020-08-26 02:33 PM,Tree Trim Inspection,TREEMAINTENANCE,"PATINO, ARNULFO",5549 RICHMOND AVE,"2, ZONE",491X,77056,CLOSED,2020-08-26,02:33 PM
174823,Tree Removal,2020-08-26 02:35 PM,Tree Removal Inspection,TREEMAINTENANCE,"UF - POLOVTSEV, SERA",5700  COLLINGSWORTH ,"4, ZONE",454Y,5559c,CLOSED,2020-08-26,02:35 PM
174824,Tree Removal,2020-08-26 03:00 PM,Tree Removal Inspection,TREEMAINTENANCE,"BLANCHETTE, PETER",4716  COKE ,"5, ZONE",494L,5557a,CLOSED,2020-08-26,03:00 PM
174826,Tree Removal,2020-08-26 03:35 PM,Tree Removal Inspection,TREEMAINTENANCE,"PATINO, ARNULFO",5331 WILLOMINE WAY,"7, ZONE",571L,77045,CLOSED,2020-08-26,03:35 PM
174829,Tree Removal,2020-08-26 03:51 PM,Tree Removal Inspection,TREEMAINTENANCE,"UF - POLOVTSEV, SERA",3318  COCHRAN ,"4, ZONE",453Z,5458a,CLOSED,2020-08-26,03:51 PM
174830,Tree Trim,2020-08-26 04:12 PM,Tree Trim Inspection,TREEMAINTENANCE,"BLANCHETTE, PETER", 7320 CULLEN BLVD&0 S LOOP FWY E,"6, ZONE",533V,5454c,CLOSED,2020-08-26,04:12 PM
174831,Tree Removal,2020-08-26 05:06 PM,Tree Removal Inspection,TREEMAINTENANCE,"PATINO, ARNULFO",12702 BARRYKNOLL LN,"2, ZONE",489D,77024,CLOSED,2020-08-26,05:06 PM
174832,Tree Trim,2020-08-26 05:10 PM,Tree Trim Inspection,TREEMAINTENANCE,"UF - POLOVTSEV, SERA",6442  BRIAR TERRACE ,"2, ZONE",529G,4955c,CLOSED,2020-08-26,05:10 PM
174833,Tree Trim,2020-08-26 05:45 PM,Tree Trim Inspection,TREEMAINTENANCE,"UF - JONES, CODY",8302  MOONBEAM ,"3, ZONE",412S,5262c,CLOSED,2020-08-26,05:45 PM
174836,Tree Trim,2020-08-27 08:16 AM,Tree Trim Inspection,TREEMAINTENANCE,"BLANCHETTE, PETER",7303  LINDEN ,"5, ZONE",535E,5655a,CLOSED,2020-08-27,08:16 AM
174837,Tree Removal,2020-08-27 08:30 AM,Tree Removal Inspection,TREEMAINTENANCE,"PATINO, ARNULFO",4003 PORTSMOUTH AVE,"2, ZONE",492W,77027,CLOSED,2020-08-27,08:30 AM
174838,Tree Removal,2020-08-27 08:31 AM,Tree Removal Inspection,TREEMAINTENANCE,"PATINO, ARNULFO",701 REINERMAN ST,"2, ZONE",492G,77007,CLOSED,2020-08-27,08:31 AM
174839,Tree Trim,2020-08-27 08:59 AM,Tree Trim Inspection,TREEMAINTENANCE,"BLANCHETTE, PETER", 5041 BURMA RD,"6, ZONE",534S,5454d,CLOSED,2020-08-27,08:59 AM
174840,Tree Trim,2020-08-27 09:47 AM,Tree Trim Inspection,TREEMAINTENANCE,"BLANCHETTE, PETER",623  NAGLE ,"5, ZONE",493R,5457d,CLOSED,2020-08-27,09:47 AM
174841,Tree Removal,2020-08-27 09:47 AM,Tree Removal Inspection,TREEMAINTENANCE,"BLANCHETTE, PETER",541 S 75TH ,"5, ZONE",535A,5556d,CLOSED,2020-08-27,09:47 AM
174842,Tree Trim,2020-08-27 09:57 AM,Tree Trim Inspection,TREEMAINTENANCE,"PATINO, ARNULFO",3412 MEADOW LAKE LN,"2, ZONE",492P,77027,CLOSED,2020-08-27,09:57 AM
174843,Tree Trim,2020-08-27 10:19 AM,Tree Trim Inspection,TREEMAINTENANCE,"PATINO, ARNULFO",2000 INDIANA ST,"2, ZONE",492R,77019,CLOSED,2020-08-27,10:19 AM
174844,Tree Trim,2020-08-27 10:50 AM,Tree Trim Inspection,TREEMAINTENANCE,"BLANCHETTE, PETER",5502  SOUTHWIND ,"6, ZONE",534S,5454d,CLOSED,2020-08-27,10:50 AM
174845,Tree Trim,2020-08-27 10:52 AM,Tree Trim Inspection,TREEMAINTENANCE,"PATINO, ARNULFO",4326 KINGFISHER DR,"7, ZONE",531Z,77035,CLOSED,2020-08-27,10:52 AM
174846,Tree Removal,2020-08-27 10:53 AM,Tree Removal Inspection,TREEMAINTENANCE,"BLANCHETTE, PETER",5715  TURTLE CREEK ,"5, ZONE",536T,5754c,CLOSED,2020-08-27,10:53 AM
174848,Tree Removal,2020-08-27 11:23 AM,Tree Removal Inspection,TREEMAINTENANCE,"BLANCHETTE, PETER",3219  OZARK ,"6, ZONE",533F,5355d,CLOSED,2020-08-27,11:23 AM
174853,Tree Trim,2020-08-27 01:52 PM,Tree Trim Inspection,TREEMAINTENANCE,"PATINO, ARNULFO",7931 SOUTHWEST FWY,"7, ZONE",530K,77074,CLOSED,2020-08-27,01:52 PM
174854,Tree Trim,2020-08-27 02:28 PM,Tree Trim Inspection,TREEMAINTENANCE,"UF - JONES, CODY",3707  TILSON ,"3, ZONE",450L,5060c,CLOSED,2020-08-27,02:28 PM
174855,Tree Removal,2020-08-27 02:44 PM,Tree Removal Inspection,TREEMAINTENANCE,"BLANCHETTE, PETER",5546  PRIMROSE ,"5, ZONE",536N,5754a,CLOSED,2020-08-27,02:44 PM
174856,Tree Removal,2020-08-27 04:16 PM,Tree Removal Inspection,TREEMAINTENANCE,"UF - POLOVTSEV, SERA",1009  ROXELLA ,"4, ZONE",413Y,5461a,CLOSED,2020-08-27,04:16 PM
174857,Tree Removal,2020-08-27 04:17 PM,Tree Removal Inspection,TREEMAINTENANCE,"UF - POLOVTSEV, SERA",1009  ROXELLA ,"4, ZONE",413Y,5461a,CLOSED,2020-08-27,04:17 PM
174860,Tree Trim,2020-08-27 11:10 PM,Tree Trim Inspection,TREEMAINTENANCE,"UF - POLOVTSEV, SERA",10800  MAPLE LEAF ,"4, ZONE",414V,5562c,CLOSED,2020-08-27,11:10 PM
174861,Tree Removal,2020-08-28 01:03 AM,Tree Removal Inspection,TREEMAINTENANCE,"UF - POLOVTSEV, SERA", 0 ALLEN PKWY&600 MONTROSE BLVD,"2, ZONE",493J,5357a,CLOSED,2020-08-28,01:03 AM
174862,Tree Trim,2020-08-28 09:05 AM,Tree Trim Inspection,TREEMAINTENANCE,"UF - POLOVTSEV, SERA",12815  EMPORIA ,"4, ZONE",496H,5858a,CLOSED,2020-08-28,09:05 AM
174863,Tree Code Violation,2020-08-28 09:59 AM,Tree Code Violation Inspection,TREEPROTECTION,"UF - BURKES, JEREMY",5634  WINDING CREEK ,"5, ZONE",536T,5754c,CLOSED,2020-08-28,09:59 AM
174864,Tree Trim,2020-08-28 10:18 AM,Tree Trim Inspection,TREEMAINTENANCE,"UF - POLOVTSEV, SERA",12514  MOOREDALE ,"2, ZONE",489D,4958d,CLOSED,2020-08-28,10:18 AM
174865,Tree Removal,2020-08-28 10:40 AM,Tree Removal Inspection,TREEMAINTENANCE,"UF - JONES, CODY",2505 & 2508 GARWOOD ,"3, ZONE",412W,5161b,CLOSED,2020-08-28,10:40 AM
174866,Tree Removal,2020-08-28 12:05 PM,Tree Removal Inspection,TREEMAINTENANCE,"UF - JONES, CODY",607 E 10TH ,"3, ZONE",493A,5358a,CLOSED,2020-08-28,12:05 PM
174867,Tree Trim,2020-08-28 12:12 PM,Tree Trim Inspection,TREEMAINTENANCE,"UF - POLOVTSEV, SERA", 10900 HIRSCH RD&5200 TAUTENHAHN RD,"4, ZONE",414U,5562c,CLOSED,2020-08-28,12:12 PM
174868,Tree Removal,2020-08-28 12:45 PM,Tree Removal Inspection,TREEMAINTENANCE,"UF - POLOVTSEV, SERA",420  SHOTWELL ,"4, ZONE",494C,5558a,CLOSED,2020-08-28,12:45 PM
174869,Tree Removal,2020-08-28 01:08 PM,Tree Removal Inspection,TREEMAINTENANCE,"UF - JONES, CODY",7458  TALL PINES ,"3, ZONE",411T,5162c,CLOSED,2020-08-28,01:08 PM
174870,Tree Trim,2020-08-28 01:20 PM,Tree Trim Inspection,TREEMAINTENANCE,"UF - POLOVTSEV, SERA", 9400 CRESTVIEW DR&9150 LAURA KOPPE RD,"4, ZONE",455H,5661d,CLOSED,2020-08-28,01:20 PM
174871,Tree Removal,2020-08-28 01:56 PM,Tree Removal Inspection,TREEMAINTENANCE,"UF - POLOVTSEV, SERA",2818  TILSON ,"3, ZONE",450Q,5059a,CLOSED,2020-08-28,01:56 PM
174872,Tree Stump Grinding,2020-08-28 03:13 PM,Tree Stump Inspection,TREEMAINTENANCE,"UF - JONES, CODY",308  CORDELL ,"3, ZONE",453X,5359d,CLOSED,2020-08-28,03:13 PM
174873,Tree Trim,2020-08-28 03:21 PM,Tree Trim Inspection,TREEMAINTENANCE,"PATINO, ARNULFO",6701 MOBUD DR,"7, ZONE",530H,77074,CLOSED,2020-08-28,03:21 PM
174875,Tree Removal,2020-08-28 03:47 PM,Tree Removal Inspection,TREEMAINTENANCE,"BLANCHETTE, PETER",2103  FLAGSTONE ,"5, ZONE",536S,5754c,CLOSED,2020-08-28,03:47 PM
174876,Tree Trim,2020-08-28 03:49 PM,Tree Trim Inspection,TREEMAINTENANCE,"PATINO, ARNULFO",15700 CHIMNEY ROCK RD,"7, ZONE",571W,77489,CLOSED,2020-08-28,03:49 PM
174877,Tree Trim,2020-08-28 04:09 PM,Tree Trim Inspection,TREEMAINTENANCE,"UF - POLOVTSEV, SERA",10413  FULTON ,"4, ZONE",413X,5361b,CLOSED,2020-08-28,04:09 PM
174878,Tree Removal,2020-08-28 05:49 PM,Tree Removal Inspection,TREEMAINTENANCE,"UF - JONES, CODY",531  OXFORD ,"3, ZONE",493A,5358c,CLOSED,2020-08-28,05:49 PM
174879,Tree Removal,2020-08-29 12:57 AM,Tree Removal Inspection,TREEMAINTENANCE,"BLANCHETTE, PETER",1836  MATAMORAS ,"5, ZONE",535A,5556d,CLOSED,2020-08-29,12:57 AM
174880,Tree Removal,2020-08-29 01:01 AM,Tree Removal Inspection,TREEMAINTENANCE,"BLANCHETTE, PETER",1836  MATAMORAS ,"5, ZONE",535A,5556d,CLOSED,2020-08-29,01:01 AM
174881,Tree Removal,2020-08-29 10:42 AM,Tree Removal Inspection,TREEMAINTENANCE,"UF - JONES, CODY",7450  TALL PINES ,"3, ZONE",411T,5162c,CLOSED,2020-08-29,10:42 AM
174882,Tree Removal,2020-08-29 11:45 AM,Tree Removal Inspection,TREEMAINTENANCE,"BLANCHETTE, PETER",2915  CLEBURNE ,"6, ZONE",493Y,5456c,CLOSED,2020-08-29,11:45 AM
174883,Tree Trim,2020-08-29 02:17 PM,Tree Trim Inspection,TREEMAINTENANCE,"UF - POLOVTSEV, SERA", 700 FAIRVIEW AVE&2400 STANFORD ST,"2, ZONE",493N,5357d,CLOSED,2020-08-29,02:17 PM
174884,Tree Trim,2020-08-29 02:17 PM,Tree Trim Inspection,TREEMAINTENANCE,"BLANCHETTE, PETER",118  GLENDORA ,"5, ZONE",495W,5556d,CLOSED,2020-08-29,02:17 PM
174885,Tree Trim,2020-08-29 03:28 PM,Tree Trim Inspection,TREEMAINTENANCE,"UF - JONES, CODY",2804  EASTMAN ,"3, ZONE",453P,5359b,CLOSED,2020-08-29,03:28 PM
174886,Tree Trim,2020-08-29 05:28 PM,Tree Trim Inspection,TREEMAINTENANCE,"UF - JONES, CODY",7523  DEARBORN ,"3, ZONE",451X,5159c,CLOSED,2020-08-29,05:28 PM
174887,Tree Trim,2020-08-30 12:20 AM,Tree Trim Inspection,TREEMAINTENANCE,"UF - POLOVTSEV, SERA",3207  BREEZY PINES ,"4, ZONE",337E,5769b,CLOSED,2020-08-30,12:20 AM
174888,Tree Trim,2020-08-30 11:14 AM,Tree Trim Inspection,TREEMAINTENANCE,"UF - POLOVTSEV, SERA",2239  NORTH ,"7, ZONE",492Y,5256d,CLOSED,2020-08-30,11:14 AM
174889,Tree Removal,2020-08-30 12:16 PM,Tree Removal Inspection,TREEMAINTENANCE,"UF - JONES, CODY",4725  BRINKMAN ,"3, ZONE",452G,5260b,CLOSED,2020-08-30,12:16 PM
174890,Tree Removal,2020-08-30 12:19 PM,Tree Removal Inspection,TREEMAINTENANCE,"UF - JONES, CODY",1133 E 6TH 1/2 ,"3, ZONE",493A,5358b,CLOSED,2020-08-30,12:19 PM
174891,Tree Removal,2020-08-30 01:19 PM,Tree Removal Inspection,TREEMAINTENANCE,"BLANCHETTE, PETER",8064  ELROD ,"5, ZONE",535U,5654d,CLOSED,2020-08-30,01:19 PM
174901,Tree Trim,2020-08-31 08:58 AM,Tree Trim Inspection,TREEMAINTENANCE,"UF - POLOVTSEV, SERA",12414  LIMA ,"2, ZONE",528R,4854c,CLOSED,2020-08-31,08:58 AM
174902,Tree Trim,2020-08-31 09:08 AM,Tree Trim Inspection,TREEMAINTENANCE,"UF - JONES, CODY", 5100 BELLFORT ST&8100 JUTLAND RD,"6, ZONE",533Z,5453b,CLOSED,2020-08-31,09:08 AM
174904,Tree Removal,2020-08-31 09:16 AM,Tree Removal Inspection,TREEMAINTENANCE,"UF - POLOVTSEV, SERA",13803  ASPEN HOLLOW ,"2, ZONE",488X,4755b,CLOSED,2020-08-31,09:16 AM
174906,Tree Trim,2020-08-31 09:41 AM,Tree Trim Inspection,TREEMAINTENANCE,"UF - POLOVTSEV, SERA",12510  ASHLING ,"2, ZONE",529W,4853d,CLOSED,2020-08-31,09:41 AM
174907,Tree Trim,2020-08-31 09:54 AM,Tree Trim Inspection,TREEMAINTENANCE,"UF - JONES, CODY",8715 W HARDY ,"4, ZONE",453H,5460a,CLOSED,2020-08-31,09:54 AM
174908,Tree Removal,2020-08-31 10:18 AM,Tree Removal Inspection,TREEMAINTENANCE,"UF - POLOVTSEV, SERA",1748  KIPLING ,"2, ZONE",492V,5356a,CLOSED,2020-08-31,10:18 AM
174909,Tree Removal,2020-08-31 10:27 AM,Tree Removal Inspection,TREEMAINTENANCE,"UF - JONES, CODY",8603 WOODRUFF ST,"5, ZONE",535F,77012,CLOSED,2020-08-31,10:27 AM
174910,Tree Trim,2020-08-31 11:10 AM,Tree Trim Inspection,TREEMAINTENANCE,"UF - JONES, CODY",7523  DEARBORN ,"3, ZONE",451X,5159c,CLOSED,2020-08-31,11:10 AM
174911,Tree Trim,2020-08-31 11:12 AM,Tree Trim Inspection,TREEMAINTENANCE,"UF - JONES, CODY",505 W 10TH ,"3, ZONE",492D,5358a,CLOSED,2020-08-31,11:12 AM
174912,Tree Trim,2020-08-31 12:15 PM,Tree Trim Inspection,TREEMAINTENANCE,"UF - JONES, CODY",113  YORK ,"5, ZONE",494N,5457d,CLOSED,2020-08-31,12:15 PM
174916,Tree Trim,2020-08-31 03:14 PM,Tree Trim Inspection,TREEMAINTENANCE,"UF - JONES, CODY",710  MAROBY ,"5, ZONE",536J,5755c,CLOSED,2020-08-31,03:14 PM
174917,Tree Trim,2020-08-31 03:21 PM,Tree Trim Inspection,TREEMAINTENANCE,"PATINO, ARNULFO",7807 BURNING HILLS DR,"7, ZONE",530U,77071,CLOSED,2020-08-31,03:21 PM
174918,Tree Removal,2020-08-31 03:56 PM,Tree Removal Inspection,TREEMAINTENANCE,"UF - JONES, CODY",2905  ELGIN ,"6, ZONE",493Y,5456c,CLOSED,2020-08-31,03:56 PM
174919,Tree Trim,2020-08-31 04:04 PM,Tree Trim Inspection,TREEMAINTENANCE,"UF - JONES, CODY",8042  BRANIFF ,"6, ZONE",575K,5652c,CLOSED,2020-08-31,04:04 PM
174920,Tree Trim,2020-08-31 05:35 PM,Tree Trim Inspection,TREEMAINTENANCE,"UF - POLOVTSEV, SERA",9606  SHARPCREST ,"2, ZONE",529M,4954b,CLOSED,2020-08-31,05:35 PM
174921,Tree Removal,2020-08-31 05:46 PM,Tree Removal Inspection,TREEMAINTENANCE,"UF - JONES, CODY",1315  WEISS ,"4, ZONE",453Z,5459c,CLOSED,2020-08-31,05:46 PM
174922,Tree Trim,2020-08-31 07:40 PM,Tree Trim Inspection,TREEMAINTENANCE,"UF - JONES, CODY",736  LAWRENCE ,"3, ZONE",492D,5358a,CLOSED,2020-08-31,07:40 PM
174923,Tree Trim,2020-08-31 10:19 PM,Tree Trim Inspection,TREEMAINTENANCE,"UF - JONES, CODY", 15800 PATTERSON RD&3000 N SH 6,"3, ZONE",448N,4759a,CLOSED,2020-08-31,10:19 PM
174924,Tree Trim,2020-08-31 10:21 PM,Tree Trim Inspection,TREEMAINTENANCE,"UF - JONES, CODY", 2 ABERCROMBIE RD&15800 PATTERSON RD,"3, ZONE",448N,4759a,CLOSED,2020-08-31,10:21 PM
174925,Tree Trim,2020-09-01 07:13 AM,Tree Trim Inspection,TREEMAINTENANCE,"PATINO, ARNULFO",9407 CAMARGO CT,"7, ZONE",530T,77074,CLOSED,2020-09-01,07:13 AM
174926,Tree Trim,2020-09-01 07:51 AM,Tree Trim Inspection,TREEMAINTENANCE,"UF - POLOVTSEV, SERA",4503  MONTROSE ,"2, ZONE",493W,5356c,CLOSED,2020-09-01,07:51 AM
174927,Tree Removal,2020-09-01 08:23 AM,Tree Removal Inspection,TREEMAINTENANCE,"UF - JONES, CODY", 11200 CARIBBEAN&11132 CARIBBEAN LN&9700 SOUTHPORT DR,"6, ZONE",576W,5751c,CLOSED,2020-09-01,08:23 AM
174928,Tree Trim,2020-09-01 09:11 AM,Tree Trim Inspection,TREEMAINTENANCE,"UF - POLOVTSEV, SERA", 1950 BRIAR RIDGE DR&6200 INWOOD DR,"2, ZONE",491N,5156a,CLOSED,2020-09-01,09:11 AM
174930,Tree Trim,2020-09-01 10:05 AM,Tree Trim Inspection,TREEMAINTENANCE,"UF - JONES, CODY",8060  ELROD ,"5, ZONE",535U,5654d,CLOSED,2020-09-01,10:05 AM
174932,Tree Removal,2020-09-01 10:40 AM,Tree Removal Inspection,TREEMAINTENANCE,"PATINO, ARNULFO",14515 CARADINE ST,"7, ZONE",571P,77085,CLOSED,2020-09-01,10:40 AM
174933,Tree Trim,2020-09-01 10:52 AM,Tree Trim Inspection,TREEMAINTENANCE,"UF - POLOVTSEV, SERA", 4100 GREELEY ST&700 W MAIN ST,"2, ZONE",493S,5356b,CLOSED,2020-09-01,10:52 AM
174934,Tree Removal,2020-09-01 10:54 AM,Tree Removal Inspection,TREEMAINTENANCE,"UF - POLOVTSEV, SERA",1021  WAVERLY ,"3, ZONE",492D,5358a,CLOSED,2020-09-01,10:54 AM
174935,Tree Removal,2020-09-01 11:07 AM,Tree Removal Inspection,TREEMAINTENANCE,"PATINO, ARNULFO",4622 SMOOTH OAK LN,"7, ZONE",571V,77053,CLOSED,2020-09-01,11:07 AM
174936,Tree Trim,2020-09-01 12:31 PM,Tree Trim Inspection,TREEMAINTENANCE,"UF - JONES, CODY", 2800 VEGA ST&8750 VENUS ST,"3, ZONE",411R,5162b,CLOSED,2020-09-01,12:31 PM
174937,Tree Removal,2020-09-01 01:08 PM,Tree Removal Inspection,TREEMAINTENANCE,"PATINO, ARNULFO",11929 BARRYKNOLL LN,"2, ZONE",490A,77024,CLOSED,2020-09-01,01:08 PM
174938,Tree Trim,2020-09-01 02:31 PM,Tree Trim Inspection,TREEMAINTENANCE,"UF - JONES, CODY",2804  EASTMAN ,"3, ZONE",453P,5359b,CLOSED,2020-09-01,02:31 PM
174939,Tree Trim,2020-09-01 02:56 PM,Tree Trim Inspection,TREEMAINTENANCE,"PATINO, ARNULFO",2000 UNIVERSITY BLVD,"7, ZONE",532H,77030,CLOSED,2020-09-01,02:56 PM
174940,Tree Removal,2020-09-01 03:42 PM,Tree Removal Inspection,TREEMAINTENANCE,"UF - JONES, CODY",410 E 25TH ,"3, ZONE",453S,5359a,CLOSED,2020-09-01,03:42 PM
174941,Tree Trim,2020-09-01 03:54 PM,Tree Trim Inspection,TREEMAINTENANCE,"UF - POLOVTSEV, SERA", 0 LOCKWOOD DR&5500 MARKET ST,"5, ZONE",494G,5558c,CLOSED,2020-09-01,03:54 PM
174942,Tree Trim,2020-09-01 03:54 PM,Tree Trim Inspection,TREEMAINTENANCE,"UF - JONES, CODY",938  CREAGER ,"5, ZONE",576A,5753c,CLOSED,2020-09-01,03:54 PM
174943,Tree Trim,2020-09-01 04:22 PM,Tree Trim Inspection,TREEMAINTENANCE,"PATINO, ARNULFO",2345 MARONEAL ST,"7, ZONE",532G,77030,CLOSED,2020-09-01,04:22 PM
174944,Tree Trim,2020-09-01 05:23 PM,Tree Trim Inspection,TREEMAINTENANCE,"UF - JONES, CODY",402 E 25TH ,"3, ZONE",453S,5359a,CLOSED,2020-09-01,05:23 PM
174945,Tree Trim,2020-09-01 05:25 PM,Tree Trim Inspection,TREEMAINTENANCE,"PATINO, ARNULFO",7603 HOPEWELL LN,"7, ZONE",570C,77071,CLOSED,2020-09-01,05:25 PM
174946,Tree Trim,2020-09-01 05:27 PM,Tree Trim Inspection,TREEMAINTENANCE,"PATINO, ARNULFO",7834 HUMMINGBIRD ST,"7, ZONE",530Y,77071,CLOSED,2020-09-01,05:27 PM
174947,Tree Trim,2020-09-01 06:02 PM,Tree Trim Inspection,TREEMAINTENANCE,"UF - JONES, CODY", 300 BASSWOOD ST&7100 BAUMAN RD,"4, ZONE",453L,5360d,CLOSED,2020-09-01,06:02 PM
174948,Tree Trim,2020-09-01 06:07 PM,Tree Trim Inspection,TREEMAINTENANCE,"UF - POLOVTSEV, SERA",208  BURR ,"5, ZONE",494T,5557c,CLOSED,2020-09-01,06:07 PM
174949,Tree Trim,2020-09-01 06:43 PM,Tree Trim Inspection,TREEMAINTENANCE,"UF - POLOVTSEV, SERA", 3200 MONTROSE BLVD&916 WESTHEIMER RD,"2, ZONE",493S,5356a,CLOSED,2020-09-01,06:43 PM
174953,Tree Trim,2020-09-02 06:27 AM,Tree Trim Inspection,TREEMAINTENANCE,"PATINO, ARNULFO",4615 JACKSON ST,"7, ZONE",493X,77004,CLOSED,2020-09-02,06:27 AM
174954,Tree Trim,2020-09-02 07:27 AM,Tree Trim Inspection,TREEMAINTENANCE,"UF - JONES, CODY",11506  SAGEGROVE ,"6, ZONE",576Y,5750b,CLOSED,2020-09-02,07:27 AM
174955,Tree Trim,2020-09-02 07:35 AM,Tree Trim Inspection,TREEMAINTENANCE,"UF - POLOVTSEV, SERA", 2200 COHN ST&5600 LARKIN ST,"3, ZONE",492C,5258d,CLOSED,2020-09-02,07:35 AM
174956,Tree Trim,2020-09-02 07:58 AM,Tree Trim Inspection,TREEMAINTENANCE,"UF - POLOVTSEV, SERA", 700 KRESS ST&6300 LYONS AVE,"4, ZONE",494H,5558c,CLOSED,2020-09-02,07:58 AM
174957,Tree Protection Rev,2020-09-02 08:17 AM,Tree Protection Review Inspection,TREEPROTECTION,"UF - BURKES, JEREMY",5258 N BRAESWOOD BLVD,"7, ZONE",531T,77096,CLOSED,2020-09-02,08:17 AM
174958,Tree Trim,2020-09-02 08:26 AM,Tree Trim Inspection,TREEMAINTENANCE,"UF - POLOVTSEV, SERA",904  WESTCOTT ,"2, ZONE",492G,5257b,CLOSED,2020-09-02,08:26 AM
174960,Tree Trim,2020-09-02 09:10 AM,Tree Trim Inspection,TREEMAINTENANCE,"UF - POLOVTSEV, SERA",3117  LYONS ,"4, ZONE",494E,5458d,CLOSED,2020-09-02,09:10 AM
174961,Tree Trim,2020-09-02 09:34 AM,Tree Trim Inspection,TREEMAINTENANCE,"UF - POLOVTSEV, SERA",5509  CRUSE ,"4, ZONE",454G,5560a,CLOSED,2020-09-02,09:34 AM
174962,Tree Trim,2020-09-02 09:47 AM,Tree Trim Inspection,TREEMAINTENANCE,"UF - JONES, CODY",3923  EDISON ,"4, ZONE",453Y,5459c,CLOSED,2020-09-02,09:47 AM
174963,Tree Trim,2020-09-02 09:47 AM,Tree Trim Inspection,TREEMAINTENANCE,"PATINO, ARNULFO",11619 HILLCROFT ST,"7, ZONE",571A,77035,CLOSED,2020-09-02,09:47 AM
174964,Tree Trim,2020-09-02 10:12 AM,Tree Trim Inspection,TREEMAINTENANCE,"UF - JONES, CODY", 5100 EMANCIPATION AVE&2400 WICHITA ST,"6, ZONE",533B,5356d,CLOSED,2020-09-02,10:12 AM
174965,Tree Trim,2020-09-02 10:31 AM,Tree Trim Inspection,TREEMAINTENANCE,"UF - JONES, CODY",3601  CORDER ,"6, ZONE",533Q,5454a,CLOSED,2020-09-02,10:31 AM
174966,Tree Trim,2020-09-02 10:58 AM,Tree Trim Inspection,TREEMAINTENANCE,"UF - POLOVTSEV, SERA",1627  WILDE ROCK ,"3, ZONE",452P,5259a,CLOSED,2020-09-02,10:58 AM
174968,Tree Trim,2020-09-02 11:20 AM,Tree Trim Inspection,TREEMAINTENANCE,"PATINO, ARNULFO",1000 BINZ ST,"7, ZONE",493W,77004,CLOSED,2020-09-02,11:20 AM
174969,Tree Trim,2020-09-02 11:36 AM,Tree Trim Inspection,TREEMAINTENANCE,"PATINO, ARNULFO",13703 LOCKE LN,"2, ZONE",488T,77077,CLOSED,2020-09-02,11:36 AM
174970,Tree Removal,2020-09-02 12:12 PM,Tree Removal Inspection,TREEMAINTENANCE,"PATINO, ARNULFO",14526 BUXLEY ST,"7, ZONE",571R,77045,CLOSED,2020-09-02,12:12 PM
174973,Tree Code Violation,2020-09-02 01:15 PM,Tree Code Violation Inspection,TREEPROTECTION,"PATINO, ARNULFO",11870 CHIMNEY ROCK RD,"7, ZONE",571B,77035,CLOSED,2020-09-02,01:15 PM
174974,Tree Trim,2020-09-02 01:23 PM,Tree Trim Inspection,TREEMAINTENANCE,"UF - JONES, CODY",919  EASTLAKE ,"5, ZONE",576E,5752a,CLOSED,2020-09-02,01:23 PM
174975,Tree Removal,2020-09-02 01:30 PM,Tree Removal Inspection,TREEMAINTENANCE,"UF - JONES, CODY",10206  LONDONDERRY ,"3, ZONE",449V,4959d,CLOSED,2020-09-02,01:30 PM
174977,Tree Trim,2020-09-02 02:58 PM,Tree Trim Inspection,TREEMAINTENANCE,"UF - JONES, CODY",3662  ABINGER ,"3, ZONE",411R,5162d,CLOSED,2020-09-02,02:58 PM
174978,Tree Trim,2020-09-02 03:39 PM,Tree Trim Inspection,TREEMAINTENANCE,"PATINO, ARNULFO",11810 CARVEL LN,"2, ZONE",529J,77072,CLOSED,2020-09-02,03:39 PM
174980,Tree Code Violation,2020-09-02 04:18 PM,Tree Code Violation Inspection,TREEPROTECTION,"UF - BURKES, JEREMY",9801  PINE LAKE ,"3, ZONE",450X,4958b,CLOSED,2020-09-02,04:18 PM
174981,Tree Removal,2020-09-02 04:55 PM,Tree Removal Inspection,TREEMAINTENANCE,"PATINO, ARNULFO",4218 DRAGONWICK DR,"7, ZONE",572J,77045,CLOSED,2020-09-02,04:55 PM
174983,Tree Removal,2020-09-03 08:00 AM,Tree Removal Inspection,TREEMAINTENANCE,"UF - JONES, CODY",11506  SAGEGROVE ,"6, ZONE",576Y,5750b,CLOSED,2020-09-03,08:00 AM
174984,Tree Removal,2020-09-03 08:12 AM,Tree Removal Inspection,TREEMAINTENANCE,"PATINO, ARNULFO",1115 HAMPTON VILLA LN,"7, ZONE",572R,77047,CLOSED,2020-09-03,08:12 AM
174985,Tree Trim,2020-09-03 08:12 AM,Tree Trim Inspection,TREEMAINTENANCE,"UF - JONES, CODY",10614  SOUTHPORT ,"6, ZONE",576T,5751b,CLOSED,2020-09-03,08:12 AM
174986,Tree Trim,2020-09-03 08:14 AM,Tree Trim Inspection,TREEMAINTENANCE,"UF - JONES, CODY", 10700 RAMBLING TRL&10600 SABO RD,"6, ZONE",576T,5751b,CLOSED,2020-09-03,08:14 AM
174987,Tree Removal,2020-09-03 10:05 AM,Tree Removal Inspection,TREEMAINTENANCE,"PATINO, ARNULFO",6 BARRACUDA CT,"2, ZONE",490B,77024,CLOSED,2020-09-03,10:05 AM
174988,Tree Removal,2020-09-03 10:35 AM,Tree Removal Inspection,TREEMAINTENANCE,"PATINO, ARNULFO",14500 RICHMOND AVE,"2, ZONE",488W,77082,CLOSED,2020-09-03,10:35 AM
174989,Tree Removal,2020-09-03 11:47 AM,Tree Removal Inspection,TREEMAINTENANCE,"UF - JONES, CODY",502 E 12TH ,"3, ZONE",453W,5358a,CLOSED,2020-09-03,11:47 AM
174990,Tree Trim,2020-09-03 12:13 PM,Tree Trim Inspection,TREEMAINTENANCE,"UF - POLOVTSEV, SERA",1001  CANINO ,"4, ZONE",413U,5362b,CLOSED,2020-09-03,12:13 PM
174991,Tree Trim,2020-09-03 01:04 PM,Tree Trim Inspection,TREEMAINTENANCE,"PATINO, ARNULFO",700 N KIRKWOOD RD,"2, ZONE",489E,77079,CLOSED,2020-09-03,01:04 PM
174992,Tree Trim,2020-09-03 01:22 PM,Tree Trim Inspection,TREEMAINTENANCE,"PATINO, ARNULFO",8618 FERRIS DR,"7, ZONE",531P,77096,CLOSED,2020-09-03,01:22 PM
174993,Tree Removal,2020-09-03 01:42 PM,Tree Removal Inspection,TREEMAINTENANCE,"UF - JONES, CODY", 5200 ENYART ST&6140 MARTIN LUTHER KING BLVD,"6, ZONE",534N,5454b,CLOSED,2020-09-03,01:42 PM
174994,Tree Removal,2020-09-03 02:10 PM,Tree Removal Inspection,TREEMAINTENANCE,"UF - POLOVTSEV, SERA",11610  HERALD SQUARE ,"2, ZONE",529P,4854d,CLOSED,2020-09-03,02:10 PM
174995,Tree Removal,2020-09-03 02:12 PM,Tree Removal Inspection,TREEMAINTENANCE,"UF - POLOVTSEV, SERA", 2300 LAKE HILLS DR&3000 WOODLAND HILLS DR,"4, ZONE",296Z,5770d,CLOSED,2020-09-03,02:12 PM
174997,Tree Planting,2020-09-03 03:22 PM,Tree Planting Inspection,TREEPROTECTION,"UF - JONES, CODY",6712  COHN ,"3, ZONE",412Y,5261b,CLOSED,2020-09-03,03:22 PM
174998,Tree Trim,2020-09-03 05:21 PM,Tree Trim Inspection,TREEMAINTENANCE,"UF - JONES, CODY",925 B  WAVERLY ,"3, ZONE",492D,5358a,CLOSED,2020-09-03,05:21 PM
174999,Tree Trim,2020-09-03 05:31 PM,Tree Trim Inspection,TREEMAINTENANCE,"PATINO, ARNULFO",1402 CARIBE LN,"7, ZONE",572Z,77047,CLOSED,2020-09-03,05:31 PM
175003,Tree Removal,2020-09-03 07:18 PM,Tree Removal Inspection,TREEMAINTENANCE,"UF - POLOVTSEV, SERA",2413  WHITNEY ,"2, ZONE",493N,5357d,CLOSED,2020-09-03,07:18 PM
175004,Tree Trim,2020-09-04 08:42 AM,Tree Trim Inspection,TREEMAINTENANCE,"UF - POLOVTSEV, SERA",925 A  WAVERLY ,"3, ZONE",492D,5358a,CLOSED,2020-09-04,08:42 AM
175005,Tree Trim,2020-09-04 09:04 AM,Tree Trim Inspection,TREEMAINTENANCE,"PATINO, ARNULFO",15435 APPLERIDGE DR,"7, ZONE",570Z,77489,CLOSED,2020-09-04,09:04 AM
175006,Tree Trim,2020-09-04 09:06 AM,Tree Trim Inspection,TREEMAINTENANCE,"BLANCHETTE, PETER",723  REDWAY ,"5, ZONE",618N,5949d,CLOSED,2020-09-04,09:06 AM
175007,Tree Trim,2020-09-04 09:09 AM,Tree Trim Inspection,TREEMAINTENANCE,"PATINO, ARNULFO",5505 W OREM DR,"7, ZONE",571L,77085,CLOSED,2020-09-04,09:09 AM
175008,Tree Trim,2020-09-04 09:11 AM,Tree Trim Inspection,TREEMAINTENANCE,"PATINO, ARNULFO",10902 ASHCROFT DR,"7, ZONE",531W,77096,CLOSED,2020-09-04,09:11 AM
175009,Tree Trim,2020-09-04 09:16 AM,Tree Trim Inspection,TREEMAINTENANCE,"UF - JONES, CODY", 6700 BELLFORT ST&6600 LEDBETTER ST,"6, ZONE",534Y,5553a,CLOSED,2020-09-04,09:16 AM
175010,Tree Trim,2020-09-04 09:22 AM,Tree Trim Inspection,TREEMAINTENANCE,"UF - POLOVTSEV, SERA",1412 A  CASTLE ,"2, ZONE",493W,5356c,CLOSED,2020-09-04,09:22 AM
175011,Tree Trim,2020-09-04 11:27 AM,Tree Trim Inspection,TREEMAINTENANCE,"UF - POLOVTSEV, SERA",307  CANADIAN ,"4, ZONE",453U,5359b,CLOSED,2020-09-04,11:27 AM
175012,Tree Trim,2020-09-04 12:19 PM,Tree Trim Inspection,TREEMAINTENANCE,"UF - POLOVTSEV, SERA",4122  BARNES ,"2, ZONE",492H,5357a,CLOSED,2020-09-04,12:19 PM
175013,Tree Trim,2020-09-04 12:20 PM,Tree Trim Inspection,TREEMAINTENANCE,"UF - POLOVTSEV, SERA",4122  BARNES ,"2, ZONE",492H,5357a,CLOSED,2020-09-04,12:20 PM
175014,Tree Trim,2020-09-04 12:55 PM,Tree Trim Inspection,TREEMAINTENANCE,"PATINO, ARNULFO",2300 S DAIRY ASHFORD RD,"2, ZONE",488V,77077,CLOSED,2020-09-04,12:55 PM
175016,Tree Removal,2020-09-04 02:07 PM,Tree Removal Inspection,TREEMAINTENANCE,"UF - POLOVTSEV, SERA",32 B  LANA ,"2, ZONE",491V,5256a,CLOSED,2020-09-04,02:07 PM
175017,Tree Removal,2020-09-04 02:12 PM,Tree Removal Inspection,TREEMAINTENANCE,"UF - POLOVTSEV, SERA", 7300 BOYCE ST&1126 PORT ST,"5, ZONE",495J,5558d,CLOSED,2020-09-04,02:12 PM
175018,Tree Trim,2020-09-04 02:30 PM,Tree Trim Inspection,TREEMAINTENANCE,"UF - POLOVTSEV, SERA",5600  HOLLY VIEW ,"3, ZONE",411Y,5161a,CLOSED,2020-09-04,02:30 PM
175021,Tree Removal,2020-09-04 03:38 PM,Tree Removal Inspection,TREEMAINTENANCE,"UF - POLOVTSEV, SERA",2707  CAMPBELL ,"4, ZONE",494A,5458b,CLOSED,2020-09-04,03:38 PM
175022,Tree Removal,2020-09-04 04:13 PM,Tree Removal Inspection,TREEMAINTENANCE,"UF - POLOVTSEV, SERA",4818  WYNNEWOOD ,"4, ZONE",456T,5759a,CLOSED,2020-09-04,04:13 PM
175023,Tree Code Violation,2020-09-04 04:45 PM,Tree Code Violation Inspection,TREEPROTECTION,"BLANCHETTE, PETER",2303  FERN GROVE ,"5, ZONE",618A,5950b,CLOSED,2020-09-04,04:45 PM
175024,Tree Trim,2020-09-04 05:16 PM,Tree Trim Inspection,TREEMAINTENANCE,"UF - POLOVTSEV, SERA",3148  LINN ,"4, ZONE",454W,5459d,CLOSED,2020-09-04,05:16 PM
175025,Tree Removal,2020-09-05 08:44 AM,Tree Removal Inspection,TREEMAINTENANCE,"UF - JONES, CODY",1524 W MAIN ,"2, ZONE",492V,5356a,CLOSED,2020-09-05,08:44 AM
175026,Tree Removal,2020-09-05 05:11 PM,Tree Removal Inspection,TREEMAINTENANCE,"UF - POLOVTSEV, SERA", 7800 HIRSCH RD&4200 E TOLIVER ST,"4, ZONE",454K,5460b,CLOSED,2020-09-05,05:11 PM
175027,Tree Trim,2020-09-05 06:00 PM,Tree Trim Inspection,TREEMAINTENANCE,"UF - POLOVTSEV, SERA",9720  SPAULDING ,"4, ZONE",454D,5561c,CLOSED,2020-09-05,06:00 PM
175028,Tree Trim,2020-09-05 06:37 PM,Tree Trim Inspection,TREEMAINTENANCE,"UF - POLOVTSEV, SERA",4910  MONTROSE ,"1, ZONE",493W,5356c,CLOSED,2020-09-05,06:37 PM
175029,Tree Trim,2020-09-05 08:28 PM,Tree Trim Inspection,TREEMAINTENANCE,"PATINO, ARNULFO",2155 N MACGREGOR WAY,"7, ZONE",533B,77030,CLOSED,2020-09-05,08:28 PM
175030,Tree Trim,2020-09-05 08:46 PM,Tree Trim Inspection,TREEMAINTENANCE,"PATINO, ARNULFO",11655 CHIMNEY ROCK RD,"7, ZONE",571B,77035,CLOSED,2020-09-05,08:46 PM
175031,Tree Trim,2020-09-06 12:18 AM,Tree Trim Inspection,TREEMAINTENANCE,"UF - POLOVTSEV, SERA", 3200 KINGWOOD DR&1700 LAKE KINGWOOD TRL&2400 VALLEY MANOR DR,"4, ZONE",337A,5769b,CLOSED,2020-09-06,12:18 AM
175032,Tree Trim,2020-09-06 07:29 AM,Tree Trim Inspection,TREEMAINTENANCE,"UF - JONES, CODY",7319  NARCISSUS ,"5, ZONE",535E,5655c,CLOSED,2020-09-06,07:29 AM
175033,Tree Trim,2020-09-06 09:00 AM,Tree Trim Inspection,TREEMAINTENANCE,"UF - POLOVTSEV, SERA",9161  FRIENDLY ,"4, ZONE",454F,5461d,CLOSED,2020-09-06,09:00 AM
175034,Tree Trim,2020-09-06 02:36 PM,Tree Trim Inspection,TREEMAINTENANCE,"UF - JONES, CODY", 3000 AIRPORT BLVD&10634 BUFFUM ST,"6, ZONE",573F,5352b,CLOSED,2020-09-06,02:36 PM
175035,Tree Trim,2020-09-06 04:02 PM,Tree Trim Inspection,TREEMAINTENANCE,"UF - POLOVTSEV, SERA",9142  WESTVIEW ,"3, ZONE",450Y,5058a,CLOSED,2020-09-06,04:02 PM
175042,Tree Trim,2020-09-07 02:01 AM,Tree Trim Inspection,TREEMAINTENANCE,"PATINO, ARNULFO",5600 FLACK DR,"7, ZONE",531J,77081,CLOSED,2020-09-07,02:01 AM
175043,Tree Trim,2020-09-07 08:34 AM,Tree Trim Inspection,TREEMAINTENANCE,"UF - POLOVTSEV, SERA", 18100 MCKAY DR&0 WILL CLAYTON PKWY,"4, ZONE",375B,5567d,CLOSED,2020-09-07,08:34 AM
175044,Tree Code Violation,2020-09-07 09:10 AM,Tree Code Violation Inspection,TREEPROTECTION,"UF - POLOVTSEV, SERA",3212  ST EMANUEL ,"6, ZONE",493Y,5456a,CLOSED,2020-09-07,09:10 AM
175045,Tree Code Violation,2020-09-07 09:11 AM,Tree Code Violation Inspection,TREEPROTECTION,"BLANCHETTE, PETER",3210  ST EMANUEL ,"6, ZONE",493Y,5456a,CLOSED,2020-09-07,09:11 AM
175046,Tree Trim,2020-09-07 10:54 AM,Tree Trim Inspection,TREEMAINTENANCE,"UF - JONES, CODY",5030  ANDREA ,"6, ZONE",534N,5454b,CLOSED,2020-09-07,10:54 AM
175047,Tree Trim,2020-09-07 03:17 PM,Tree Trim Inspection,TREEMAINTENANCE,"UF - JONES, CODY",4878  CLOVER ,"6, ZONE",533Z,5453d,CLOSED,2020-09-07,03:17 PM
175049,Tree Trim,2020-09-07 04:21 PM,Tree Trim Inspection,TREEMAINTENANCE,"UF - POLOVTSEV, SERA",2407  LUCAS ,"4, ZONE",494B,5458b,CLOSED,2020-09-07,04:21 PM
175051,Tree Trim,2020-09-07 04:44 PM,Tree Trim Inspection,TREEMAINTENANCE,"UF - POLOVTSEV, SERA",3711  AUDUBON ,"2, ZONE",493S,5356b,CLOSED,2020-09-07,04:44 PM
175052,Tree Trim,2020-09-07 04:45 PM,Tree Trim Inspection,TREEMAINTENANCE,"UF - POLOVTSEV, SERA",4320  JULIAN ,"3, ZONE",453X,5359d,CLOSED,2020-09-07,04:45 PM
175053,Tree Trim,2020-09-07 05:25 PM,Tree Trim Inspection,TREEMAINTENANCE,"UF - POLOVTSEV, SERA",3902  TILSON ,"3, ZONE",450L,5060c,CLOSED,2020-09-07,05:25 PM
175055,Tree Trim,2020-09-08 08:13 AM,Tree Trim Inspection,TREEMAINTENANCE,"UF - POLOVTSEV, SERA",4810  CETTI ,"4, ZONE",453V,5459c,CLOSED,2020-09-08,08:13 AM
175056,Tree Trim,2020-09-08 08:21 AM,Tree Trim Inspection,TREEMAINTENANCE,"UF - POLOVTSEV, SERA",5219  EIGEL ,"2, ZONE",492G,5258d,CLOSED,2020-09-08,08:21 AM
175057,Tree Trim,2020-09-08 08:32 AM,Tree Trim Inspection,TREEMAINTENANCE,"BLANCHETTE, PETER",5514  CEDARBURG ,"6, ZONE",574E,5452b,CLOSED,2020-09-08,08:32 AM
175058,Tree Trim,2020-09-08 08:34 AM,Tree Trim Inspection,TREEMAINTENANCE,"UF - POLOVTSEV, SERA",4014  ROSELAND ,"2, ZONE",493S,5356b,CLOSED,2020-09-08,08:34 AM
175059,Tree Trim,2020-09-08 08:54 AM,Tree Trim Inspection,TREEMAINTENANCE,"UF - POLOVTSEV, SERA",6602  HOMESTEAD ,"4, ZONE",454R,5560d,CLOSED,2020-09-08,08:54 AM
175060,Tree Trim,2020-09-08 09:24 AM,Tree Trim Inspection,TREEMAINTENANCE,"BLANCHETTE, PETER", 6820 SOUTHBANK ST&5900 SOUTHGOOD ST,"6, ZONE",534T,5454d,CLOSED,2020-09-08,09:24 AM
175061,Tree Removal,2020-09-08 10:02 AM,Tree Removal Inspection,TREEMAINTENANCE,"PATINO, ARNULFO",12063 E CIRCLE DR,"7, ZONE",570C,77071,CLOSED,2020-09-08,10:02 AM
175062,Tree Removal,2020-09-08 10:16 AM,Tree Removal Inspection,TREEMAINTENANCE,"UF - POLOVTSEV, SERA",4603  NETT ,"2, ZONE",492H,5358c,CLOSED,2020-09-08,10:16 AM
175064,Tree Removal,2020-09-08 10:42 AM,Tree Removal Inspection,TREEMAINTENANCE,"UF - POLOVTSEV, SERA",2903  RIATA ,"3, ZONE",450J,4960d,CLOSED,2020-09-08,10:42 AM
175065,Tree Trim,2020-09-08 11:26 AM,Tree Trim Inspection,TREEMAINTENANCE,"UF - POLOVTSEV, SERA",6601  CATHCART ,"3, ZONE",412W,5261a,CLOSED,2020-09-08,11:26 AM
175067,Tree Trim,2020-09-08 12:06 PM,Tree Trim Inspection,TREEMAINTENANCE,"UF - POLOVTSEV, SERA", 3200 KINGWOOD DR&1700 LAKE KINGWOOD TRL&2400 VALLEY MANOR DR,"4, ZONE",337A,5769b,CLOSED,2020-09-08,12:06 PM
175072,Tree Removal,2020-09-08 02:37 PM,Tree Removal Inspection,TREEMAINTENANCE,"UF - POLOVTSEV, SERA",200  ARCHER ,"3, ZONE",453X,5358b,CLOSED,2020-09-08,02:37 PM
175073,Tree Trim,2020-09-08 03:09 PM,Tree Trim Inspection,TREEMAINTENANCE,"UF - POLOVTSEV, SERA",12807  GLENWOLDE ,"2, ZONE",528R,4853a,CLOSED,2020-09-08,03:09 PM
175075,Tree Planting,2020-09-08 04:44 PM,Tree Planting Inspection,TREEPLANTING,"UF - BURKES, JEREMY",7777 S DAIRY ASHFORD ,"2, ZONE",528M,4854a,CLOSED,2020-09-08,04:44 PM
175076,Tree Code Violation,2020-09-08 05:21 PM,Tree Code Violation Inspection,TREEPROTECTION,"PATINO, ARNULFO",7777 S DAIRY ASHFORD ,"2, ZONE",528M,4854a,CLOSED,2020-09-08,05:21 PM
175077,Tree Trim,2020-09-08 06:40 PM,Tree Trim Inspection,TREEMAINTENANCE,"UF - POLOVTSEV, SERA", 2400 BLALOCK RD&9440 EMNORA LN,"3, ZONE",450P,5059a,CLOSED,2020-09-08,06:40 PM
175082,Tree Trim,2020-09-09 06:57 AM,Tree Trim Inspection,TREEMAINTENANCE,"UF - POLOVTSEV, SERA",4214  CASTOR ,"3, ZONE",453J,5360c,CLOSED,2020-09-09,06:57 AM
175084,Tree Stump Grinding,2020-09-09 08:43 AM,Tree Stump Inspection,TREEMAINTENANCE,"BLANCHETTE, PETER",10831  SAGEBERRY ,"6, ZONE",616B,5750a,CLOSED,2020-09-09,08:43 AM
175085,Tree Removal,2020-09-09 08:48 AM,Tree Removal Inspection,TREEMAINTENANCE,"UF - POLOVTSEV, SERA",2411  REINERMAN ,"3, ZONE",492C,5258d,CLOSED,2020-09-09,08:48 AM
175086,Tree Removal,2020-09-09 09:10 AM,Tree Removal Inspection,TREEMAINTENANCE,"PATINO, ARNULFO",11502 CAESAR DR,"2, ZONE",529W,77477,CLOSED,2020-09-09,09:10 AM
175087,Tree Removal,2020-09-09 09:58 AM,Tree Removal Inspection,TREEMAINTENANCE,"UF - POLOVTSEV, SERA",1818  CAPRON ,"4, ZONE",494F,5458d,CLOSED,2020-09-09,09:58 AM
175088,Tree Removal,2020-09-09 10:04 AM,Tree Removal Inspection,TREEMAINTENANCE,"UF - POLOVTSEV, SERA",213  LUTHER ,"4, ZONE",453C,5361d,CLOSED,2020-09-09,10:04 AM
175089,Tree Trim,2020-09-09 10:28 AM,Tree Trim Inspection,TREEMAINTENANCE,"PATINO, ARNULFO",14418 HIRAM CLARKE RD,"7, ZONE",571R,77045,CLOSED,2020-09-09,10:28 AM
175090,Tree Trim,2020-09-09 10:59 AM,Tree Trim Inspection,TREEMAINTENANCE,"UF - POLOVTSEV, SERA",2321  GENTRY ,"4, ZONE",493C,5458a,CLOSED,2020-09-09,10:59 AM
175091,Tree Trim,2020-09-09 11:30 AM,Tree Trim Inspection,TREEMAINTENANCE,"PATINO, ARNULFO",4800 RIDGETON DR,"7, ZONE",611D,77053,CLOSED,2020-09-09,11:30 AM
175093,Tree Trim,2020-09-09 11:53 AM,Tree Trim Inspection,TREEMAINTENANCE,"BLANCHETTE, PETER",16631  SEAWOLF ,"5, ZONE",618T,6049c,CLOSED,2020-09-09,11:53 AM
175094,Tree Removal,2020-09-09 12:13 PM,Tree Removal Inspection,TREEMAINTENANCE,"PATINO, ARNULFO",2413 WHITNEY ST,"2, ZONE",493N,77006,CLOSED,2020-09-09,12:13 PM
175095,Tree Removal,2020-09-09 12:15 PM,Tree Removal Inspection,TREEMAINTENANCE,"UF - POLOVTSEV, SERA",3200  RUSSELL ,"4, ZONE",494B,5458b,CLOSED,2020-09-09,12:15 PM
175096,Tree Trim,2020-09-09 01:02 PM,Tree Trim Inspection,TREEMAINTENANCE,"UF - JONES, CODY", 7000 BELLFORT ST&6400 BULLFINCH ST,"6, ZONE",534Z,5553b,CLOSED,2020-09-09,01:02 PM
175097,Tree Removal,2020-09-09 01:45 PM,Tree Removal Inspection,TREEMAINTENANCE,"UF - POLOVTSEV, SERA", 1400 BIG DEER DR&21500 TURKEY CIR,"4, ZONE",378D,6067a,CLOSED,2020-09-09,01:45 PM
175098,Tree Trim,2020-09-09 02:01 PM,Tree Trim Inspection,TREEMAINTENANCE,"PATINO, ARNULFO",5754 BANKSIDE DR,"7, ZONE",531W,77096,CLOSED,2020-09-09,02:01 PM
175099,Tree Trim,2020-09-09 03:15 PM,Tree Trim Inspection,TREEMAINTENANCE,"BLANCHETTE, PETER",6915  PLUM CREEK TRAIL ,"6, ZONE",534M,5555d,CLOSED,2020-09-09,03:15 PM
175100,Tree Trim,2020-09-09 03:21 PM,Tree Trim Inspection,TREEMAINTENANCE,"UF - POLOVTSEV, SERA",1001  YALE ,"3, ZONE",492D,5358a,CLOSED,2020-09-09,03:21 PM
175103,Tree Removal,2020-09-09 04:06 PM,Tree Removal Inspection,TREEMAINTENANCE,"UF - POLOVTSEV, SERA",945  BAYLAND ,"3, ZONE",493B,5358b,CLOSED,2020-09-09,04:06 PM
175104,Tree Trim,2020-09-09 05:00 PM,Tree Trim Inspection,TREEMAINTENANCE,"PATINO, ARNULFO",12802 GRAND CROSS LN,"2, ZONE",528M,77072,CLOSED,2020-09-09,05:00 PM
175105,Tree Removal,2020-09-09 05:49 PM,Tree Removal Inspection,TREEMAINTENANCE,"PATINO, ARNULFO",6507 BANTA DR,"7, ZONE",571X,77053,CLOSED,2020-09-09,05:49 PM
175106,Tree Removal,2020-09-09 07:23 PM,Tree Removal Inspection,TREEMAINTENANCE,"PATINO, ARNULFO",11929 BARRYKNOLL LN,"2, ZONE",490A,77024,CLOSED,2020-09-09,07:23 PM
175107,Tree Trim,2020-09-09 08:23 PM,Tree Trim Inspection,TREEMAINTENANCE,"UF - POLOVTSEV, SERA",6111 W 43RD ,"3, ZONE",451K,5160a,CLOSED,2020-09-09,08:23 PM
175108,Tree Trim,2020-09-09 08:26 PM,Tree Trim Inspection,TREEMAINTENANCE,"UF - POLOVTSEV, SERA",5623 W 43RD ,"3, ZONE",451K,5160a,CLOSED,2020-09-09,08:26 PM
175109,Tree Trim,2020-09-09 08:31 PM,Tree Trim Inspection,TREEMAINTENANCE,"PATINO, ARNULFO",10306 BOB WHITE DR,"7, ZONE",530V,77096,CLOSED,2020-09-09,08:31 PM
175110,Tree Trim,2020-09-09 09:37 PM,Tree Trim Inspection,TREEMAINTENANCE,"BLANCHETTE, PETER",8206  BASSETT ,"6, ZONE",533T,5353b,CLOSED,2020-09-09,09:37 PM
175111,Tree Code Violation,2020-09-09 10:51 PM,Tree Code Violation Inspection,TREEPROTECTION,"PATINO, ARNULFO", 3900 S SHEPHERD DR&2100 SOUTHWEST FWY,"2, ZONE",492Y,5356c,CLOSED,2020-09-09,10:51 PM
175112,Tree Trim,2020-09-10 01:43 AM,Tree Trim Inspection,TREEMAINTENANCE,"PATINO, ARNULFO",4003 TIDEWATER DR,"7, ZONE",572J,77045,CLOSED,2020-09-10,01:43 AM
175113,Tree Removal,2020-09-10 08:45 AM,Tree Removal Inspection,TREEMAINTENANCE,"UF - POLOVTSEV, SERA",6902  NORDLING ,"4, ZONE",413W,5361a,CLOSED,2020-09-10,08:45 AM
175114,Tree Removal,2020-09-10 08:53 AM,Tree Removal Inspection,TREEMAINTENANCE,"UF - JONES, CODY",3200  RUSSELL ,"4, ZONE",494B,5458b,CLOSED,2020-09-10,08:53 AM
175117,Tree Trim,2020-09-10 09:20 AM,Tree Trim Inspection,TREEMAINTENANCE,"UF - JONES, CODY",710  MAROBY ,"5, ZONE",536J,5755c,CLOSED,2020-09-10,09:20 AM
175118,Tree Trim,2020-09-10 09:37 AM,Tree Trim Inspection,TREEMAINTENANCE,"UF - POLOVTSEV, SERA", 1220 TIMBERGROVE LN&1000 WYNNWOOD LN,"3, ZONE",452Y,5259d,CLOSED,2020-09-10,09:37 AM
175121,Tree Removal,2020-09-10 10:52 AM,Tree Removal Inspection,TREEMAINTENANCE,"UF - POLOVTSEV, SERA",2420  BAYLOR ,"3, ZONE",453T,5359b,CLOSED,2020-09-10,10:52 AM
175122,Tree Trim,2020-09-10 10:57 AM,Tree Trim Inspection,TREEMAINTENANCE,"PATINO, ARNULFO",15626  FALL BRIAR ,"7, ZONE",571X,5150a,CLOSED,2020-09-10,10:57 AM
175123,Tree Trim,2020-09-10 11:08 AM,Tree Trim Inspection,TREEMAINTENANCE,"PATINO, ARNULFO",6310 COSTA MESA DR,"7, ZONE",611B,77053,CLOSED,2020-09-10,11:08 AM
175124,Tree Removal,2020-09-10 11:39 AM,Tree Removal Inspection,TREEMAINTENANCE,"UF - JONES, CODY",7718  AVENUE H ,"5, ZONE",495W,5656a,CLOSED,2020-09-10,11:39 AM
175125,Tree Removal,2020-09-10 11:49 AM,Tree Removal Inspection,TREEMAINTENANCE,"PATINO, ARNULFO",931 BLANCHARD HILL LN,"7, ZONE",572Q,77047,CLOSED,2020-09-10,11:49 AM
175126,Tree Trim,2020-09-10 12:24 PM,Tree Trim Inspection,TREEMAINTENANCE,"UF - POLOVTSEV, SERA",13306  AGARITA ,"2, ZONE",528G,4855c,CLOSED,2020-09-10,12:24 PM
175127,Tree Trim,2020-09-10 01:01 PM,Tree Trim Inspection,TREEMAINTENANCE,"UF - JONES, CODY",7622  LADY ,"6, ZONE",533P,5354d,CLOSED,2020-09-10,01:01 PM
175128,Tree Trim,2020-09-10 01:16 PM,Tree Trim Inspection,TREEMAINTENANCE,"UF - JONES, CODY",3839  DAPHNE ,"6, ZONE",533L,5454a,CLOSED,2020-09-10,01:16 PM
175136,Tree Removal,2020-09-10 06:39 PM,Tree Removal Inspection,TREEMAINTENANCE,"PATINO, ARNULFO",1700 HADDON ST,"2, ZONE",492R,77006,CLOSED,2020-09-10,06:39 PM
175137,Tree Trim,2020-09-10 08:43 PM,Tree Trim Inspection,TREEMAINTENANCE,"UF - POLOVTSEV, SERA",7241  FINCH ,"4, ZONE",455J,5560b,CLOSED,2020-09-10,08:43 PM
175139,Tree Trim,2020-09-11 08:38 AM,Tree Trim Inspection,TREEMAINTENANCE,"UF - POLOVTSEV, SERA",10611  HAT ,"2, ZONE",528Z,4853c,CLOSED,2020-09-11,08:38 AM
175140,Tree Trim,2020-09-11 08:39 AM,Tree Trim Inspection,TREEMAINTENANCE,"BLANCHETTE, PETER", 3700 BELLFORT ST&8400 COMAL ST,"6, ZONE",533Y,5453a,CLOSED,2020-09-11,08:39 AM
175141,Tree Trim,2020-09-11 08:45 AM,Tree Trim Inspection,TREEMAINTENANCE,"BLANCHETTE, PETER",8042  BRANIFF ,"6, ZONE",575K,5652c,CLOSED,2020-09-11,08:45 AM
175142,Tree Removal,2020-09-11 09:13 AM,Tree Removal Inspection,TREEMAINTENANCE,"BLANCHETTE, PETER",1819  HATWELL ,"5, ZONE",534C,5556c,CLOSED,2020-09-11,09:13 AM
175143,Tree Trim,2020-09-11 09:28 AM,Tree Trim Inspection,TREEMAINTENANCE,"BLANCHETTE, PETER",6919  PLUM CREEK TRAIL ,"6, ZONE",534M,5555d,CLOSED,2020-09-11,09:28 AM
175144,Tree Removal,2020-09-11 09:33 AM,Tree Removal Inspection,TREEMAINTENANCE,"PATINO, ARNULFO",2340 GOLDSMITH ST,"7, ZONE",532G,77030,CLOSED,2020-09-11,09:33 AM
175145,Tree Removal,2020-09-11 09:49 AM,Tree Removal Inspection,TREEMAINTENANCE,"UF - POLOVTSEV, SERA",5821  WOODVIEW ,"4, ZONE",374M,5566c,CLOSED,2020-09-11,09:49 AM
175146,Tree Trim,2020-09-11 10:05 AM,Tree Trim Inspection,TREEMAINTENANCE,"PATINO, ARNULFO",5700 GREENBRIAR DR,"7, ZONE",532C,77030,CLOSED,2020-09-11,10:05 AM
175147,Tree Removal,2020-09-11 11:26 AM,Tree Removal Inspection,TREEMAINTENANCE,"UF - POLOVTSEV, SERA",4110  EUROPA ,"3, ZONE",453K,5360d,CLOSED,2020-09-11,11:26 AM
175148,Tree Trim,2020-09-11 12:32 PM,Tree Trim Inspection,TREEMAINTENANCE,"UF - POLOVTSEV, SERA", 10900 HIRSCH RD&5200 TAUTENHAHN RD,"4, ZONE",414U,5562c,CLOSED,2020-09-11,12:32 PM
175155,Tree Trim,2020-09-11 02:36 PM,Tree Trim Inspection,TREEMAINTENANCE,"UF - POLOVTSEV, SERA", 0 N LOOP FWY W&2800 N SHEPHERD DR,"3, ZONE",452R,5259b,CLOSED,2020-09-11,02:36 PM
175156,Tree Removal,2020-09-11 03:33 PM,Tree Removal Inspection,TREEMAINTENANCE,"UF - POLOVTSEV, SERA",2031  BANKS ,"7, ZONE",492Z,5356c,CLOSED,2020-09-11,03:33 PM
175157,Tree Trim,2020-09-11 04:12 PM,Tree Trim Inspection,TREEMAINTENANCE,"BLANCHETTE, PETER",8219  LANHAM ,"6, ZONE",575P,5651a,CLOSED,2020-09-11,04:12 PM
175158,Tree Trim,2020-09-11 06:58 PM,Tree Trim Inspection,TREEMAINTENANCE,"BLANCHETTE, PETER", 3839 DAPHNE ST,"6, ZONE",533L,5454a,CLOSED,2020-09-11,06:58 PM
175159,Tree Trim,2020-09-11 07:30 PM,Tree Trim Inspection,TREEMAINTENANCE,"UF - POLOVTSEV, SERA",807 E 24TH ,"3, ZONE",453S,5359a,CLOSED,2020-09-11,07:30 PM
175163,Tree Trim,2020-09-14 09:33 AM,Tree Trim Inspection,TREEMAINTENANCE,"UF - JONES, CODY", 4500 BRADY ST&100 SUPER ST,"5, ZONE",494P,5457d,CLOSED,2020-09-14,09:33 AM
175164,Tree Trim,2020-09-14 09:33 AM,Tree Trim Inspection,TREEMAINTENANCE,"PATINO, ARNULFO",6300 COSTA MESA DR,"7, ZONE",611B,77053,CLOSED,2020-09-14,09:33 AM
175165,Tree Trim,2020-09-14 09:58 AM,Tree Trim Inspection,TREEMAINTENANCE,"UF - JONES, CODY",7800  SPARTA ,"4, ZONE",455S,5559b,CLOSED,2020-09-14,09:58 AM
175166,Tree Trim,2020-09-14 10:37 AM,Tree Trim Inspection,TREEMAINTENANCE,"UF - POLOVTSEV, SERA",12550  VINDON ,"2, ZONE",489D,4958d,CLOSED,2020-09-14,10:37 AM
175167,Tree Trim,2020-09-14 10:41 AM,Tree Trim Inspection,TREEMAINTENANCE,"UF - POLOVTSEV, SERA", 11900 BISSONNET ST&9500 S KIRKWOOD RD,"2, ZONE",529S,4853b,CLOSED,2020-09-14,10:41 AM
175168,Tree Trim,2020-09-14 11:50 AM,Tree Trim Inspection,TREEMAINTENANCE,"UF - JONES, CODY",12019  ROSECROFT ,"6, ZONE",574J,5452d,CLOSED,2020-09-14,11:50 AM
175171,Tree Trim,2020-09-14 12:50 PM,Tree Trim Inspection,TREEMAINTENANCE,"UF - JONES, CODY", 5700 GROVETON ST&9350 MARTIN LUTHER KING BLVD,"6, ZONE",574E,5452b,CLOSED,2020-09-14,12:50 PM
175174,Tree Trim,2020-09-14 01:55 PM,Tree Trim Inspection,TREEMAINTENANCE,"UF - JONES, CODY",6932  NAVIGATION ,"5, ZONE",494V,5557d,CLOSED,2020-09-14,01:55 PM
175175,Tree Removal,2020-09-14 01:59 PM,Tree Removal Inspection,TREEMAINTENANCE,"PATINO, ARNULFO",10232 S POST OAK RD,"7, ZONE",531U,77096,CLOSED,2020-09-14,01:59 PM
175177,Tree Trim,2020-09-14 02:27 PM,Tree Trim Inspection,TREEMAINTENANCE,"PATINO, ARNULFO",15610 WINTER BRIAR DR,"7, ZONE",571X,77489,CLOSED,2020-09-14,02:27 PM
175178,Tree Trim,2020-09-14 02:31 PM,Tree Trim Inspection,TREEMAINTENANCE,"PATINO, ARNULFO",7918 DUFFIELD LN,"7, ZONE",530Y,77071,CLOSED,2020-09-14,02:31 PM
175179,Tree Trim,2020-09-14 02:38 PM,Tree Trim Inspection,TREEMAINTENANCE,"UF - JONES, CODY",5442  WILLOW CREEK ,"5, ZONE",536S,5754c,CLOSED,2020-09-14,02:38 PM
175180,Tree Trim,2020-09-14 03:11 PM,Tree Trim Inspection,TREEMAINTENANCE,"UF - JONES, CODY",19307  LOUIE WELCH ,"4, ZONE",335T,5567b,CLOSED,2020-09-14,03:11 PM
175181,Tree Trim,2020-09-14 03:15 PM,Tree Trim Inspection,TREEMAINTENANCE,"PATINO, ARNULFO",5119 PORTER RIDGE DR,"7, ZONE",611C,77053,CLOSED,2020-09-14,03:15 PM
175182,Tree Trim,2020-09-14 04:54 PM,Tree Trim Inspection,TREEMAINTENANCE,"UF - JONES, CODY",6647  AVENUE Q ,"5, ZONE",494R,5557d,CLOSED,2020-09-14,04:54 PM
175183,Tree Removal,2020-09-14 04:55 PM,Tree Removal Inspection,TREEMAINTENANCE,"UF - POLOVTSEV, SERA",6  BARRACUDA ,"2, ZONE",490B,5058c,CLOSED,2020-09-14,04:55 PM
175184,Tree Trim,2020-09-14 04:59 PM,Tree Trim Inspection,TREEMAINTENANCE,"UF - JONES, CODY", 9900 CLARK RD&200 DIPPING LN,"4, ZONE",453B,5361d,CLOSED,2020-09-14,04:59 PM
175185,Tree Trim,2020-09-14 05:25 PM,Tree Trim Inspection,TREEMAINTENANCE,"UF - POLOVTSEV, SERA",12926  VILLAWOOD ,"2, ZONE",528L,4854a,CLOSED,2020-09-14,05:25 PM
175186,Tree Trim,2020-09-14 07:36 PM,Tree Trim Inspection,TREEMAINTENANCE,"UF - JONES, CODY", 8500 JOHN ST&1400 REESE ST,"5, ZONE",535F,5655a,CLOSED,2020-09-14,07:36 PM
175188,Tree Removal,2020-09-15 09:08 AM,Tree Removal Inspection,TREEMAINTENANCE,"UF - JONES, CODY",19221  LOUIE WELCH ,"4, ZONE",335X,5567b,CLOSED,2020-09-15,09:08 AM
175189,Tree Trim,2020-09-15 09:18 AM,Tree Trim Inspection,TREEMAINTENANCE,"UF - POLOVTSEV, SERA",10035  FULTON ,"4, ZONE",453B,5361d,CLOSED,2020-09-15,09:18 AM
175190,Tree Trim,2020-09-15 09:57 AM,Tree Trim Inspection,TREEMAINTENANCE,"UF - JONES, CODY",7523  HEREFORD ,"6, ZONE",535S,5554d,CLOSED,2020-09-15,09:57 AM
175191,Tree Trim,2020-09-15 10:45 AM,Tree Trim Inspection,TREEMAINTENANCE,"PATINO, ARNULFO",11123 ASHCOTT DR,"2, ZONE",529F,77072,CLOSED,2020-09-15,10:45 AM
175192,Tree Trim,2020-09-15 10:45 AM,Tree Trim Inspection,TREEMAINTENANCE,"UF - POLOVTSEV, SERA",9702  KEMPWOOD ,"3, ZONE",450K,5060c,CLOSED,2020-09-15,10:45 AM
175193,Tree Removal,2020-09-15 10:54 AM,Tree Removal Inspection,TREEMAINTENANCE,"UF - JONES, CODY",10  LAURENHURST ,"3, ZONE",449Z,4958b,CLOSED,2020-09-15,10:54 AM
175194,Tree Trim,2020-09-15 10:59 AM,Tree Trim Inspection,TREEMAINTENANCE,"UF - POLOVTSEV, SERA", 5900 AUTUMN DOGWOOD WAY&1800 MOUNTAIN ASPEN LN,"4, ZONE",338A,5969a,CLOSED,2020-09-15,10:59 AM
175195,Tree Trim,2020-09-15 11:14 AM,Tree Trim Inspection,TREEMAINTENANCE,"UF - JONES, CODY",402  ARLINGTON ,"3, ZONE",493E,5358c,CLOSED,2020-09-15,11:14 AM
175196,Tree Removal,2020-09-15 12:09 PM,Tree Removal Inspection,TREEMAINTENANCE,"UF - POLOVTSEV, SERA",10218  CHEEVES ,"4, ZONE",415W,5561b,CLOSED,2020-09-15,12:09 PM
175197,Tree Trim,2020-09-15 12:12 PM,Tree Trim Inspection,TREEMAINTENANCE,"UF - POLOVTSEV, SERA",15414  LEE ,"4, ZONE",374V,5565c,CLOSED,2020-09-15,12:12 PM
175199,Tree Removal,2020-09-15 12:34 PM,Tree Removal Inspection,TREEMAINTENANCE,"UF - JONES, CODY",2101  GANO ,"4, ZONE",493D,5458c,CLOSED,2020-09-15,12:34 PM
175205,Tree Trim,2020-09-15 02:49 PM,Tree Trim Inspection,TREEMAINTENANCE,"PATINO, ARNULFO",LATMA DR & STELLA LINK RD,"7, ZONE",532N,77025,CLOSED,2020-09-15,02:49 PM
175206,Tree Trim,2020-09-15 03:00 PM,Tree Trim Inspection,TREEMAINTENANCE,"PATINO, ARNULFO",4156 MEYERWOOD DR,"7, ZONE",532N,77025,CLOSED,2020-09-15,03:00 PM
175207,Tree Trim,2020-09-15 03:56 PM,Tree Trim Inspection,TREEMAINTENANCE,"PATINO, ARNULFO",8283 KINGSBROOK RD,"2, ZONE",491A,77024,CLOSED,2020-09-15,03:56 PM
175208,Tree Trim,2020-09-15 04:00 PM,Tree Trim Inspection,TREEMAINTENANCE,"PATINO, ARNULFO",2227 TANGLEY ST,"7, ZONE",532C,77005,CLOSED,2020-09-15,04:00 PM
175209,Tree Removal,2020-09-15 04:21 PM,Tree Removal Inspection,TREEMAINTENANCE,"PATINO, ARNULFO",827 ROSINE ST,"2, ZONE",492M,77019,CLOSED,2020-09-15,04:21 PM
175210,Tree Planting,2020-09-15 04:36 PM,Tree Planting Inspection,TREEPROTECTION,"UF - POLOVTSEV, SERA",614 W 18TH ,"3, ZONE",452V,5359c,CLOSED,2020-09-15,04:36 PM
175211,Tree Trim,2020-09-15 04:41 PM,Tree Trim Inspection,TREEMAINTENANCE,"UF - JONES, CODY", 8900 MARTIN LUTHER KING BLVD&5600 SOUTHBROOK DR,"6, ZONE",574A,5453d,CLOSED,2020-09-15,04:41 PM
175212,Tree Trim,2020-09-15 05:43 PM,Tree Trim Inspection,TREEMAINTENANCE,"PATINO, ARNULFO",5400 GREENBRIAR DR,"7, ZONE",532C,77005,CLOSED,2020-09-15,05:43 PM
175213,Tree Removal,2020-09-16 08:16 AM,Tree Removal Inspection,TREEMAINTENANCE,"PATINO, ARNULFO",2201 SOUTH BLVD,"7, ZONE",492Y,77098,CLOSED,2020-09-16,08:16 AM
175214,Tree Trim,2020-09-16 08:17 AM,Tree Trim Inspection,TREEMAINTENANCE,"PATINO, ARNULFO",2201 SOUTH BLVD,"7, ZONE",492Y,77098,CLOSED,2020-09-16,08:17 AM
175215,Tree Removal,2020-09-16 09:05 AM,Tree Removal Inspection,TREEMAINTENANCE,"BLANCHETTE, PETER",10825  WALLISVILLE ,"4, ZONE",456W,5759c,CLOSED,2020-09-16,09:05 AM
175216,Tree Removal,2020-09-16 09:12 AM,Tree Removal Inspection,TREEMAINTENANCE,"BLANCHETTE, PETER",10201  KINGSPOINT ,"6, ZONE",576S,5751a,CLOSED,2020-09-16,09:12 AM
175217,Tree Removal,2020-09-16 09:51 AM,Tree Removal Inspection,TREEMAINTENANCE,"PATINO, ARNULFO",4027 HEATHERBLOOM DR,"7, ZONE",572N,77045,CLOSED,2020-09-16,09:51 AM
175219,Tree Trim,2020-09-16 01:22 PM,Tree Trim Inspection,TREEMAINTENANCE,"PATINO, ARNULFO",13 TIEL WAY,"2, ZONE",492L,77019,CLOSED,2020-09-16,01:22 PM
175220,Tree Trim,2020-09-16 01:25 PM,Tree Trim Inspection,TREEMAINTENANCE,"PATINO, ARNULFO",2200 WELCH ST,"2, ZONE",492Q,77019,CLOSED,2020-09-16,01:25 PM
175226,Tree Removal,2020-09-16 03:12 PM,Tree Removal Inspection,TREEMAINTENANCE,"BLANCHETTE, PETER",10803  SAGEVALE ,"6, ZONE",616B,5750a,CLOSED,2020-09-16,03:12 PM
175227,Tree Trim,2020-09-16 03:20 PM,Tree Trim Inspection,TREEMAINTENANCE,"UF - POLOVTSEV, SERA", 4850 OAK FOREST DR&1400 RICHELIEU LN,"3, ZONE",452F,5260a,CLOSED,2020-09-16,03:20 PM
175228,Tree Trim,2020-09-16 03:26 PM,Tree Trim Inspection,TREEMAINTENANCE,"UF - POLOVTSEV, SERA",1901  PAUL QUINN ,"3, ZONE",452A,5261c,CLOSED,2020-09-16,03:26 PM
175229,Tree Trim,2020-09-16 03:28 PM,Tree Trim Inspection,TREEMAINTENANCE,"BLANCHETTE, PETER",4315  HAIN ,"4, ZONE",453Y,5459c,CLOSED,2020-09-16,03:28 PM
175232,Tree Trim,2020-09-16 04:32 PM,Tree Trim Inspection,TREEMAINTENANCE,"PATINO, ARNULFO",3402 CENTER ST,"2, ZONE",493E,77007,CLOSED,2020-09-16,04:32 PM
175239,Tree Trim,2020-09-16 05:39 PM,Tree Trim Inspection,TREEMAINTENANCE,"PATINO, ARNULFO",3900 S SHEPHERD DR,"7, ZONE",492Y,77098,CLOSED,2020-09-16,05:39 PM
175242,Tree Removal,2020-09-16 06:05 PM,Tree Removal Inspection,TREEMAINTENANCE,"PATINO, ARNULFO",32 A A LANA LN,"2, ZONE",491V,77027,CLOSED,2020-09-16,06:05 PM
175243,Tree Trim,2020-09-16 06:27 PM,Tree Trim Inspection,TREEMAINTENANCE,"PATINO, ARNULFO",3831 DRAKE ST,"7, ZONE",492W,77005,CLOSED,2020-09-16,06:27 PM
175244,Tree Trim,2020-09-16 06:53 PM,Tree Trim Inspection,TREEMAINTENANCE,"PATINO, ARNULFO",15606 WINTER BRIAR DR,"7, ZONE",571X,77489,CLOSED,2020-09-16,06:53 PM
175245,Tree Trim,2020-09-16 07:10 PM,Tree Trim Inspection,TREEMAINTENANCE,"BLANCHETTE, PETER",6623  SOUTHBROOK ,"6, ZONE",574C,5553d,CLOSED,2020-09-16,07:10 PM
175246,Tree Trim,2020-09-17 01:37 AM,Tree Trim Inspection,TREEMAINTENANCE,"UF - POLOVTSEV, SERA",3621 GOLF DR,"3, ZONE",452P,77018,CLOSED,2020-09-17,01:37 AM
175247,Tree Removal,2020-09-17 06:08 AM,Tree Removal Inspection,TREEMAINTENANCE,"UF - POLOVTSEV, SERA",955 W 43RD ,"3, ZONE",452L,5260d,CLOSED,2020-09-17,06:08 AM
175249,Tree Trim,2020-09-17 08:21 AM,Tree Trim Inspection,TREEMAINTENANCE,"UF - POLOVTSEV, SERA", 1300 DU BARRY LN&3544 GUESE RD&1300 WOODCREST DR,"3, ZONE",452P,5260c,CLOSED,2020-09-17,08:21 AM
175252,Tree Removal,2020-09-17 09:00 AM,Tree Removal Inspection,TREEMAINTENANCE,"PATINO, ARNULFO",10315 SUN CITY CT,"2, ZONE",528V,77099,CLOSED,2020-09-17,09:00 AM
175253,Tree Trim,2020-09-17 09:11 AM,Tree Trim Inspection,TREEMAINTENANCE,"UF - POLOVTSEV, SERA",2604  ASHLAND ,"3, ZONE",452V,5359a,CLOSED,2020-09-17,09:11 AM
175262,Tree Removal,2020-09-17 11:05 AM,Tree Removal Inspection,TREEMAINTENANCE,"PATINO, ARNULFO",13111 CARVEL LN,"2, ZONE",528L,77072,CLOSED,2020-09-17,11:05 AM
175263,Tree Removal,2020-09-17 11:34 AM,Tree Removal Inspection,TREEMAINTENANCE,"PATINO, ARNULFO",9314 BRIAR FOREST DR,"2, ZONE",490P,77063,CLOSED,2020-09-17,11:34 AM
175264,Tree Trim,2020-09-17 11:53 AM,Tree Trim Inspection,TREEMAINTENANCE,"BLANCHETTE, PETER",1801  BAIRD ,"5, ZONE",494X,5556c,CLOSED,2020-09-17,11:53 AM
175265,Tree Removal,2020-09-17 12:17 PM,Tree Removal Inspection,TREEMAINTENANCE,"PATINO, ARNULFO",1718 NANTUCKET DR,"2, ZONE",491N,77057,CLOSED,2020-09-17,12:17 PM
175266,Tree Trim,2020-09-17 12:52 PM,Tree Trim Inspection,TREEMAINTENANCE,"BLANCHETTE, PETER",7739  GLENLEA ,"6, ZONE",535X,5653a,CLOSED,2020-09-17,12:52 PM
175267,Tree Removal,2020-09-17 01:09 PM,Tree Removal Inspection,TREEMAINTENANCE,"PATINO, ARNULFO",1748 RICHMOND AVE,"2, ZONE",492Z,77098,CLOSED,2020-09-17,01:09 PM
175268,Tree Removal,2020-09-17 01:53 PM,Tree Removal Inspection,TREEMAINTENANCE,"BLANCHETTE, PETER",7827  GLOVER ,"5, ZONE",535K,5655c,CLOSED,2020-09-17,01:53 PM
175269,Tree Removal,2020-09-17 03:12 PM,Tree Removal Inspection,TREEMAINTENANCE,"UF - POLOVTSEV, SERA",915  NORTHWOOD ,"3, ZONE",453X,5359d,CLOSED,2020-09-17,03:12 PM
175270,Tree Removal,2020-09-17 03:52 PM,Tree Removal Inspection,TREEMAINTENANCE,"PATINO, ARNULFO",978 BUNKER HILL RD,"2, ZONE",490B,77024,CLOSED,2020-09-17,03:52 PM
175272,Tree Removal,2020-09-17 04:49 PM,Tree Removal Inspection,TREEMAINTENANCE,"UF - POLOVTSEV, SERA", 5000 EASTLAND ST&8000 PARDEE ST,"4, ZONE",455T,5659a,CLOSED,2020-09-17,04:49 PM
175273,Tree Removal,2020-09-17 04:58 PM,Tree Removal Inspection,TREEMAINTENANCE,"PATINO, ARNULFO",2227 BLUE WILLOW DR,"2, ZONE",489U,77042,CLOSED,2020-09-17,04:58 PM
175274,Tree Removal,2020-09-17 08:45 PM,Tree Removal Inspection,TREEMAINTENANCE,"PATINO, ARNULFO",4025 WOODHAVEN ST,"7, ZONE",532W,77025,CLOSED,2020-09-17,08:45 PM
175283,Tree Trim,2020-09-18 08:38 AM,Tree Trim Inspection,TREEMAINTENANCE,"PATINO, ARNULFO",2400 PORTSMOUTH,"2, ZONE",492Y,77098,CLOSED,2020-09-18,08:38 AM
175284,Tree Trim,2020-09-18 10:04 AM,Tree Trim Inspection,TREEMAINTENANCE,"BLANCHETTE, PETER", 8408 MCLEAN ST&4500 ROSEMONT ST,"6, ZONE",533Y,5453a,CLOSED,2020-09-18,10:04 AM
175285,Tree Trim,2020-09-18 10:39 AM,Tree Trim Inspection,TREEMAINTENANCE,"UF - POLOVTSEV, SERA",423  AURORA ,"3, ZONE",453S,5359a,CLOSED,2020-09-18,10:39 AM
175286,Tree Trim,2020-09-18 10:54 AM,Tree Trim Inspection,TREEMAINTENANCE,"BLANCHETTE, PETER",1400  FOREST OAKS ,"5, ZONE",536N,5754a,CLOSED,2020-09-18,10:54 AM
175287,Tree Stump Grinding,2020-09-18 11:03 AM,Tree Stump Inspection,TREEMAINTENANCE,"PATINO, ARNULFO",2221 NORTH BLVD,"7, ZONE",492Y,77098,CLOSED,2020-09-18,11:03 AM
175288,Tree Trim,2020-09-18 11:13 AM,Tree Trim Inspection,TREEMAINTENANCE,"PATINO, ARNULFO",MARYLAND ST & WAUGH DR,"2, ZONE",493N,77006,CLOSED,2020-09-18,11:13 AM
175289,Tree Trim,2020-09-18 11:22 AM,Tree Trim Inspection,TREEMAINTENANCE,"UF - POLOVTSEV, SERA",7909  LINDA VISTA ,"4, ZONE",455F,5561d,CLOSED,2020-09-18,11:22 AM
175290,Tree Removal,2020-09-18 11:24 AM,Tree Removal Inspection,TREEMAINTENANCE,"UF - POLOVTSEV, SERA",610  DEL NORTE ,"3, ZONE",452H,5260b,CLOSED,2020-09-18,11:24 AM
175291,Tree Trim,2020-09-18 12:00 PM,Tree Trim Inspection,TREEMAINTENANCE,"UF - POLOVTSEV, SERA",7600 W TIDWELL ,"3, ZONE",450D,5061d,CLOSED,2020-09-18,12:00 PM
175292,Tree Removal,2020-09-18 12:18 PM,Tree Removal Inspection,TREEMAINTENANCE,"PATINO, ARNULFO",1512 CENTER ST,"2, ZONE",493K,77007,CLOSED,2020-09-18,12:18 PM
175293,Tree Trim,2020-09-18 12:38 PM,Tree Trim Inspection,TREEMAINTENANCE,"UF - POLOVTSEV, SERA",7812  LAVENDER LANTANA ,"4, ZONE",415X,5562d,CLOSED,2020-09-18,12:38 PM
175294,Tree Removal,2020-09-18 01:23 PM,Tree Removal Inspection,TREEMAINTENANCE,"UF - POLOVTSEV, SERA",12305  NOLA ,"4, ZONE",456Y,5759d,CLOSED,2020-09-18,01:23 PM
175296,Tree Trim,2020-09-18 02:31 PM,Tree Trim Inspection,TREEMAINTENANCE,"PATINO, ARNULFO",AVALON PL & WESTGATE DR,"2, ZONE",492Q,77019,CLOSED,2020-09-18,02:31 PM
175297,Tree Trim,2020-09-18 02:34 PM,Tree Trim Inspection,TREEMAINTENANCE,"BLANCHETTE, PETER", 7232 LINDEN ST,"5, ZONE",535E,5555b,CLOSED,2020-09-18,02:34 PM
175298,Tree Removal,2020-09-18 03:10 PM,Tree Removal Inspection,TREEMAINTENANCE,"PATINO, ARNULFO",5100 DICKSON ST,"2, ZONE",492L,77007,CLOSED,2020-09-18,03:10 PM
175299,Tree Trim,2020-09-18 06:18 PM,Tree Trim Inspection,TREEMAINTENANCE,"BLANCHETTE, PETER", 11200 RIDGELIGHT LN&11012 ROUND DALE LN,"6, ZONE",575Y,5651d,CLOSED,2020-09-18,06:18 PM
175300,Tree Trim,2020-09-18 06:57 PM,Tree Trim Inspection,TREEMAINTENANCE,"PATINO, ARNULFO",13020 TOWNWOOD DR,"7, ZONE",572F,77045,CLOSED,2020-09-18,06:57 PM
175301,Tree Trim,2020-09-18 10:38 PM,Tree Trim Inspection,TREEMAINTENANCE,"PATINO, ARNULFO",3121 W OREM DR,"7, ZONE",572K,77045,CLOSED,2020-09-18,10:38 PM
175302,Tree Trim,2020-09-18 10:52 PM,Tree Trim Inspection,TREEMAINTENANCE,"BLANCHETTE, PETER",5030  PERRY ,"6, ZONE",534J,5454b,CLOSED,2020-09-18,10:52 PM
175303,Tree Removal,2020-09-19 08:03 AM,Tree Removal Inspection,TREEMAINTENANCE,"PATINO, ARNULFO",4815 MANDELL ST,"7, ZONE",492Z,77006,CLOSED,2020-09-19,08:03 AM
175304,Tree Trim,2020-09-19 01:37 PM,Tree Trim Inspection,TREEMAINTENANCE,"PATINO, ARNULFO",10232 S POST OAK RD,"7, ZONE",531U,77096,CLOSED,2020-09-19,01:37 PM
175305,Tree Removal,2020-09-19 02:54 PM,Tree Removal Inspection,TREEMAINTENANCE,"UF - POLOVTSEV, SERA",8503  MCDADE ,"3, ZONE",450R,5059b,CLOSED,2020-09-19,02:54 PM
175306,Tree Removal,2020-09-19 04:43 PM,Tree Removal Inspection,TREEMAINTENANCE,"PATINO, ARNULFO",9722 CHATFIELD ST,"7, ZONE",532T,77025,CLOSED,2020-09-19,04:43 PM
175307,Tree Removal,2020-09-19 04:48 PM,Tree Removal Inspection,TREEMAINTENANCE,"BLANCHETTE, PETER",7004  SANTA FE ,"6, ZONE",574D,5553d,CLOSED,2020-09-19,04:48 PM
175308,Tree Trim,2020-09-19 07:17 PM,Tree Trim Inspection,TREEMAINTENANCE,"BLANCHETTE, PETER",1202  LOCKWOOD ,"5, ZONE",494G,5558c,CLOSED,2020-09-19,07:17 PM
175309,Tree Trim,2020-09-20 01:57 AM,Tree Trim Inspection,TREEMAINTENANCE,"PATINO, ARNULFO",118 GESSNER RD,"2, ZONE",490J,77024,CLOSED,2020-09-20,01:57 AM
175310,Tree Trim,2020-09-20 05:05 AM,Tree Trim Inspection,TREEMAINTENANCE,"BLANCHETTE, PETER",7402  TIERWESTER ,"6, ZONE",533Q,5454c,CLOSED,2020-09-20,05:05 AM
175311,Tree Removal,2020-09-20 10:58 AM,Tree Removal Inspection,TREEMAINTENANCE,"UF - POLOVTSEV, SERA",3907  GALWAY ,"3, ZONE",450L,5060c,CLOSED,2020-09-20,10:58 AM
175312,Tree Removal,2020-09-20 04:24 PM,Tree Removal Inspection,TREEMAINTENANCE,"PATINO, ARNULFO",4027 HEATHERBLOOM DR,"7, ZONE",572N,77045,CLOSED,2020-09-20,04:24 PM
175313,Tree Trim,2020-09-20 04:55 PM,Tree Trim Inspection,TREEMAINTENANCE,"UF - POLOVTSEV, SERA",1612  HEIGHTS ,"3, ZONE",453W,5359c,CLOSED,2020-09-20,04:55 PM
175314,Tree Trim,2020-09-21 06:52 AM,Tree Trim Inspection,TREEMAINTENANCE,"UF - POLOVTSEV, SERA",716 E 12TH ,"3, ZONE",453W,5358a,CLOSED,2020-09-21,06:52 AM
175315,Tree Trim,2020-09-21 07:19 AM,Tree Trim Inspection,TREEMAINTENANCE,"UF - POLOVTSEV, SERA",2120  OXFORD ,"3, ZONE",453S,5359a,CLOSED,2020-09-21,07:19 AM
175316,Tree Trim,2020-09-21 07:31 AM,Tree Trim Inspection,TREEMAINTENANCE,"UF - JONES, CODY",2922  SHADOWDALE ,"3, ZONE",449M,4960c,CLOSED,2020-09-21,07:31 AM
175320,Tree Removal,2020-09-21 09:41 AM,Tree Removal Inspection,TREEMAINTENANCE,"BLANCHETTE, PETER",708  ROUSE ,"4, ZONE",494H,5558d,CLOSED,2020-09-21,09:41 AM
175321,Tree Removal,2020-09-21 09:52 AM,Tree Removal Inspection,TREEMAINTENANCE,"UF - POLOVTSEV, SERA",9411  SPRING BRANCH ,"3, ZONE",450U,5059c,CLOSED,2020-09-21,09:52 AM
175325,Tree Trim,2020-09-21 11:19 AM,Tree Trim Inspection,TREEMAINTENANCE,"PATINO, ARNULFO",1302 BANKS ST,"7, ZONE",493W,77006,CLOSED,2020-09-21,11:19 AM
175327,Tree Removal,2020-09-21 11:46 AM,Tree Removal Inspection,TREEMAINTENANCE,"UF - POLOVTSEV, SERA",1818  WOODCREST ,"3, ZONE",452J,5260c,CLOSED,2020-09-21,11:46 AM
175328,Tree Trim,2020-09-21 12:03 PM,Tree Trim Inspection,TREEMAINTENANCE,"BLANCHETTE, PETER", 4500 BRADY ST&100 SUPER ST,"5, ZONE",494P,5457d,CLOSED,2020-09-21,12:03 PM
175330,Tree Removal,2020-09-21 12:24 PM,Tree Removal Inspection,TREEMAINTENANCE,"BLANCHETTE, PETER",839  MARLEEN ,"5, ZONE",576A,5753c,CLOSED,2020-09-21,12:24 PM
175331,Tree Trim,2020-09-21 12:39 PM,Tree Trim Inspection,TREEMAINTENANCE,"UF - POLOVTSEV, SERA", 3600 LOCKWOOD DR&5400 SALINA ST,"4, ZONE",454Y,5559c,CLOSED,2020-09-21,12:39 PM
175332,Tree Removal,2020-09-21 12:52 PM,Tree Removal Inspection,TREEMAINTENANCE,"PATINO, ARNULFO",2301  DRYDEN ,"7, ZONE",532G,5255b,CLOSED,2020-09-21,12:52 PM
175333,Tree Removal,2020-09-21 12:54 PM,Tree Removal Inspection,TREEMAINTENANCE,"BLANCHETTE, PETER",8200  PARK PLACE ,"5, ZONE",535P,5654a,CLOSED,2020-09-21,12:54 PM
175334,Tree Trim,2020-09-21 01:12 PM,Tree Trim Inspection,TREEMAINTENANCE,"BLANCHETTE, PETER",1433 ELLIOTT STREET ,"5, ZONE",494X,5556c,CLOSED,2020-09-21,01:12 PM
175335,Tree Trim,2020-09-21 01:32 PM,Tree Trim Inspection,TREEMAINTENANCE,"UF - POLOVTSEV, SERA", 2420 HURFUS DR&4722 RAMUS ST,"3, ZONE",451V,5159b,CLOSED,2020-09-21,01:32 PM
175336,Tree Trim,2020-09-21 01:42 PM,Tree Trim Inspection,TREEMAINTENANCE,"UF - POLOVTSEV, SERA", 0 NORTHWEST FWY&4700 RAMUS ST,"3, ZONE",451V,5159b,CLOSED,2020-09-21,01:42 PM
175337,Tree Trim,2020-09-21 01:46 PM,Tree Trim Inspection,TREEMAINTENANCE,"UF - POLOVTSEV, SERA",7525  TIDWELL ,"4, ZONE",455A,5561d,CLOSED,2020-09-21,01:46 PM
175338,Tree Removal,2020-09-21 02:19 PM,Tree Removal Inspection,TREEMAINTENANCE,"BLANCHETTE, PETER",7900  MORLEY ,"6, ZONE",535X,5653a,CLOSED,2020-09-21,02:19 PM
175339,Tree Trim,2020-09-21 02:44 PM,Tree Trim Inspection,TREEMAINTENANCE,"UF - POLOVTSEV, SERA",963 W LITTLE YORK ,"3, ZONE",412Y,5261b,CLOSED,2020-09-21,02:44 PM
175340,Tree Trim,2020-09-21 03:02 PM,Tree Trim Inspection,TREEMAINTENANCE,"PATINO, ARNULFO",12822 REMY ST,"7, ZONE",571H,77045,CLOSED,2020-09-21,03:02 PM
175343,Tree Trim,2020-09-21 05:58 PM,Tree Trim Inspection,TREEMAINTENANCE,"PATINO, ARNULFO",801 SAWYER ST,"2, ZONE",493K,77007,CLOSED,2020-09-21,05:58 PM
175344,Tree Removal,2020-09-21 06:50 PM,Tree Removal Inspection,TREEMAINTENANCE,"BLANCHETTE, PETER",501  MARIE ,"4, ZONE",493G,5458c,CLOSED,2020-09-21,06:50 PM
175345,Tree Removal,2020-09-21 07:15 PM,Tree Removal Inspection,TREEMAINTENANCE,"BLANCHETTE, PETER",501  MARIE ,"4, ZONE",493G,5458c,CLOSED,2020-09-21,07:15 PM
175346,Tree Trim,2020-09-21 09:20 PM,Tree Trim Inspection,TREEMAINTENANCE,"PATINO, ARNULFO",4702 MOUNT VERNON ST,"7, ZONE",493W,77006,CLOSED,2020-09-21,09:20 PM
175347,Tree Removal,2020-09-22 04:57 AM,Tree Removal Inspection,TREEMAINTENANCE,"UF - POLOVTSEV, SERA",5934  GREENMONT ,"3, ZONE",451B,5161c,CLOSED,2020-09-22,04:57 AM
175351,Tree Removal,2020-09-22 08:35 AM,Tree Removal Inspection,TREEMAINTENANCE,"UF - POLOVTSEV, SERA", 1130 SHELTERWOOD DR&6000 WISTER CT&6100 WISTER LN,"3, ZONE",452Y,5258b,CLOSED,2020-09-22,08:35 AM
175352,Tree Removal,2020-09-22 08:57 AM,Tree Removal Inspection,TREEMAINTENANCE,"UF - POLOVTSEV, SERA",9002  KENTSHIRE ,"4, ZONE",415Z,5661b,CLOSED,2020-09-22,08:57 AM
175353,Tree Removal,2020-09-22 09:03 AM,Tree Removal Inspection,TREEMAINTENANCE,"PATINO, ARNULFO",1612 RIDGEWOOD ST,"2, ZONE",492R,77006,CLOSED,2020-09-22,09:03 AM
175354,Tree Removal,2020-09-22 09:27 AM,Tree Removal Inspection,TREEMAINTENANCE,"PATINO, ARNULFO",W LOOP FWY N & MEMORIAL DR,"2, ZONE",491H,77024,CLOSED,2020-09-22,09:27 AM
175355,Tree Removal,2020-09-22 09:38 AM,Tree Removal Inspection,TREEMAINTENANCE,"UF - POLOVTSEV, SERA", 1130 SHELTERWOOD DR&1000 W T C JESTER BLVD,"3, ZONE",452Y,5258b,CLOSED,2020-09-22,09:38 AM
175356,Tree Removal,2020-09-22 09:40 AM,Tree Removal Inspection,TREEMAINTENANCE,"PATINO, ARNULFO",1300 EWING ST,"7, ZONE",533A,77004,CLOSED,2020-09-22,09:40 AM
175357,Tree Removal,2020-09-22 09:47 AM,Tree Removal Inspection,TREEMAINTENANCE,"PATINO, ARNULFO",W LOOP FWY N & WOODWAY DR,"2, ZONE",491M,77056,CLOSED,2020-09-22,09:47 AM
175359,Tree Trim,2020-09-22 10:34 AM,Tree Trim Inspection,TREEMAINTENANCE,"PATINO, ARNULFO",8330 DUNLAP ST,"7, ZONE",531N,77074,CLOSED,2020-09-22,10:34 AM
175362,Tree Removal,2020-09-22 11:39 AM,Tree Removal Inspection,TREEMAINTENANCE,"BLANCHETTE, PETER",7606  TIPPS ,"5, ZONE",535A,5556d,CLOSED,2020-09-22,11:39 AM
175363,Tree Removal,2020-09-22 11:55 AM,Tree Removal Inspection,TREEMAINTENANCE,"UF - POLOVTSEV, SERA",11215  DALEBROOK ,"4, ZONE",415N,5562b,CLOSED,2020-09-22,11:55 AM
175364,Tree Trim,2020-09-22 01:44 PM,Tree Trim Inspection,TREEMAINTENANCE,"PATINO, ARNULFO",9103 TANAGER ST,"2, ZONE",530N,77036,CLOSED,2020-09-22,01:44 PM
175365,Tree Removal,2020-09-22 02:58 PM,Tree Removal Inspection,TREEMAINTENANCE,"BLANCHETTE, PETER",3010  FRIAR POINT ,"6, ZONE",573F,5352b,CLOSED,2020-09-22,02:58 PM
175366,Tree Trim,2020-09-22 03:22 PM,Tree Trim Inspection,TREEMAINTENANCE,"UF - POLOVTSEV, SERA",526  HENKE ,"4, ZONE",494H,5558c,CLOSED,2020-09-22,03:22 PM
175368,Tree Trim,2020-09-22 04:24 PM,Tree Trim Inspection,TREEMAINTENANCE,"BLANCHETTE, PETER", 3807 BELLFORT ST,"6, ZONE",533Y,5453a,CLOSED,2020-09-22,04:24 PM
175369,Tree Removal,2020-09-22 04:51 PM,Tree Removal Inspection,TREEMAINTENANCE,"PATINO, ARNULFO",14101 BLUEBIRD LN,"2, ZONE",489E,77079,CLOSED,2020-09-22,04:51 PM
175373,Tree Trim,2020-09-23 06:04 AM,Tree Trim Inspection,TREEMAINTENANCE,"PATINO, ARNULFO",3300 GREENBRIAR DR,"2, ZONE",492U,77098,CLOSED,2020-09-23,06:04 AM
175374,Tree Removal,2020-09-23 06:16 AM,Tree Removal Inspection,TREEMAINTENANCE,"UF - POLOVTSEV, SERA", 2000 W 18TH ST&1600 SEASPRAY CT,"3, ZONE",452T,5259c,CLOSED,2020-09-23,06:16 AM
175375,Tree Trim,2020-09-23 07:18 AM,Tree Trim Inspection,TREEMAINTENANCE,"PATINO, ARNULFO",5030 HAZELTON ST,"7, ZONE",531Y,77035,CLOSED,2020-09-23,07:18 AM
175376,Tree Removal,2020-09-23 07:25 AM,Tree Removal Inspection,TREEMAINTENANCE,"UF - POLOVTSEV, SERA", 2100 W 18TH ST&1800 WATERCREST DR,"3, ZONE",452S,5259c,CLOSED,2020-09-23,07:25 AM
175378,Tree Removal,2020-09-23 08:33 AM,Tree Removal Inspection,TREEMAINTENANCE,"PATINO, ARNULFO",1836 RICHMOND AVE,"2, ZONE",492Z,77098,CLOSED,2020-09-23,08:33 AM
175379,Tree Removal,2020-09-23 08:40 AM,Tree Removal Inspection,TREEMAINTENANCE,"PATINO, ARNULFO",10022 SUGAR HILL DR,"2, ZONE",489R,77042,CLOSED,2020-09-23,08:40 AM
175380,Tree Trim,2020-09-23 08:50 AM,Tree Trim Inspection,TREEMAINTENANCE,"PATINO, ARNULFO",15300 CRADLE ST,"7, ZONE",571U,77053,CLOSED,2020-09-23,08:50 AM
175381,Tree Trim,2020-09-23 09:45 AM,Tree Trim Inspection,TREEMAINTENANCE,"PATINO, ARNULFO",1200 JACKSON BLVD,"2, ZONE",493N,77006,CLOSED,2020-09-23,09:45 AM
175382,Tree Trim,2020-09-23 09:47 AM,Tree Trim Inspection,TREEMAINTENANCE,"UF - JONES, CODY",200 W GREENS ,"3, ZONE",372Q,5265b,CLOSED,2020-09-23,09:47 AM
175383,Tree Removal,2020-09-23 09:53 AM,Tree Removal Inspection,TREEMAINTENANCE,"UF - JONES, CODY",200 W GREENS ,"3, ZONE",372Q,5265b,CLOSED,2020-09-23,09:53 AM
175384,Tree Trim,2020-09-23 10:01 AM,Tree Trim Inspection,TREEMAINTENANCE,"PATINO, ARNULFO",3535 LOUISIANA ST,"2, ZONE",493T,77002,CLOSED,2020-09-23,10:01 AM
175385,Tree Trim,2020-09-23 10:02 AM,Tree Trim Inspection,TREEMAINTENANCE,"UF - JONES, CODY",2802  VEGA ,"3, ZONE",411R,5162b,CLOSED,2020-09-23,10:02 AM
175386,Tree Trim,2020-09-23 10:09 AM,Tree Trim Inspection,TREEMAINTENANCE,"PATINO, ARNULFO",5102 BEECHNUT ST,"7, ZONE",531Q,77401,CLOSED,2020-09-23,10:09 AM
175388,Tree Removal,2020-09-23 10:45 AM,Tree Removal Inspection,TREEMAINTENANCE,"UF - POLOVTSEV, SERA",8811  FELAND ,"4, ZONE",455G,5661c,CLOSED,2020-09-23,10:45 AM
175389,Tree Removal,2020-09-23 10:48 AM,Tree Removal Inspection,TREEMAINTENANCE,"BLANCHETTE, PETER",6700  LONG ROAD (CULLINAN PARK),"6, ZONE",534R,5554b,CLOSED,2020-09-23,10:48 AM
175392,Tree Removal,2020-09-23 11:37 AM,Tree Removal Inspection,TREEMAINTENANCE,"BLANCHETTE, PETER", 10700 MARTIN LUTHER KING BLVD&5500 OSPREY DR,"6, ZONE",574E,5452b,CLOSED,2020-09-23,11:37 AM
175393,Tree Trim,2020-09-23 11:46 AM,Tree Trim Inspection,TREEMAINTENANCE,"PATINO, ARNULFO",1939 MISSOURI ST,"2, ZONE",492V,77019,CLOSED,2020-09-23,11:46 AM
175395,Tree Removal,2020-09-23 11:49 AM,Tree Removal Inspection,TREEMAINTENANCE,"UF - POLOVTSEV, SERA",3819  CETTI ,"4, ZONE",453Z,5459c,CLOSED,2020-09-23,11:49 AM
175397,Tree Removal,2020-09-23 12:03 PM,Tree Removal Inspection,TREEMAINTENANCE,"UF - POLOVTSEV, SERA",7015  HAVERTON ,"4, ZONE",415P,5562b,CLOSED,2020-09-23,12:03 PM
175398,Tree Trim,2020-09-23 12:14 PM,Tree Trim Inspection,TREEMAINTENANCE,"UF - POLOVTSEV, SERA",11902  MEADOWGREEN ,"4, ZONE",413T,5362d,CLOSED,2020-09-23,12:14 PM
175399,Tree Removal,2020-09-23 12:33 PM,Tree Removal Inspection,TREEMAINTENANCE,"BLANCHETTE, PETER",300  CYBERONICS ,"5, ZONE",618M,6050d,CLOSED,2020-09-23,12:33 PM
175401,Tree Trim,2020-09-23 01:51 PM,Tree Trim Inspection,TREEMAINTENANCE,"PATINO, ARNULFO",7802  RIPTIDE HOUSTON TX ,"2, ZONE",529J,4854b,CLOSED,2020-09-23,01:51 PM
175402,Tree Trim,2020-09-23 01:57 PM,Tree Trim Inspection,TREEMAINTENANCE,"BLANCHETTE, PETER",6523  RIDGEWAY ,"6, ZONE",534Y,5553a,CLOSED,2020-09-23,01:57 PM
175403,Tree Trim,2020-09-23 02:01 PM,Tree Trim Inspection,TREEMAINTENANCE,"PATINO, ARNULFO",900 BAGBY ST,"1, ZONE",493L,77002,CLOSED,2020-09-23,02:01 PM
175405,Tree Trim,2020-09-23 03:21 PM,Tree Trim Inspection,TREEMAINTENANCE,"UF - POLOVTSEV, SERA",910  ERIN ,"4, ZONE",453Z,5459c,CLOSED,2020-09-23,03:21 PM
175406,Tree Trim,2020-09-23 03:23 PM,Tree Trim Inspection,TREEMAINTENANCE,"UF - JONES, CODY",6414  BEAU GESTE ,"3, ZONE",411S,5062d,CLOSED,2020-09-23,03:23 PM
175407,Tree Trim,2020-09-23 03:25 PM,Tree Trim Inspection,TREEMAINTENANCE,"BLANCHETTE, PETER",300  CYBERONICS ,"5, ZONE",618M,6050d,CLOSED,2020-09-23,03:25 PM
175408,Tree Removal,2020-09-23 03:29 PM,Tree Removal Inspection,TREEMAINTENANCE,"PATINO, ARNULFO",5101 RUTHERGLENN DR,"7, ZONE",531U,77096,CLOSED,2020-09-23,03:29 PM
175410,Tree Removal,2020-09-23 03:35 PM,Tree Removal Inspection,TREEMAINTENANCE,"UF - POLOVTSEV, SERA",10903  NORMEADOW ,"4, ZONE",413Y,5361b,CLOSED,2020-09-23,03:35 PM
175411,Tree Removal,2020-09-23 04:30 PM,Tree Removal Inspection,TREEMAINTENANCE,"UF - POLOVTSEV, SERA",787  MILLVILLE ,"3, ZONE",412Y,5262d,CLOSED,2020-09-23,04:30 PM
175412,Tree Trim,2020-09-23 04:31 PM,Tree Trim Inspection,TREEMAINTENANCE,"PATINO, ARNULFO",800 ALMEDA GENOA RD,"7, ZONE",572U,77047,CLOSED,2020-09-23,04:31 PM
175413,Tree Trim,2020-09-23 04:53 PM,Tree Trim Inspection,TREEMAINTENANCE,"UF - POLOVTSEV, SERA",2124  COCHRAN ,"4, ZONE",493D,5458a,CLOSED,2020-09-23,04:53 PM
175414,Tree Trim,2020-09-23 05:32 PM,Tree Trim Inspection,TREEMAINTENANCE,"UF - JONES, CODY",10118  PINE MOSS ,"3, ZONE",411J,5062b,CLOSED,2020-09-23,05:32 PM
175415,Tree Trim,2020-09-23 05:35 PM,Tree Trim Inspection,TREEMAINTENANCE,"UF - JONES, CODY",7142  YELLOW PINE ,"3, ZONE",411J,5062b,CLOSED,2020-09-23,05:35 PM
175416,Tree Trim,2020-09-23 05:41 PM,Tree Trim Inspection,TREEMAINTENANCE,"UF - JONES, CODY",10018  PINE MOSS ,"3, ZONE",411N,5062b,CLOSED,2020-09-23,05:41 PM
175417,Tree Removal,2020-09-23 06:21 PM,Tree Removal Inspection,TREEMAINTENANCE,"BLANCHETTE, PETER",207  GREENWOOD ,"5, ZONE",494U,5556a,CLOSED,2020-09-23,06:21 PM
175418,Tree Trim,2020-09-24 04:02 AM,Tree Trim Inspection,TREEMAINTENANCE,"BLANCHETTE, PETER",2802  FRANCIS ,"6, ZONE",493Y,5456c,CLOSED,2020-09-24,04:02 AM
175421,Tree Removal,2020-09-24 08:33 AM,Tree Removal Inspection,TREEMAINTENANCE,"BLANCHETTE, PETER",216  GREENWOOD ,"5, ZONE",494U,5556a,CLOSED,2020-09-24,08:33 AM
175422,Tree Trim,2020-09-24 09:10 AM,Tree Trim Inspection,TREEMAINTENANCE,"BLANCHETTE, PETER",7303  FAUNA ,"6, ZONE",575A,5553d,CLOSED,2020-09-24,09:10 AM
175423,Tree Removal,2020-09-24 09:44 AM,Tree Removal Inspection,TREEMAINTENANCE,"PATINO, ARNULFO",1111 HERMANN DR,"7, ZONE",533A,77004,CLOSED,2020-09-24,09:44 AM
175424,Tree Removal,2020-09-24 09:44 AM,Tree Removal Inspection,TREEMAINTENANCE,"PATINO, ARNULFO",1400 WICHMAN ST,"2, ZONE",493E,77007,CLOSED,2020-09-24,09:44 AM
175425,Tree Trim,2020-09-24 09:45 AM,Tree Trim Inspection,TREEMAINTENANCE,"PATINO, ARNULFO",1900 HAYES RD,"2, ZONE",489P,77042,CLOSED,2020-09-24,09:45 AM
175426,Tree Trim,2020-09-24 10:01 AM,Tree Trim Inspection,TREEMAINTENANCE,"UF - POLOVTSEV, SERA",709  TEMPLE ,"3, ZONE",453X,5358b,CLOSED,2020-09-24,10:01 AM
175427,Tree Trim,2020-09-24 10:28 AM,Tree Trim Inspection,TREEMAINTENANCE,"UF - POLOVTSEV, SERA", 1800 FULTON ST&1100 PINCKNEY ST,"4, ZONE",493H,5458c,CLOSED,2020-09-24,10:28 AM
175428,Tree Trim,2020-09-24 10:30 AM,Tree Trim Inspection,TREEMAINTENANCE,"PATINO, ARNULFO",12327 CHESSINGTON DR,"7, ZONE",570E,77031,CLOSED,2020-09-24,10:30 AM
175429,Tree Trim,2020-09-24 10:30 AM,Tree Trim Inspection,TREEMAINTENANCE,"PATINO, ARNULFO",4823 MANDELL ST,"7, ZONE",492Z,77006,CLOSED,2020-09-24,10:30 AM
175431,Tree Trim,2020-09-24 11:16 AM,Tree Trim Inspection,TREEMAINTENANCE,"BLANCHETTE, PETER", 4600 EMANCIPATION AVE&2400 RUTH ST,"6, ZONE",493Y,5356d,CLOSED,2020-09-24,11:16 AM
175432,Tree Removal,2020-09-24 11:46 AM,Tree Removal Inspection,TREEMAINTENANCE,"UF - POLOVTSEV, SERA",2122 W LITTLE YORK ,"3, ZONE",412W,5261a,CLOSED,2020-09-24,11:46 AM
175433,Tree Removal,2020-09-24 12:20 PM,Tree Removal Inspection,TREEMAINTENANCE,"UF - JONES, CODY",11219  PECAN CREEK ,"3, ZONE",489B,4858b,CLOSED,2020-09-24,12:20 PM
175434,Tree Removal,2020-09-24 12:51 PM,Tree Removal Inspection,TREEMAINTENANCE,"BLANCHETTE, PETER",6720 S HAYWOOD  GARDEN VILLA PARK,"6, ZONE",535W,5553b,CLOSED,2020-09-24,12:51 PM
175435,Tree Trim,2020-09-24 01:05 PM,Tree Trim Inspection,TREEMAINTENANCE,"UF - POLOVTSEV, SERA",607  KILROY ,"4, ZONE",496E,5758a,CLOSED,2020-09-24,01:05 PM
175436,Tree Trim,2020-09-24 01:09 PM,Tree Trim Inspection,TREEMAINTENANCE,"BLANCHETTE, PETER",12115  WESSEX ,"6, ZONE",617A,5850a,CLOSED,2020-09-24,01:09 PM
175437,Tree Removal,2020-09-24 01:36 PM,Tree Removal Inspection,TREEMAINTENANCE,"BLANCHETTE, PETER",6924  DILLON ,"6, ZONE",574D,5553d,CLOSED,2020-09-24,01:36 PM
175438,Tree Trim,2020-09-24 01:42 PM,Tree Trim Inspection,TREEMAINTENANCE,"PATINO, ARNULFO",1700  HERMANN ,"7, ZONE",533A,5355b,CLOSED,2020-09-24,01:42 PM
175439,Tree Removal,2020-09-24 01:44 PM,Tree Removal Inspection,TREEMAINTENANCE,"BLANCHETTE, PETER",10310  OAKPOINT ,"3, ZONE",449Z,4958b,CLOSED,2020-09-24,01:44 PM
175440,Tree Trim,2020-09-24 01:55 PM,Tree Trim Inspection,TREEMAINTENANCE,"PATINO, ARNULFO",6445  WILCREST HOUSTON TX ,"2, ZONE",529G,4955c,CLOSED,2020-09-24,01:55 PM
175441,Tree Trim,2020-09-24 01:58 PM,Tree Trim Inspection,TREEMAINTENANCE,"PATINO, ARNULFO",6292  WILCREST HOUSTON TX ,"2, ZONE",529B,4955c,CLOSED,2020-09-24,01:58 PM
175442,Tree Trim,2020-09-24 01:58 PM,Tree Trim Inspection,TREEMAINTENANCE,"BLANCHETTE, PETER",8402  GLENSCOTT ,"6, ZONE",535Y,5653b,CLOSED,2020-09-24,01:58 PM
175443,Tree Trim,2020-09-24 02:13 PM,Tree Trim Inspection,TREEMAINTENANCE,"BLANCHETTE, PETER",5225  CALHOUN ,"6, ZONE",534E,5455b,CLOSED,2020-09-24,02:13 PM
175444,Tree Trim,2020-09-24 02:35 PM,Tree Trim Inspection,TREEMAINTENANCE,"PATINO, ARNULFO",2960 LAZY LANE BLVD,"2, ZONE",492Q,77019,CLOSED,2020-09-24,02:35 PM
175445,Tree Trim,2020-09-24 02:40 PM,Tree Trim Inspection,TREEMAINTENANCE,"PATINO, ARNULFO",5351 FAIRDALE LN,"2, ZONE",491Y,77056,CLOSED,2020-09-24,02:40 PM
175446,Tree Trim,2020-09-24 02:56 PM,Tree Trim Inspection,TREEMAINTENANCE,"UF - POLOVTSEV, SERA",2112  GENTRY ,"4, ZONE",493D,5458c,CLOSED,2020-09-24,02:56 PM
175447,Tree Trim,2020-09-24 03:07 PM,Tree Trim Inspection,TREEMAINTENANCE,"BLANCHETTE, PETER",7317  LAKEHURST ,"6, ZONE",534V,5554d,CLOSED,2020-09-24,03:07 PM
175448,Tree Trim,2020-09-24 03:55 PM,Tree Trim Inspection,TREEMAINTENANCE,"UF - POLOVTSEV, SERA",861 E 25TH ,"3, ZONE",453S,5359b,CLOSED,2020-09-24,03:55 PM
175450,Tree Trim,2020-09-24 04:29 PM,Tree Trim Inspection,TREEMAINTENANCE,"UF - POLOVTSEV, SERA",7943  FLINTRIDGE ,"4, ZONE",455F,5660a,CLOSED,2020-09-24,04:29 PM
175451,Tree Removal,2020-09-24 04:57 PM,Tree Removal Inspection,TREEMAINTENANCE,"PATINO, ARNULFO",11110 FONDA ST,"7, ZONE",531X,77035,CLOSED,2020-09-24,04:57 PM
175452,Tree Trim,2020-09-24 05:50 PM,Tree Trim Inspection,TREEMAINTENANCE,"UF - POLOVTSEV, SERA",415  GRACELAND ,"4, ZONE",453U,5459a,CLOSED,2020-09-24,05:50 PM
175459,Tree Trim,2020-09-24 06:19 PM,Tree Trim Inspection,TREEMAINTENANCE,"UF - POLOVTSEV, SERA",726  ALLSTON ,"3, ZONE",492D,5358a,CLOSED,2020-09-24,06:19 PM
175461,Tree Removal,2020-09-24 06:30 PM,Tree Removal Inspection,TREEMAINTENANCE,"BLANCHETTE, PETER",7514  AVENUE F ,"5, ZONE",495W,5556b,CLOSED,2020-09-24,06:30 PM
175463,Tree Removal,2020-09-24 06:37 PM,Tree Removal Inspection,TREEMAINTENANCE,"BLANCHETTE, PETER",7759  OAK VISTA (REVEILLE PARK),"6, ZONE",535T,5654c,CLOSED,2020-09-24,06:37 PM
175464,Tree Removal,2020-09-24 06:58 PM,Tree Removal Inspection,TREEMAINTENANCE,"PATINO, ARNULFO",15522 FALL BRIAR DR,"7, ZONE",571X,77489,CLOSED,2020-09-24,06:58 PM
175465,Tree Removal,2020-09-24 07:11 PM,Tree Removal Inspection,TREEMAINTENANCE,"BLANCHETTE, PETER",7000  CAPITOL ,"5, ZONE",494Z,5556b,CLOSED,2020-09-24,07:11 PM
175466,Tree Trim,2020-09-24 07:55 PM,Tree Trim Inspection,TREEMAINTENANCE,"BLANCHETTE, PETER",5654  MEADOW CREEK ,"5, ZONE",536T,5754c,CLOSED,2020-09-24,07:55 PM
175467,Tree Trim,2020-09-25 04:52 AM,Tree Trim Inspection,TREEMAINTENANCE,"BLANCHETTE, PETER",3975  BOLIN ,"3, ZONE",451K,5160c,CLOSED,2020-09-25,04:52 AM
175468,Tree Trim,2020-09-25 08:41 AM,Tree Trim Inspection,TREEMAINTENANCE,"PATINO, ARNULFO",10010  BALMFORTH HOUSTON TX ,"7, ZONE",531U,5153b,CLOSED,2020-09-25,08:41 AM
175471,Tree Code Violation,2020-09-25 08:51 AM,Tree Code Violation Inspection,TREEPROTECTION,"PATINO, ARNULFO",3404 RICHMOND AVE,"2, ZONE",492X,77027,CLOSED,2020-09-25,08:51 AM
175472,Tree Removal,2020-09-25 09:53 AM,Tree Removal Inspection,TREEMAINTENANCE,"BLANCHETTE, PETER",8306  HOLIDAY ,"6, ZONE",575Q,5651b,CLOSED,2020-09-25,09:53 AM
175473,Tree Trim,2020-09-25 10:28 AM,Tree Trim Inspection,TREEMAINTENANCE,"BLANCHETTE, PETER",7145  SIMS ,"6, ZONE",534Z,5553b,CLOSED,2020-09-25,10:28 AM
175474,Tree Trim,2020-09-25 10:34 AM,Tree Trim Inspection,TREEMAINTENANCE,"PATINO, ARNULFO",4823 PRAIRIE RIDGE RD,"7, ZONE",611C,77053,CLOSED,2020-09-25,10:34 AM
175475,Tree Trim,2020-09-25 10:34 AM,Tree Trim Inspection,TREEMAINTENANCE,"UF - POLOVTSEV, SERA",3103  KENTUCKY ,"4, ZONE",494A,5458b,CLOSED,2020-09-25,10:34 AM
175476,Tree Removal,2020-09-25 11:24 AM,Tree Removal Inspection,TREEMAINTENANCE,"UF - JONES, CODY",200  MISSISSIPPI ,"5, ZONE",495U,5657d,CLOSED,2020-09-25,11:24 AM
175477,Tree Trim,2020-09-25 11:44 AM,Tree Trim Inspection,TREEMAINTENANCE,"UF - POLOVTSEV, SERA",915  NORTHWOOD ,"3, ZONE",453X,5359d,CLOSED,2020-09-25,11:44 AM
175478,Tree Removal,2020-09-25 11:59 AM,Tree Removal Inspection,TREEMAINTENANCE,"PATINO, ARNULFO",1403 JOHNSON ST,"2, ZONE",493F,77007,CLOSED,2020-09-25,11:59 AM
175479,Tree Trim,2020-09-25 12:22 PM,Tree Trim Inspection,TREEMAINTENANCE,"BLANCHETTE, PETER",11911  HUNKLER ,"6, ZONE",573M,5452c,CLOSED,2020-09-25,12:22 PM
175480,Tree Removal,2020-09-25 12:46 PM,Tree Removal Inspection,TREEMAINTENANCE,"UF - POLOVTSEV, SERA",508  HENRY ,"4, ZONE",493G,5458c,CLOSED,2020-09-25,12:46 PM
175481,Tree Removal,2020-09-25 12:48 PM,Tree Removal Inspection,TREEMAINTENANCE,"UF - POLOVTSEV, SERA",10817  STABLER ,"4, ZONE",413X,5361b,CLOSED,2020-09-25,12:48 PM
175482,Tree Trim,2020-09-25 01:13 PM,Tree Trim Inspection,TREEMAINTENANCE,"PATINO, ARNULFO",13439 WOODRING DR,"7, ZONE",572K,77045,CLOSED,2020-09-25,01:13 PM
175483,Tree Removal,2020-09-25 01:20 PM,Tree Removal Inspection,TREEMAINTENANCE,"PATINO, ARNULFO",4422 TIFFANY DR,"7, ZONE",572N,77045,CLOSED,2020-09-25,01:20 PM
175484,Tree Trim,2020-09-25 01:39 PM,Tree Trim Inspection,TREEMAINTENANCE,"UF - JONES, CODY", 2100 PIERCE ST&2000 ST EMANUEL ST,"5, ZONE",493U,5456a,CLOSED,2020-09-25,01:39 PM
175485,Tree Trim,2020-09-25 01:57 PM,Tree Trim Inspection,TREEMAINTENANCE,"PATINO, ARNULFO",2803 OLD SPANISH TRAIL,"7, ZONE",533J,77021,CLOSED,2020-09-25,01:57 PM
175488,Tree Trim,2020-09-25 02:15 PM,Tree Trim Inspection,TREEMAINTENANCE,"UF - POLOVTSEV, SERA",2608 S CALUMET ,"6, ZONE",533B,5355b,CLOSED,2020-09-25,02:15 PM
175491,Tree Trim,2020-09-25 02:26 PM,Tree Trim Inspection,TREEMAINTENANCE,"BLANCHETTE, PETER",1310 W 20TH ,"3, ZONE",452U,5259d,CLOSED,2020-09-25,02:26 PM
175493,Tree Removal,2020-09-25 03:42 PM,Tree Removal Inspection,TREEMAINTENANCE,"BLANCHETTE, PETER",11203  HALL RIDGE ,"6, ZONE",575X,5651c,CLOSED,2020-09-25,03:42 PM
175494,Tree Removal,2020-09-25 04:13 PM,Tree Removal Inspection,TREEMAINTENANCE,"PATINO, ARNULFO",11114  BANDLON HOUSTON TX ,"2, ZONE",529F,4955c,CLOSED,2020-09-25,04:13 PM
175495,Tree Stump Grinding,2020-09-25 04:17 PM,Tree Stump Inspection,TREEMAINTENANCE,"PATINO, ARNULFO",1205 MARCONI ST,"2, ZONE",493N,77019,CLOSED,2020-09-25,04:17 PM
175496,Tree Trim,2020-09-25 04:51 PM,Tree Trim Inspection,TREEMAINTENANCE,"UF - POLOVTSEV, SERA",8002  FARNSWORTH ,"4, ZONE",453L,5360b,CLOSED,2020-09-25,04:51 PM
175497,Tree Removal,2020-09-25 06:12 PM,Tree Removal Inspection,TREEMAINTENANCE,"BLANCHETTE, PETER",1302  DANBURY ,"3, ZONE",451X,5158a,CLOSED,2020-09-25,06:12 PM
175498,Tree Trim,2020-09-25 06:34 PM,Tree Trim Inspection,TREEMAINTENANCE,"PATINO, ARNULFO",1302 DANBURY HOUSTON TX ,"2, ZONE",528V,4853a,CLOSED,2020-09-25,06:34 PM
175499,Tree Trim,2020-09-25 07:02 PM,Tree Trim Inspection,TREEMAINTENANCE,"BLANCHETTE, PETER",906  PLUM FALLS ,"5, ZONE",617H,5950c,CLOSED,2020-09-25,07:02 PM
175500,Tree Removal,2020-09-26 04:41 AM,Tree Removal Inspection,TREEMAINTENANCE,"BLANCHETTE, PETER",8201 N BAYOU ,"5, ZONE",535Q,5654b,CLOSED,2020-09-26,04:41 AM
175501,Tree Removal,2020-09-26 05:56 AM,Tree Removal Inspection,TREEMAINTENANCE,"BLANCHETTE, PETER",7703  OAK VISTA ,"6, ZONE",535S,5654c,CLOSED,2020-09-26,05:56 AM
175502,Tree Removal,2020-09-26 09:39 AM,Tree Removal Inspection,TREEMAINTENANCE,"UF - JONES, CODY", 1100 W TIDWELL RD&5600 WHEATLEY ST,"3, ZONE",452B,5261c,CLOSED,2020-09-26,09:39 AM
175503,Tree Trim,2020-09-26 12:55 PM,Tree Trim Inspection,TREEMAINTENANCE,"BLANCHETTE, PETER",8114  BRANDON ,"6, ZONE",533U,5453a,CLOSED,2020-09-26,12:55 PM
175504,Tree Removal,2020-09-26 06:43 PM,Tree Removal Inspection,TREEMAINTENANCE,"BLANCHETTE, PETER",6738  UNDERHILL ,"3, ZONE",451J,5060d,CLOSED,2020-09-26,06:43 PM
175505,Tree Trim,2020-09-26 07:20 PM,Tree Trim Inspection,TREEMAINTENANCE,"PATINO, ARNULFO",1313 BINZ ST,"7, ZONE",533A,77004,CLOSED,2020-09-26,07:20 PM
175506,Tree Trim,2020-09-26 07:23 PM,Tree Trim Inspection,TREEMAINTENANCE,"PATINO, ARNULFO",1400 EWING ST,"7, ZONE",533A,77004,CLOSED,2020-09-26,07:23 PM
175507,Tree Trim,2020-09-27 08:45 AM,Tree Trim Inspection,TREEMAINTENANCE,"UF - POLOVTSEV, SERA",4810  LINN ,"4, ZONE",454T,5459b,CLOSED,2020-09-27,08:45 AM
175508,Tree Removal,2020-09-27 10:22 AM,Tree Removal Inspection,TREEMAINTENANCE,"UF - JONES, CODY",6931  PINE GROVE ,"3, ZONE",451A,5061d,CLOSED,2020-09-27,10:22 AM
175509,Tree Removal,2020-09-27 10:55 AM,Tree Removal Inspection,TREEMAINTENANCE,"BLANCHETTE, PETER",6206  SOUTHBROOK ,"6, ZONE",574C,5553c,CLOSED,2020-09-27,10:55 AM
175510,Tree Removal,2020-09-27 01:24 PM,Tree Removal Inspection,TREEMAINTENANCE,"BLANCHETTE, PETER",6056  DOULTON ,"6, ZONE",534T,5553a,CLOSED,2020-09-27,01:24 PM
175511,Tree Trim,2020-09-27 02:39 PM,Tree Trim Inspection,TREEMAINTENANCE,"UF - JONES, CODY", 0 GULF FWY&1926 SCOTT ST,"5, ZONE",494W,5456b,CLOSED,2020-09-27,02:39 PM
175512,Tree Trim,2020-09-27 06:09 PM,Tree Trim Inspection,TREEMAINTENANCE,"UF - JONES, CODY",1132  WAVERLY ,"3, ZONE",452Z,5358a,CLOSED,2020-09-27,06:09 PM
175513,Tree Trim,2020-09-27 06:19 PM,Tree Trim Inspection,TREEMAINTENANCE,"UF - POLOVTSEV, SERA",9700  EASTEX ,"4, ZONE",454B,5461b,CLOSED,2020-09-27,06:19 PM
175514,Tree Trim,2020-09-27 06:24 PM,Tree Trim Inspection,TREEMAINTENANCE,"UF - POLOVTSEV, SERA",11431  CARLA ,"4, ZONE",413U,5362d,CLOSED,2020-09-27,06:24 PM
175515,Tree Stump Grinding,2020-09-27 07:04 PM,Tree Stump Inspection,TREEMAINTENANCE,"UF - JONES, CODY",4725  BRINKMAN ,"3, ZONE",452G,5260b,CLOSED,2020-09-27,07:04 PM
175516,Tree Removal,2020-09-28 07:41 AM,Tree Removal Inspection,TREEMAINTENANCE,"UF - JONES, CODY",10645  HAMMERLY ,"3, ZONE",449Q,4959a,CLOSED,2020-09-28,07:41 AM
175517,Tree Removal,2020-09-28 09:16 AM,Tree Removal Inspection,TREEMAINTENANCE,"UF - POLOVTSEV, SERA",2507  WILSHIRE ,"6, ZONE",534G,5555a,CLOSED,2020-09-28,09:16 AM
175519,Tree Trim,2020-09-28 09:49 AM,Tree Trim Inspection,TREEMAINTENANCE,"PATINO, ARNULFO",6017 RIVERVIEW WAY,"2, ZONE",491K,77057,CLOSED,2020-09-28,09:49 AM
175520,Tree Removal,2020-09-28 10:12 AM,Tree Removal Inspection,TREEMAINTENANCE,"UF - POLOVTSEV, SERA",5102  KELLEY ,"4, ZONE",454Q,5559a,CLOSED,2020-09-28,10:12 AM
175521,Tree Trim,2020-09-28 10:47 AM,Tree Trim Inspection,TREEMAINTENANCE,"UF - POLOVTSEV, SERA",2923  HITCHCOCK ,"4, ZONE",454A,5461b,CLOSED,2020-09-28,10:47 AM
175522,Tree Trim,2020-09-28 10:55 AM,Tree Trim Inspection,TREEMAINTENANCE,"PATINO, ARNULFO",9111  MAGNOLIA HOUSTON TX ,"2, ZONE",528R,4853b,CLOSED,2020-09-28,10:55 AM
175523,Tree Trim,2020-09-28 11:15 AM,Tree Trim Inspection,TREEMAINTENANCE,"PATINO, ARNULFO",3200 CHENEVERT ST,"2, ZONE",493U,77004,CLOSED,2020-09-28,11:15 AM
175525,Tree Removal,2020-09-28 11:51 AM,Tree Removal Inspection,TREEMAINTENANCE,"PATINO, ARNULFO",1815 WROXTON RD,"7, ZONE",492Z,77005,CLOSED,2020-09-28,11:51 AM
175526,Tree Removal,2020-09-28 12:05 PM,Tree Removal Inspection,TREEMAINTENANCE,"UF - POLOVTSEV, SERA",9807  DENNING ,"4, ZONE",455D,5661b,CLOSED,2020-09-28,12:05 PM
175527,Tree Removal,2020-09-28 12:17 PM,Tree Removal Inspection,TREEMAINTENANCE,"PATINO, ARNULFO",2708 W LANE DR,"2, ZONE",491V,77027,CLOSED,2020-09-28,12:17 PM
175529,Tree Trim,2020-09-28 02:19 PM,Tree Trim Inspection,TREEMAINTENANCE,"BLANCHETTE, PETER", 7300 PALESTINE ST&1200 PORT ST,"5, ZONE",495J,5557b,CLOSED,2020-09-28,02:19 PM
175531,Tree Removal,2020-09-28 03:23 PM,Tree Removal Inspection,TREEMAINTENANCE,"UF - POLOVTSEV, SERA",274  TALLANT ,"4, ZONE",453C,5361b,CLOSED,2020-09-28,03:23 PM
175532,Tree Removal,2020-09-28 04:20 PM,Tree Removal Inspection,TREEMAINTENANCE,"BLANCHETTE, PETER",8821  KOALA ,"6, ZONE",575E,5552b,CLOSED,2020-09-28,04:20 PM
175533,Tree Trim,2020-09-28 04:23 PM,Tree Trim Inspection,TREEMAINTENANCE,"UF - POLOVTSEV, SERA",220  DIPPING ,"4, ZONE",453C,5361d,CLOSED,2020-09-28,04:23 PM
175534,Tree Trim,2020-09-28 05:45 PM,Tree Trim Inspection,TREEMAINTENANCE,"PATINO, ARNULFO",615 W PIERCE ST,"2, ZONE",493N,77019,CLOSED,2020-09-28,05:45 PM
175535,Tree Trim,2020-09-28 05:48 PM,Tree Trim Inspection,TREEMAINTENANCE,"PATINO, ARNULFO",423 EUCLID ST,"3, ZONE",493B,77009,CLOSED,2020-09-28,05:48 PM
175536,Tree Trim,2020-09-28 09:04 PM,Tree Trim Inspection,TREEMAINTENANCE,"UF - POLOVTSEV, SERA",706 E 29TH ,"3, ZONE",453N,5359a,CLOSED,2020-09-28,09:04 PM
175537,Tree Trim,2020-09-28 09:13 PM,Tree Trim Inspection,TREEMAINTENANCE,"PATINO, ARNULFO",5410 PIPING ROCK LN,"2, ZONE",491U,77056,CLOSED,2020-09-28,09:13 PM
175538,Tree Trim,2020-09-29 02:40 AM,Tree Trim Inspection,TREEMAINTENANCE,"PATINO, ARNULFO",4769 BEECHAVEN DR,"7, ZONE",611D,77053,CLOSED,2020-09-29,02:40 AM
175539,Tree Removal,2020-09-29 07:29 AM,Tree Removal Inspection,TREEMAINTENANCE,"UF - JONES, CODY",8201  JOHN RALSTON (BROCK PARK),"4, ZONE",456F,5761c,CLOSED,2020-09-29,07:29 AM
175541,Tree Trim,2020-09-29 09:06 AM,Tree Trim Inspection,TREEMAINTENANCE,"PATINO, ARNULFO",6144  ARIEL HOUSTON TX ,"7, ZONE",530R,5054d,CLOSED,2020-09-29,09:06 AM
175543,Tree Trim,2020-09-29 09:50 AM,Tree Trim Inspection,TREEMAINTENANCE,"PATINO, ARNULFO",201 WILCREST DR,"2, ZONE",489K,77042,CLOSED,2020-09-29,09:50 AM
175544,Tree Trim,2020-09-29 10:53 AM,Tree Trim Inspection,TREEMAINTENANCE,"UF - POLOVTSEV, SERA", 9800 DODSON ST&3700 KINKAID ST,"4, ZONE",454B,5461b,CLOSED,2020-09-29,10:53 AM
175545,Tree Removal,2020-09-29 11:08 AM,Tree Removal Inspection,TREEMAINTENANCE,"UF - JONES, CODY",902 E HEDRICK ,"5, ZONE",495S,5556b,CLOSED,2020-09-29,11:08 AM
175546,Tree Trim,2020-09-29 11:08 AM,Tree Trim Inspection,TREEMAINTENANCE,"UF - POLOVTSEV, SERA",7410  CULLEN ,"6, ZONE",533V,5454c,CLOSED,2020-09-29,11:08 AM
175550,Tree Removal,2020-09-29 11:22 AM,Tree Removal Inspection,TREEMAINTENANCE,"UF - JONES, CODY",4125  WOODLEIGH ,"5, ZONE",494S,5456b,CLOSED,2020-09-29,11:22 AM
175551,Tree Removal,2020-09-29 11:26 AM,Tree Removal Inspection,TREEMAINTENANCE,"BLANCHETTE, PETER",1101 E 28TH ,"3, ZONE",453P,5359b,CLOSED,2020-09-29,11:26 AM
175552,Tree Trim,2020-09-29 11:38 AM,Tree Trim Inspection,TREEMAINTENANCE,"UF - POLOVTSEV, SERA", 9000 ALCORN ST&2314 FIRNAT ST,"4, ZONE",453H,5461c,CLOSED,2020-09-29,11:38 AM
175553,Tree Removal,2020-09-29 12:03 PM,Tree Removal Inspection,TREEMAINTENANCE,"PATINO, ARNULFO",1824 BOLSOVER ST,"7, ZONE",532D,77005,CLOSED,2020-09-29,12:03 PM
175554,Tree Trim,2020-09-29 12:04 PM,Tree Trim Inspection,TREEMAINTENANCE,"UF - JONES, CODY",10410  HAZELHURST ,"3, ZONE",449Z,4959c,CLOSED,2020-09-29,12:04 PM
175555,Tree Trim,2020-09-29 12:39 PM,Tree Trim Inspection,TREEMAINTENANCE,"PATINO, ARNULFO"," 5600 BISSONNET ST&7000 CHETWOOD DR,HOUSTON TX ","7, ZONE",531F,5155c,CLOSED,2020-09-29,12:39 PM
175556,Tree Trim,2020-09-29 12:41 PM,Tree Trim Inspection,TREEMAINTENANCE,"PATINO, ARNULFO"," 5900 BISSONNET ST&7400 RENWICK DR,HOUSTON TX ","7, ZONE",531J,5154a,CLOSED,2020-09-29,12:41 PM
175557,Tree Trim,2020-09-29 12:51 PM,Tree Trim Inspection,TREEMAINTENANCE,"BLANCHETTE, PETER", 861 E 25TH ST,"3, ZONE",453S,5359b,CLOSED,2020-09-29,12:51 PM
175558,Tree Removal,2020-09-29 12:53 PM,Tree Removal Inspection,TREEMAINTENANCE,"BLANCHETTE, PETER",1120  7TH 1/2 ,"3, ZONE",493A,5358b,CLOSED,2020-09-29,12:53 PM
175559,Tree Stump Grinding,2020-09-29 01:02 PM,Tree Stump Inspection,TREEMAINTENANCE,"PATINO, ARNULFO",11409 DUMAS ST,"5, ZONE",576Q,77034,CLOSED,2020-09-29,01:02 PM
175560,Tree Removal,2020-09-29 01:51 PM,Tree Removal Inspection,TREEMAINTENANCE,"UF - JONES, CODY",9301  EVERGLADE ,"4, ZONE",415Z,5662d,CLOSED,2020-09-29,01:51 PM
175561,Tree Removal,2020-09-29 02:05 PM,Tree Removal Inspection,TREEMAINTENANCE,"UF - JONES, CODY", 6900 W 43RD ST&4500 SOUTHERLAND RD,"3, ZONE",451E,5060b,CLOSED,2020-09-29,02:05 PM
175562,Tree Removal,2020-09-29 02:34 PM,Tree Removal Inspection,TREEMAINTENANCE,"PATINO, ARNULFO",912 COHN ST,"2, ZONE",492G,77007,CLOSED,2020-09-29,02:34 PM
175564,Tree Trim,2020-09-29 02:53 PM,Tree Trim Inspection,TREEMAINTENANCE,"UF - JONES, CODY",301  BRYAN ,"5, ZONE",494T,5556a,CLOSED,2020-09-29,02:53 PM
175565,Tree Removal,2020-09-29 03:20 PM,Tree Removal Inspection,TREEMAINTENANCE,"UF - POLOVTSEV, SERA",1914  NORTHSHORE ,"4, ZONE",336L,5769c,CLOSED,2020-09-29,03:20 PM
175566,Tree Removal,2020-09-29 03:28 PM,Tree Removal Inspection,TREEMAINTENANCE,"UF - BURKES, JEREMY",7423  THUROW ,"6, ZONE",535N,5554b,CLOSED,2020-09-29,03:28 PM
175567,Tree Trim,2020-09-29 04:01 PM,Tree Trim Inspection,TREEMAINTENANCE,"BLANCHETTE, PETER",4614  EAST ,"5, ZONE",494F,5558c,CLOSED,2020-09-29,04:01 PM
175568,Tree Removal,2020-09-29 04:32 PM,Tree Removal Inspection,TREEMAINTENANCE,"PATINO, ARNULFO",9415  LEADER HOUSTON TX ,"2, ZONE",529H,4955d,CLOSED,2020-09-29,04:32 PM
175569,Tree Removal,2020-09-29 04:55 PM,Tree Removal Inspection,TREEMAINTENANCE,"PATINO, ARNULFO",5509 ASHBY ST,"7, ZONE",532D,77005,CLOSED,2020-09-29,04:55 PM
175570,Tree Trim,2020-09-29 05:19 PM,Tree Trim Inspection,TREEMAINTENANCE,"PATINO, ARNULFO",9715  HONEYWELL HOUSTON TX ,"7, ZONE",530S,4953b,CLOSED,2020-09-29,05:19 PM
175579,Tree Trim,2020-09-29 06:04 PM,Tree Trim Inspection,TREEMAINTENANCE,"UF - JONES, CODY",9019  IVY SPRING ,"3, ZONE",412K,5263d,CLOSED,2020-09-29,06:04 PM
175581,Tree Trim,2020-09-29 06:07 PM,Tree Trim Inspection,TREEMAINTENANCE,"UF - JONES, CODY",9006  IVY SPRING ,"3, ZONE",412L,5263d,CLOSED,2020-09-29,06:07 PM
175583,Tree Trim,2020-09-29 08:31 PM,Tree Trim Inspection,TREEMAINTENANCE,"UF - POLOVTSEV, SERA",7203  FINCH ,"4, ZONE",454M,5560b,CLOSED,2020-09-29,08:31 PM
175586,Tree Trim,2020-09-30 09:13 AM,Tree Trim Inspection,TREEMAINTENANCE,"UF - POLOVTSEV, SERA",2408  THOMAS ,"4, ZONE",493C,5458a,CLOSED,2020-09-30,09:13 AM
175587,Tree Trim,2020-09-30 09:17 AM,Tree Trim Inspection,TREEMAINTENANCE,"PATINO, ARNULFO",6036 FEAGAN ST,"2, ZONE",492K,77007,CLOSED,2020-09-30,09:17 AM
175588,Tree Trim,2020-09-30 09:25 AM,Tree Trim Inspection,TREEMAINTENANCE,"PATINO, ARNULFO"," 9800 BOONE RD&11098 SOUTH DR,HOUSTON TX ","2, ZONE",529T,4953c,CLOSED,2020-09-30,09:25 AM
175589,Tree Trim,2020-09-30 10:12 AM,Tree Trim Inspection,TREEMAINTENANCE,"UF - JONES, CODY", 4244 GRIGGS RD&4100 OLD SPANISH TRL,"6, ZONE",533M,5455c,CLOSED,2020-09-30,10:12 AM
175590,Tree Trim,2020-09-30 10:24 AM,Tree Trim Inspection,TREEMAINTENANCE,"UF - JONES, CODY", 4244 GRIGGS RD&4100 OLD SPANISH TRL,"6, ZONE",533M,5455c,CLOSED,2020-09-30,10:24 AM
175591,Tree Trim,2020-09-30 11:20 AM,Tree Trim Inspection,TREEMAINTENANCE,"UF - JONES, CODY",8622  OLD LEDGE ,"3, ZONE",412Q,5262b,CLOSED,2020-09-30,11:20 AM
175593,Tree Trim,2020-09-30 11:56 AM,Tree Trim Inspection,TREEMAINTENANCE,"PATINO, ARNULFO",11215 SHANNON HILLS DR,"2, ZONE",529P,77099,CLOSED,2020-09-30,11:56 AM
175594,Tree Removal,2020-09-30 12:31 PM,Tree Removal Inspection,TREEMAINTENANCE,"PATINO, ARNULFO",5400 W BELLFORT AVE,"7, ZONE",531X,77096,CLOSED,2020-09-30,12:31 PM
175595,Tree Removal,2020-09-30 01:09 PM,Tree Removal Inspection,TREEMAINTENANCE,"PATINO, ARNULFO",7004 SANTA FE DR,"6, ZONE",574D,77061,CLOSED,2020-09-30,01:09 PM
175596,Tree Removal,2020-09-30 01:48 PM,Tree Removal Inspection,TREEMAINTENANCE,"UF - JONES, CODY",2620  RIVERSIDE ,"6, ZONE",533B,5355b,CLOSED,2020-09-30,01:48 PM
175597,Tree Trim,2020-09-30 02:36 PM,Tree Trim Inspection,TREEMAINTENANCE,"UF - JONES, CODY",2000  BAUER ,"3, ZONE",450U,5059c,CLOSED,2020-09-30,02:36 PM
175598,Tree Trim,2020-09-30 02:38 PM,Tree Trim Inspection,TREEMAINTENANCE,"BLANCHETTE, PETER",7602  BELBAY ,"6, ZONE",534T,5553a,CLOSED,2020-09-30,02:38 PM
175599,Tree Trim,2020-09-30 03:06 PM,Tree Trim Inspection,TREEMAINTENANCE,"PATINO, ARNULFO",6702 DILLON ST,"6, ZONE",574C,77061,CLOSED,2020-09-30,03:06 PM
175600,Tree Removal,2020-09-30 03:08 PM,Tree Removal Inspection,TREEMAINTENANCE,"PATINO, ARNULFO",1901 WELCH ST,"2, ZONE",492R,77019,CLOSED,2020-09-30,03:08 PM
175601,Tree Trim,2020-09-30 03:11 PM,Tree Trim Inspection,TREEMAINTENANCE,"UF - POLOVTSEV, SERA",6219  LONGVIEW ,"4, ZONE",494D,5558a,CLOSED,2020-09-30,03:11 PM
175602,Tree Trim,2020-09-30 03:37 PM,Tree Trim Inspection,TREEMAINTENANCE,"UF - JONES, CODY",10817  STABLER ,"4, ZONE",413X,5361b,CLOSED,2020-09-30,03:37 PM
175603,Tree Trim,2020-09-30 03:44 PM,Tree Trim Inspection,TREEMAINTENANCE,"UF - POLOVTSEV, SERA",525 E 40TH ,"3, ZONE",453N,5360c,CLOSED,2020-09-30,03:44 PM
175605,Tree Trim,2020-09-30 04:53 PM,Tree Trim Inspection,TREEMAINTENANCE,"UF - POLOVTSEV, SERA", 1100 W 18TH ST&1800 BEALL ST,"3, ZONE",452U,5259d,CLOSED,2020-09-30,04:53 PM
175607,Tree Removal,2020-10-01 02:57 AM,Tree Removal Inspection,TREEMAINTENANCE,"UF - JONES, CODY",8403  GARLAND ,"5, ZONE",535V,5654d,CLOSED,2020-10-01,02:57 AM
175608,Tree Trim,2020-10-01 03:20 AM,Tree Trim Inspection,TREEMAINTENANCE,"UF - JONES, CODY",963 W LITTLE YORK ,"3, ZONE",412Y,5261b,CLOSED,2020-10-01,03:20 AM
175622,Tree Removal,2020-10-01 07:40 AM,Tree Removal Inspection,TREEMAINTENANCE,"UF - JONES, CODY",2800 W LITTLE YORK ,"3, ZONE",411V,5162d,CLOSED,2020-10-01,07:40 AM
175624,Tree Trim,2020-10-01 08:31 AM,Tree Trim Inspection,TREEMAINTENANCE,"BLANCHETTE, PETER",7067  REED ,"6, ZONE",534Z,5553b,CLOSED,2020-10-01,08:31 AM
175625,Tree Removal,2020-10-01 08:41 AM,Tree Removal Inspection,TREEMAINTENANCE,"UF - JONES, CODY",901  CRESLINE ,"4, ZONE",413Y,5361b,CLOSED,2020-10-01,08:41 AM
175626,Tree Removal,2020-10-01 09:06 AM,Tree Removal Inspection,TREEMAINTENANCE,"UF - JONES, CODY",1234  RUTLAND ,"3, ZONE",452Z,5358a,CLOSED,2020-10-01,09:06 AM
175628,Tree Trim,2020-10-01 10:02 AM,Tree Trim Inspection,TREEMAINTENANCE,"BLANCHETTE, PETER", 732 S 75TH ST&7500 MAGNOLIA ST,"5, ZONE",535A,5555b,CLOSED,2020-10-01,10:02 AM
175629,Tree Trim,2020-10-01 10:18 AM,Tree Trim Inspection,TREEMAINTENANCE,"BLANCHETTE, PETER", 6200 BROOK LEA ST&5350 MAUDLIN ST,"6, ZONE",534Q,5554a,CLOSED,2020-10-01,10:18 AM
175630,Tree Trim,2020-10-01 10:32 AM,Tree Trim Inspection,TREEMAINTENANCE,"BLANCHETTE, PETER", 6200 BROOK LEA ST&5350 MAUDLIN ST,"6, ZONE",534Q,5554a,CLOSED,2020-10-01,10:32 AM
175631,Tree Removal,2020-10-01 11:01 AM,Tree Removal Inspection,TREEMAINTENANCE,"BLANCHETTE, PETER",5729  POLK ,"5, ZONE",494Y,5556a,CLOSED,2020-10-01,11:01 AM
175632,Tree Planting,2020-10-01 11:38 AM,Tree Planting Inspection,TREEPROTECTION,"PATINO, ARNULFO",5519 ALLEN ST,"2, ZONE",492G,77007,CLOSED,2020-10-01,11:38 AM
175633,Tree Removal,2020-10-01 12:19 PM,Tree Removal Inspection,TREEMAINTENANCE,"BLANCHETTE, PETER", 9240 E AVENUE P,"5, ZONE",535C,5656d,CLOSED,2020-10-01,12:19 PM
175634,Tree Trim,2020-10-01 12:57 PM,Tree Trim Inspection,TREEMAINTENANCE,"PATINO, ARNULFO",8539 QUAIL BURG LN,"7, ZONE",610G,77489,CLOSED,2020-10-01,12:57 PM
175635,Tree Trim,2020-10-01 01:01 PM,Tree Trim Inspection,TREEMAINTENANCE,"PATINO, ARNULFO",8414 N MEADOW BIRD CIR,"7, ZONE",610G,77489,CLOSED,2020-10-01,01:01 PM
175636,Tree Removal,2020-10-01 01:14 PM,Tree Removal Inspection,TREEMAINTENANCE,"BLANCHETTE, PETER",2256  MARLO ,"5, ZONE",534H,5555b,CLOSED,2020-10-01,01:14 PM
175637,Tree Removal,2020-10-01 02:07 PM,Tree Removal Inspection,TREEMAINTENANCE,"PATINO, ARNULFO",230 WESTCOTT ST,"2, ZONE",492L,77007,CLOSED,2020-10-01,02:07 PM
175638,Tree Removal,2020-10-01 02:22 PM,Tree Removal Inspection,TREEMAINTENANCE,"PATINO, ARNULFO",8141 TAVENOR LN,"6, ZONE",575K,77075,CLOSED,2020-10-01,02:22 PM
175639,Tree Removal,2020-10-01 02:48 PM,Tree Removal Inspection,TREEMAINTENANCE,"UF - POLOVTSEV, SERA",1131  STONECREST ,"3, ZONE",452Q,5259b,CLOSED,2020-10-01,02:48 PM
175640,Tree Trim,2020-10-01 03:26 PM,Tree Trim Inspection,TREEMAINTENANCE,"PATINO, ARNULFO",6501 MEMORIAL DR,"2, ZONE",492K,77007,CLOSED,2020-10-01,03:26 PM
175642,Tree Trim,2020-10-01 03:28 PM,Tree Trim Inspection,TREEMAINTENANCE,"UF - POLOVTSEV, SERA",510 E CROSSTIMBERS ,"4, ZONE",453L,5360d,CLOSED,2020-10-01,03:28 PM
175643,Tree Removal,2020-10-01 04:02 PM,Tree Removal Inspection,TREEMAINTENANCE,"PATINO, ARNULFO",7321  GREENBRIAR ,"7, ZONE",532M,5355c,CLOSED,2020-10-01,04:02 PM
175644,Tree Trim,2020-10-01 04:20 PM,Tree Trim Inspection,TREEMAINTENANCE,"PATINO, ARNULFO",8902 BRAE ACRES RD,"7, ZONE",530P,77074,CLOSED,2020-10-01,04:20 PM
175645,Tree Trim,2020-10-01 04:24 PM,Tree Trim Inspection,TREEMAINTENANCE,"UF - JONES, CODY", 100 E 8TH ST&100 W 8TH ST&800 HEIGHTS BLVD,"3, ZONE",493A,5358a,CLOSED,2020-10-01,04:24 PM
175648,Tree Removal,2020-10-01 05:05 PM,Tree Removal Inspection,TREEMAINTENANCE,"PATINO, ARNULFO",12723 WESTELLA DR,"2, ZONE",488R,77077,CLOSED,2020-10-01,05:05 PM
175654,Tree Trim,2020-10-01 06:24 PM,Tree Trim Inspection,TREEMAINTENANCE,"PATINO, ARNULFO",3833 ADE ST,"2, ZONE",490X,77063,CLOSED,2020-10-01,06:24 PM
175656,Tree Trim,2020-10-01 07:25 PM,Tree Trim Inspection,TREEMAINTENANCE,"UF - JONES, CODY",2110  STACY KNOLL ,"3, ZONE",452T,5259c,CLOSED,2020-10-01,07:25 PM
175657,Tree Removal,2020-10-01 07:35 PM,Tree Removal Inspection,TREEMAINTENANCE,"PATINO, ARNULFO",415 BIRDSALL ST,"2, ZONE",492L,77007,CLOSED,2020-10-01,07:35 PM
175658,Tree Removal,2020-10-01 07:39 PM,Tree Removal Inspection,TREEMAINTENANCE,"PATINO, ARNULFO"," 400 BIRDSALL ST&5800 FEAGAN ST,HOUSTON TX ","2, ZONE",492L,5257b,CLOSED,2020-10-01,07:39 PM
175659,Tree Trim,2020-10-01 08:03 PM,Tree Trim Inspection,TREEMAINTENANCE,"UF - JONES, CODY",512 B  VINCENT ,"3, ZONE",453Y,5359d,CLOSED,2020-10-01,08:03 PM
175660,Tree Trim,2020-10-01 09:51 PM,Tree Trim Inspection,TREEMAINTENANCE,"UF - JONES, CODY",16102  AIR CENTER ,"3, ZONE",373Q,5365b,CLOSED,2020-10-01,09:51 PM
175661,Tree Trim,2020-10-02 06:05 AM,Tree Trim Inspection,TREEMAINTENANCE,"PATINO, ARNULFO",12601 TERRANCE ST,"7, ZONE",570R,77085,CLOSED,2020-10-02,06:05 AM
175662,Tree Trim,2020-10-02 08:18 AM,Tree Trim Inspection,TREEMAINTENANCE,"UF - JONES, CODY", 5800 COLLINGSWORTH ST&3800 EASY ST,"4, ZONE",454Y,5559c,CLOSED,2020-10-02,08:18 AM
175663,Tree Stump Grinding,2020-10-02 08:32 AM,Tree Stump Inspection,TREEMAINTENANCE,"UF - JONES, CODY",3607  GARAPAN ,"3, ZONE",411Z,5161b,CLOSED,2020-10-02,08:32 AM
175664,Tree Removal,2020-10-02 08:49 AM,Tree Removal Inspection,TREEMAINTENANCE,"BLANCHETTE, PETER",7280  SANTA FE ,"6, ZONE",534Z,5553b,CLOSED,2020-10-02,08:49 AM
175666,Tree Removal,2020-10-02 09:46 AM,Tree Removal Inspection,TREEMAINTENANCE,"UF - JONES, CODY",6920  WAXAHACHIE ,"4, ZONE",494H,5558d,CLOSED,2020-10-02,09:46 AM
175667,Tree Trim,2020-10-02 10:40 AM,Tree Trim Inspection,TREEMAINTENANCE,"PATINO, ARNULFO",6818 REDDING RD,"2, ZONE",530E,77036,CLOSED,2020-10-02,10:40 AM
175669,Tree Removal,2020-10-02 12:01 PM,Tree Removal Inspection,TREEMAINTENANCE,"BLANCHETTE, PETER",6720 S HAYWOOD ,"6, ZONE",535W,5553b,CLOSED,2020-10-02,12:01 PM
175670,Tree Trim,2020-10-02 12:43 PM,Tree Trim Inspection,TREEMAINTENANCE,"BLANCHETTE, PETER",7309  CONLEY ,"6, ZONE",533Q,5454c,CLOSED,2020-10-02,12:43 PM
175671,Tree Trim,2020-10-02 12:51 PM,Tree Trim Inspection,TREEMAINTENANCE,"PATINO, ARNULFO",7320 DILLON ST,"6, ZONE",575A,77061,CLOSED,2020-10-02,12:51 PM
175672,Tree Trim,2020-10-02 01:38 PM,Tree Trim Inspection,TREEMAINTENANCE,"PATINO, ARNULFO",1412 SABINE ST,"2, ZONE",493F,77007,CLOSED,2020-10-02,01:38 PM
175673,Tree Removal,2020-10-02 01:53 PM,Tree Removal Inspection,TREEMAINTENANCE,"BLANCHETTE, PETER",7115  GARDEN ,"5, ZONE",535E,5555b,CLOSED,2020-10-02,01:53 PM
175674,Tree Trim,2020-10-02 02:16 PM,Tree Trim Inspection,TREEMAINTENANCE,"UF - JONES, CODY", 5100 LARKIN ST&2200 ROY ST,"3, ZONE",492G,5258d,CLOSED,2020-10-02,02:16 PM
175675,Tree Trim,2020-10-02 02:22 PM,Tree Trim Inspection,TREEMAINTENANCE,"BLANCHETTE, PETER", 1000 HUTCHINS ST&2200 MCKINNEY ST,"5, ZONE",493R,5457c,CLOSED,2020-10-02,02:22 PM
175676,Tree Trim,2020-10-02 02:28 PM,Tree Trim Inspection,TREEMAINTENANCE,"BLANCHETTE, PETER",7703  SATSUMA ,"5, ZONE",535A,5556d,CLOSED,2020-10-02,02:28 PM
175677,Tree Removal,2020-10-02 02:40 PM,Tree Removal Inspection,TREEMAINTENANCE,"BLANCHETTE, PETER",5023  YELLOWSTONE ,"6, ZONE",534N,5454b,CLOSED,2020-10-02,02:40 PM
175678,Tree Trim,2020-10-02 03:32 PM,Tree Trim Inspection,TREEMAINTENANCE,"BLANCHETTE, PETER",3213  PROSPECT ,"6, ZONE",533C,5455a,CLOSED,2020-10-02,03:32 PM
175679,Tree Trim,2020-10-02 04:09 PM,Tree Trim Inspection,TREEMAINTENANCE,"PATINO, ARNULFO",5230 DUMFRIES DR,"7, ZONE",531T,77096,CLOSED,2020-10-02,04:09 PM
175682,Tree Removal,2020-10-02 06:10 PM,Tree Removal Inspection,TREEMAINTENANCE,"BLANCHETTE, PETER",7703  SATSUMA ,"5, ZONE",535A,5556d,CLOSED,2020-10-02,06:10 PM
175683,Tree Trim,2020-10-03 10:56 AM,Tree Trim Inspection,TREEMAINTENANCE,"BLANCHETTE, PETER",7707  ERATH ,"5, ZONE",535A,5556d,CLOSED,2020-10-03,10:56 AM
175684,Tree Trim,2020-10-04 11:01 AM,Tree Trim Inspection,TREEMAINTENANCE,"UF - JONES, CODY", 100 W 6TH ST&600 HEIGHTS BLVD&3600 WHITE OAK DR,"3, ZONE",493A,5358c,CLOSED,2020-10-04,11:01 AM
175685,Tree Trim,2020-10-05 10:54 AM,Tree Trim Inspection,TREEMAINTENANCE,"PATINO, ARNULFO",12229 PALMFREE ST,"5, ZONE",576R,77034,CLOSED,2020-10-05,10:54 AM
175686,Tree Trim,2020-10-05 11:05 AM,Tree Trim Inspection,TREEMAINTENANCE,"UF - JONES, CODY",3925  WILLOW SPRINGS ,"3, ZONE",450L,5060c,CLOSED,2020-10-05,11:05 AM
175687,Tree Trim,2020-10-05 11:14 AM,Tree Trim Inspection,TREEMAINTENANCE,"UF - JONES, CODY",3003  WAYNE ,"4, ZONE",494B,5558a,CLOSED,2020-10-05,11:14 AM
175688,Tree Removal,2020-10-05 12:06 PM,Tree Removal Inspection,TREEMAINTENANCE,"BLANCHETTE, PETER",5650  CHEVY CHASE ,"2, ZONE",491T,5156a,CLOSED,2020-10-05,12:06 PM
175692,Tree Removal,2020-10-05 02:24 PM,Tree Removal Inspection,TREEMAINTENANCE,"BLANCHETTE, PETER",4902  KELSO ,"6, ZONE",534N,5454b,CLOSED,2020-10-05,02:24 PM
175701,Tree Trim,2020-10-05 07:28 PM,Tree Trim Inspection,TREEMAINTENANCE,"BLANCHETTE, PETER",8021  CORINTH ,"6, ZONE",533U,5454c,CLOSED,2020-10-05,07:28 PM
175714,Tree Trim,2020-10-06 09:57 AM,Tree Trim Inspection,TREEMAINTENANCE,"UF - JONES, CODY", 10000 LONG POINT RD&1400 WITTE RD,"3, ZONE",450W,4958b,CLOSED,2020-10-06,09:57 AM
175715,Tree Removal,2020-10-06 10:03 AM,Tree Removal Inspection,TREEMAINTENANCE,"BLANCHETTE, PETER",7118  GARDEN ,"5, ZONE",535E,5555b,CLOSED,2020-10-06,10:03 AM
175718,Tree Removal,2020-10-06 10:37 AM,Tree Removal Inspection,TREEMAINTENANCE,"BLANCHETTE, PETER",8141  TAVENOR ,"6, ZONE",575K,5652c,CLOSED,2020-10-06,10:37 AM
175724,Tree Trim,2020-10-06 12:12 PM,Tree Trim Inspection,TREEMAINTENANCE,"BLANCHETTE, PETER",10960  MARTIN LUTHER KING ,"6, ZONE",574E,5452b,CLOSED,2020-10-06,12:12 PM
175726,Tree Removal,2020-10-06 01:01 PM,Tree Removal Inspection,TREEMAINTENANCE,"PATINO, ARNULFO",7026 STELLA LINK RD,"7, ZONE",532J,77025,CLOSED,2020-10-06,01:01 PM
175727,Tree Removal,2020-10-06 01:25 PM,Tree Removal Inspection,TREEMAINTENANCE,"UF - JONES, CODY",1004  LAWRENCE ,"3, ZONE",492D,5358a,CLOSED,2020-10-06,01:25 PM
175730,Tree Trim,2020-10-06 03:35 PM,Tree Trim Inspection,TREEMAINTENANCE,"UF - JONES, CODY",608 E 12TH ,"3, ZONE",453W,5358a,CLOSED,2020-10-06,03:35 PM
175731,Tree Trim,2020-10-06 03:36 PM,Tree Trim Inspection,TREEMAINTENANCE,"UF - POLOVTSEV, SERA",15746  WALKWOOD ,"2, ZONE",488E,4757b,CLOSED,2020-10-06,03:36 PM
175734,Tree Trim,2020-10-07 09:14 AM,Tree Trim Inspection,TREEMAINTENANCE,"UF - POLOVTSEV, SERA", 4300 KOEHLER ST&1500 THOMPSON ST,"2, ZONE",492H,5358c,CLOSED,2020-10-07,09:14 AM
175735,Tree Removal,2020-10-07 09:56 AM,Tree Removal Inspection,TREEMAINTENANCE,"UF - POLOVTSEV, SERA",4520  INKER ,"2, ZONE",492H,5358c,CLOSED,2020-10-07,09:56 AM
175736,Tree Removal,2020-10-07 09:57 AM,Tree Removal Inspection,TREEMAINTENANCE,"BLANCHETTE, PETER",12229  PALMFREE ,"5, ZONE",576R,5852c,CLOSED,2020-10-07,09:57 AM
175737,Tree Trim,2020-10-07 10:21 AM,Tree Trim Inspection,TREEMAINTENANCE,"PATINO, ARNULFO",7007 MCCULLUM RD,"7, ZONE",571W,77489,CLOSED,2020-10-07,10:21 AM
175738,Tree Removal,2020-10-07 10:24 AM,Tree Removal Inspection,TREEMAINTENANCE,"BLANCHETTE, PETER",9019  SHASTA SPRINGS ,"5, ZONE",576L,5752d,CLOSED,2020-10-07,10:24 AM
175739,Tree Removal,2020-10-07 10:29 AM,Tree Removal Inspection,TREEMAINTENANCE,"BLANCHETTE, PETER", 202 GRACE ST,"5, ZONE",494P,5457d,CLOSED,2020-10-07,10:29 AM
175740,Tree Trim,2020-10-07 10:54 AM,Tree Trim Inspection,TREEMAINTENANCE,"PATINO, ARNULFO",5731 ARIEL ST,"7, ZONE",531N,77096,CLOSED,2020-10-07,10:54 AM
175742,Tree Removal,2020-10-07 11:11 AM,Tree Removal Inspection,TREEMAINTENANCE,"UF - POLOVTSEV, SERA",1913  BANKS ,"7, ZONE",492Z,5356c,CLOSED,2020-10-07,11:11 AM
175744,Tree Trim,2020-10-07 01:06 PM,Tree Trim Inspection,TREEMAINTENANCE,"UF - POLOVTSEV, SERA",4128  LINN ,"4, ZONE",454X,5459d,CLOSED,2020-10-07,01:06 PM
175745,Tree Removal,2020-10-07 01:40 PM,Tree Removal Inspection,TREEMAINTENANCE,"UF - JONES, CODY",5451  OAKHAVEN ,"3, ZONE",451C,5161c,CLOSED,2020-10-07,01:40 PM
175746,Tree Removal,2020-10-07 01:42 PM,Tree Removal Inspection,TREEMAINTENANCE,"BLANCHETTE, PETER",3105  SOUTHMORE ,"6, ZONE",533C,5455a,CLOSED,2020-10-07,01:42 PM
175747,Tree Trim,2020-10-07 02:04 PM,Tree Trim Inspection,TREEMAINTENANCE,"PATINO, ARNULFO",10231 LANDS END DR,"2, ZONE",529X,77099,CLOSED,2020-10-07,02:04 PM
175748,Tree Trim,2020-10-07 02:31 PM,Tree Trim Inspection,TREEMAINTENANCE,"PATINO, ARNULFO", 8734 BEVERLY HILL HOUSTON TX ,"2, ZONE",490Y,5056c,CLOSED,2020-10-07,02:31 PM
175749,Tree Trim,2020-10-07 03:03 PM,Tree Trim Inspection,TREEMAINTENANCE,"PATINO, ARNULFO",15626 WINTER BRIAR DR,"7, ZONE",571X,77489,CLOSED,2020-10-07,03:03 PM
175751,Tree Removal,2020-10-07 03:32 PM,Tree Removal Inspection,TREEMAINTENANCE,"BLANCHETTE, PETER",7900  MORLEY ,"6, ZONE",535X,5653a,CLOSED,2020-10-07,03:32 PM
175752,Tree Removal,2020-10-07 03:35 PM,Tree Removal Inspection,TREEMAINTENANCE,"UF - JONES, CODY",6720  COHN ,"3, ZONE",412Y,5261b,CLOSED,2020-10-07,03:35 PM
175753,Tree Removal,2020-10-07 03:50 PM,Tree Removal Inspection,TREEMAINTENANCE,"PATINO, ARNULFO",718 FOWLER ST,"2, ZONE",492H,77007,CLOSED,2020-10-07,03:50 PM
175754,Tree Trim,2020-10-07 04:01 PM,Tree Trim Inspection,TREEMAINTENANCE,"PATINO, ARNULFO"," 1100 KNOX ST&5900 WASHINGTON AVE,HOUSTON TX ","2, ZONE",492G,5258d,CLOSED,2020-10-07,04:01 PM
175755,Tree Removal,2020-10-07 04:42 PM,Tree Removal Inspection,TREEMAINTENANCE,"BLANCHETTE, PETER",10826  BRADFORD WAY ,"6, ZONE",575V,5651d,CLOSED,2020-10-07,04:42 PM
175756,Tree Removal,2020-10-07 05:11 PM,Tree Removal Inspection,TREEMAINTENANCE,"PATINO, ARNULFO"," 600 BERING DR&5800 WOODWAY DR,HOUSTON TX ","2, ZONE",491K,5157a,CLOSED,2020-10-07,05:11 PM
175757,Tree Trim,2020-10-07 05:18 PM,Tree Trim Inspection,TREEMAINTENANCE,"UF - JONES, CODY",970  DOLLY WRIGHT ,"3, ZONE",412T,5262d,CLOSED,2020-10-07,05:18 PM
175758,Tree Removal,2020-10-07 07:37 PM,Tree Removal Inspection,TREEMAINTENANCE,"PATINO, ARNULFO",1520 RIDGEWOOD ST,"2, ZONE",492R,77006,CLOSED,2020-10-07,07:37 PM
175760,Tree Removal,2020-10-08 04:15 AM,Tree Removal Inspection,TREEMAINTENANCE,"BLANCHETTE, PETER",15010  RADWELL ,"5, ZONE",617M,5949b,CLOSED,2020-10-08,04:15 AM
175767,Tree Trim,2020-10-08 08:58 AM,Tree Trim Inspection,TREEMAINTENANCE,"BLANCHETTE, PETER",7185  SANTA FE ,"6, ZONE",534Z,5553b,CLOSED,2020-10-08,08:58 AM
175768,Tree Trim,2020-10-08 09:11 AM,Tree Trim Inspection,TREEMAINTENANCE,"PATINO, ARNULFO",1620 NORTH BLVD,"7, ZONE",492Z,77006,CLOSED,2020-10-08,09:11 AM
175771,Tree Removal,2020-10-08 11:07 AM,Tree Removal Inspection,TREEMAINTENANCE,"PATINO, ARNULFO",1120 W DREW ST,"2, ZONE",493N,77006,CLOSED,2020-10-08,11:07 AM
175772,Tree Removal,2020-10-08 11:23 AM,Tree Removal Inspection,TREEMAINTENANCE,"BLANCHETTE, PETER",5715  BERRY CREEK ,"5, ZONE",536T,5754a,CLOSED,2020-10-08,11:23 AM
175774,Tree Removal,2020-10-08 12:00 PM,Tree Removal Inspection,TREEMAINTENANCE,"BLANCHETTE, PETER",3230  ANDERSON ,"7, ZONE",572T,5251d,CLOSED,2020-10-08,12:00 PM
175775,Tree Removal,2020-10-08 12:59 PM,Tree Removal Inspection,TREEMAINTENANCE,"BLANCHETTE, PETER",12217  DUMAS ,"5, ZONE",576R,5852c,CLOSED,2020-10-08,12:59 PM
175776,Tree Trim,2020-10-08 02:45 PM,Tree Trim Inspection,TREEMAINTENANCE,"PATINO, ARNULFO",1819 COMMERCE ST,"1, ZONE",493M,77002,CLOSED,2020-10-08,02:45 PM
175777,Tree Trim,2020-10-08 03:13 PM,Tree Trim Inspection,TREEMAINTENANCE,"UF - JONES, CODY",346  SPELL ,"3, ZONE",453E,5360a,CLOSED,2020-10-08,03:13 PM
175782,Tree Trim,2020-10-08 04:01 PM,Tree Trim Inspection,TREEMAINTENANCE,"PATINO, ARNULFO"," 900 POLK ST&1300 TRAVIS ST,HOUSTON TX ","1, ZONE",493Q,5457c,CLOSED,2020-10-08,04:01 PM
175783,Tree Removal,2020-10-09 04:15 AM,Tree Removal Inspection,TREEMAINTENANCE,"BLANCHETTE, PETER",5333  BERRY CREEK ,"5, ZONE",536S,5754c,CLOSED,2020-10-09,04:15 AM
175784,Tree Trim,2020-10-09 05:30 AM,Tree Trim Inspection,TREEMAINTENANCE,"BLANCHETTE, PETER", 1200 MCILHENNY ST&2406 SAN JACINTO ST,"2, ZONE",493U,5356b,CLOSED,2020-10-09,05:30 AM
175785,Tree Removal,2020-10-09 09:21 AM,Tree Removal Inspection,TREEMAINTENANCE,"PATINO, ARNULFO",7519 TIMBERWAY LN,"2, ZONE",528M,77072,CLOSED,2020-10-09,09:21 AM
175786,Tree Trim,2020-10-09 09:29 AM,Tree Trim Inspection,TREEMAINTENANCE,"PATINO, ARNULFO",1303 REGAL ST,"5, ZONE",576E,77034,CLOSED,2020-10-09,09:29 AM
175787,Tree Trim,2020-10-09 10:07 AM,Tree Trim Inspection,TREEMAINTENANCE,"PATINO, ARNULFO"," 2400 JACKSON ST&1700 MCILHENNY ST,HOUSTON TX ","2, ZONE",493U,5456a,CLOSED,2020-10-09,10:07 AM
175788,Tree Trim,2020-10-09 11:09 AM,Tree Trim Inspection,TREEMAINTENANCE,"PATINO, ARNULFO"," 4900 CAROLINE ST&1300 ROSEDALE ST,HOUSTON ","7, ZONE",493X,5356d,CLOSED,2020-10-09,11:09 AM
175789,Tree Removal,2020-10-09 02:20 PM,Tree Removal Inspection,TREEMAINTENANCE,"PATINO, ARNULFO",10930 SAGEMEADOW LN,"6, ZONE",616B,77089,CLOSED,2020-10-09,02:20 PM
175794,Tree Trim,2020-10-09 03:45 PM,Tree Trim Inspection,TREEMAINTENANCE,"PATINO, ARNULFO", 4900 CAROLINE ST&1300 ROSEDALE ST,"7, ZONE",493X,5356d,CLOSED,2020-10-09,03:45 PM
175795,Tree Trim,2020-10-09 04:12 PM,Tree Trim Inspection,TREEMAINTENANCE,"UF - POLOVTSEV, SERA",2335  SWIFT ,"7, ZONE",532G,5255b,CLOSED,2020-10-09,04:12 PM
175796,Tree Trim,2020-10-09 04:16 PM,Tree Trim Inspection,TREEMAINTENANCE,"PATINO, ARNULFO",8614 WOODPATH LN,"6, ZONE",575U,77075,CLOSED,2020-10-09,04:16 PM
175797,Tree Trim,2020-10-09 04:33 PM,Tree Trim Inspection,TREEMAINTENANCE,"PATINO, ARNULFO",6119 LYMBAR DR,"7, ZONE",530Z,77096,CLOSED,2020-10-09,04:33 PM
175798,Tree Trim,2020-10-09 07:29 PM,Tree Trim Inspection,TREEMAINTENANCE,"UF - POLOVTSEV, SERA", 6100 HEATHERBLOOM DR&6112 OAKHAM ST,"7, ZONE",571P,5151b,CLOSED,2020-10-09,07:29 PM
175799,Tree Removal,2020-10-10 05:24 AM,Tree Removal Inspection,TREEMAINTENANCE,"PATINO, ARNULFO",4735 REDBUD ST,"6, ZONE",533V,77033,CLOSED,2020-10-10,05:24 AM
175800,Tree Trim,2020-10-10 05:39 AM,Tree Trim Inspection,TREEMAINTENANCE,"PATINO, ARNULFO",3737 SYNOTT RD,"2, ZONE",528C,77082,CLOSED,2020-10-10,05:39 AM
175801,Tree Trim,2020-10-10 08:01 AM,Tree Trim Inspection,TREEMAINTENANCE,"UF - JONES, CODY",1112 E 16TH ,"3, ZONE",453W,5359d,CLOSED,2020-10-10,08:01 AM
175802,Tree Trim,2020-10-10 09:51 AM,Tree Trim Inspection,TREEMAINTENANCE,"PATINO, ARNULFO"," 100 CRESTWOOD DR&6300 MEMORIAL DR,HOUSTON TX ","2, ZONE",492K,5257b,CLOSED,2020-10-10,09:51 AM
175803,Tree Removal,2020-10-10 11:36 AM,Tree Removal Inspection,TREEMAINTENANCE,"PATINO, ARNULFO",1942 W MCKINNEY ST,"2, ZONE",493J,77019,CLOSED,2020-10-10,11:36 AM
175804,Tree Trim,2020-10-10 02:12 PM,Tree Trim Inspection,TREEMAINTENANCE,"BLANCHETTE, PETER", 7407 GAINESVILLE ,"4, ZONE",495A,5558b,CLOSED,2020-10-10,02:12 PM
175805,Tree Code Violation,2020-10-10 02:32 PM,Tree Code Violation Inspection,TREEPROTECTION,"PATINO, ARNULFO",7658 OAK VISTA ST,"6, ZONE",535S,77087,CLOSED,2020-10-10,02:32 PM
175806,Tree Removal,2020-10-10 03:21 PM,Tree Removal Inspection,TREEMAINTENANCE,"PATINO, ARNULFO"," 1600 BASS ST&0 KATY FWY,HOUSTON TX ","2, ZONE",492H,5358c,CLOSED,2020-10-10,03:21 PM
175807,Tree Trim,2020-10-10 05:04 PM,Tree Trim Inspection,TREEMAINTENANCE,"UF - JONES, CODY",1144  DU BARRY ,"3, ZONE",452P,5260c,CLOSED,2020-10-10,05:04 PM
175808,Tree Removal,2020-10-11 09:38 AM,Tree Removal Inspection,TREEMAINTENANCE,"UF - JONES, CODY",942  THORNTON ,"3, ZONE",452L,5260b,CLOSED,2020-10-11,09:38 AM
175809,Tree Trim,2020-10-11 10:20 AM,Tree Trim Inspection,TREEMAINTENANCE,"UF - POLOVTSEV, SERA", 6000 BAYOU BRIDGE DR&9600 GLENFIELD CT,"7, ZONE",531S,5053b,CLOSED,2020-10-11,10:20 AM
175810,Tree Trim,2020-10-11 10:22 AM,Tree Trim Inspection,TREEMAINTENANCE,"PATINO, ARNULFO",3422 MAINER ST,"6, ZONE",533P,77021,CLOSED,2020-10-11,10:22 AM
175811,Tree Removal,2020-10-11 04:03 PM,Tree Removal Inspection,TREEMAINTENANCE,"BLANCHETTE, PETER",2015  SCHWEIKHARDT ,"4, ZONE",494G,5558c,CLOSED,2020-10-11,04:03 PM
175812,Tree Removal,2020-10-11 07:26 PM,Tree Removal Inspection,TREEMAINTENANCE,"BLANCHETTE, PETER", 902 KRESS ST,"5, ZONE",494H,5558c,CLOSED,2020-10-11,07:26 PM
175813,Tree Trim,2020-10-12 02:29 AM,Tree Trim Inspection,TREEMAINTENANCE,"UF - JONES, CODY",146 N DEER LAKE ,"4, ZONE",338L,5969d,CLOSED,2020-10-12,02:29 AM
175814,Tree Trim,2020-10-12 06:45 AM,Tree Trim Inspection,TREEMAINTENANCE,"PATINO, ARNULFO",4102 A LILLIAN ST,"2, ZONE",492H,77007,CLOSED,2020-10-12,06:45 AM
175816,Tree Trim,2020-10-12 08:22 AM,Tree Trim Inspection,TREEMAINTENANCE,"PATINO, ARNULFO",1110 PRESTON ST,"1, ZONE",493L,77002,CLOSED,2020-10-12,08:22 AM
175817,Tree Trim,2020-10-12 09:09 AM,Tree Trim Inspection,TREEMAINTENANCE,"UF - POLOVTSEV, SERA", 8600 CHIMNEY ROCK RD&5300 INDIGO ST,"7, ZONE",531P,5154c,CLOSED,2020-10-12,09:09 AM
175820,Tree Removal,2020-10-12 10:42 AM,Tree Removal Inspection,TREEMAINTENANCE,"UF - POLOVTSEV, SERA",5450  HUMMINGBIRD ,"7, ZONE",531X,5153c,CLOSED,2020-10-12,10:42 AM
175822,Tree Removal,2020-10-12 10:54 AM,Tree Removal Inspection,TREEMAINTENANCE,"BLANCHETTE, PETER",7643  HEREFORD ,"6, ZONE",535S,5654c,CLOSED,2020-10-12,10:54 AM
175834,Tree Removal,2020-10-12 12:40 PM,Tree Removal Inspection,TREEMAINTENANCE,"BLANCHETTE, PETER",10930  SAGEMEADOW ,"6, ZONE",616B,5750b,CLOSED,2020-10-12,12:40 PM
175836,Tree Trim,2020-10-12 01:05 PM,Tree Trim Inspection,TREEMAINTENANCE,"UF - POLOVTSEV, SERA",911  FRIO ,"5, ZONE",535B,5655a,CLOSED,2020-10-12,01:05 PM
175837,Tree Trim,2020-10-12 01:17 PM,Tree Trim Inspection,TREEMAINTENANCE,"BLANCHETTE, PETER",2176  DRYDEN ,"7, ZONE",532G,5355a,CLOSED,2020-10-12,01:17 PM
175838,Tree Trim,2020-10-12 01:21 PM,Tree Trim Inspection,TREEMAINTENANCE,"PATINO, ARNULFO",5111 SCHULER ST,"2, ZONE",492G,77007,CLOSED,2020-10-12,01:21 PM
175839,Tree Trim,2020-10-12 01:42 PM,Tree Trim Inspection,TREEMAINTENANCE,"BLANCHETTE, PETER",4211  WILMER ,"5, ZONE",494T,5457d,CLOSED,2020-10-12,01:42 PM
175842,Tree Trim,2020-10-12 02:21 PM,Tree Trim Inspection,TREEMAINTENANCE,"UF - JONES, CODY",64  BURBANK ,"4, ZONE",453B,5361d,CLOSED,2020-10-12,02:21 PM
175843,Tree Trim,2020-10-12 02:23 PM,Tree Trim Inspection,TREEMAINTENANCE,"UF - JONES, CODY",710  RUTLAND ,"3, ZONE",492D,5358a,CLOSED,2020-10-12,02:23 PM
175844,Tree Trim,2020-10-12 02:37 PM,Tree Trim Inspection,TREEMAINTENANCE,"UF - JONES, CODY",4822  SOUTHERLAND ,"3, ZONE",451E,5060b,CLOSED,2020-10-12,02:37 PM
175845,Tree Removal,2020-10-12 03:36 PM,Tree Removal Inspection,TREEMAINTENANCE,"UF - JONES, CODY", 11120 CHEEVES DR&6500 HANLEY LN,"4, ZONE",415S,5562b,CLOSED,2020-10-12,03:36 PM
175850,Tree Removal,2020-10-13 07:51 AM,Tree Removal Inspection,TREEMAINTENANCE,"UF - JONES, CODY",228 E 38TH ,"3, ZONE",453N,5360c,CLOSED,2020-10-13,07:51 AM
175853,Tree Removal,2020-10-13 08:26 AM,Tree Removal Inspection,TREEMAINTENANCE,"UF - POLOVTSEV, SERA",5418 W BELLFORT ,"7, ZONE",571B,5153c,CLOSED,2020-10-13,08:26 AM
175865,Tree Removal,2020-10-13 11:45 AM,Tree Removal Inspection,TREEMAINTENANCE,"UF - JONES, CODY",607 E 10TH ,"3, ZONE",493A,5358a,CLOSED,2020-10-13,11:45 AM
175866,Tree Trim,2020-10-13 12:16 PM,Tree Trim Inspection,TREEMAINTENANCE,"PATINO, ARNULFO"," 8734 BEVERLY HILL ST&3200 CROSSVIEW DR,HOUSTON TX ","2, ZONE",490Y,5056c,CLOSED,2020-10-13,12:16 PM
175867,Tree Removal,2020-10-13 12:22 PM,Tree Removal Inspection,TREEMAINTENANCE,"BLANCHETTE, PETER",3730 S ACRES ,"6, ZONE",573G,5452a,CLOSED,2020-10-13,12:22 PM
175868,Tree Removal,2020-10-13 12:30 PM,Tree Removal Inspection,TREEMAINTENANCE,"UF - JONES, CODY",527  GLENBURNIE ,"3, ZONE",453E,5360a,CLOSED,2020-10-13,12:30 PM
175870,Tree Stump Grinding,2020-10-13 01:34 PM,Tree Stump Inspection,TREEMAINTENANCE,"UF - JONES, CODY",8300  VETERANS MEMORIAL ,"3, ZONE",412U,5262d,CLOSED,2020-10-13,01:34 PM
175872,Tree Removal,2020-10-13 01:52 PM,Tree Removal Inspection,TREEMAINTENANCE,"UF - JONES, CODY",423  BYRNE ,"3, ZONE",493B,5358b,CLOSED,2020-10-13,01:52 PM
175873,Tree Trim,2020-10-13 02:00 PM,Tree Trim Inspection,TREEMAINTENANCE,"UF - POLOVTSEV, SERA",7806  BARBERTON ,"2, ZONE",530K,5054a,CLOSED,2020-10-13,02:00 PM
175874,Tree Trim,2020-10-13 03:15 PM,Tree Trim Inspection,TREEMAINTENANCE,"UF - JONES, CODY", 2400 BLALOCK RD&9440 EMNORA LN,"3, ZONE",450P,5059a,CLOSED,2020-10-13,03:15 PM
175876,Tree Removal,2020-10-13 04:12 PM,Tree Removal Inspection,TREEMAINTENANCE,"BLANCHETTE, PETER",2025  ALBANS ,"7, ZONE",532D,5356c,CLOSED,2020-10-13,04:12 PM
175877,Tree Trim,2020-10-13 05:12 PM,Tree Trim Inspection,TREEMAINTENANCE,"UF - POLOVTSEV, SERA",6102  LYMBAR ,"7, ZONE",530Z,5053b,CLOSED,2020-10-13,05:12 PM
175882,Tree Trim,2020-10-14 07:18 AM,Tree Trim Inspection,TREEMAINTENANCE,"UF - JONES, CODY",2329  BLALOCK ,"3, ZONE",450P,5059a,CLOSED,2020-10-14,07:18 AM
175883,Tree Trim,2020-10-14 07:26 AM,Tree Trim Inspection,TREEMAINTENANCE,"PATINO, ARNULFO"," 100 CRESTWOOD DR&6300 MEMORIAL DR,HOUSTON TX ","2, ZONE",492K,5257b,CLOSED,2020-10-14,07:26 AM
175884,Tree Trim,2020-10-14 07:46 AM,Tree Trim Inspection,TREEMAINTENANCE,"BLANCHETTE, PETER", 5100 BLISS ST&8100 ELROD ST,"5, ZONE",535U,5654d,CLOSED,2020-10-14,07:46 AM
175890,Tree Trim,2020-10-14 10:03 AM,Tree Trim Inspection,TREEMAINTENANCE,"BLANCHETTE, PETER", 6700 DILLON ST&7300 STATION DR,"6, ZONE",574G,5552a,CLOSED,2020-10-14,10:03 AM
175892,Tree Trim,2020-10-14 10:44 AM,Tree Trim Inspection,TREEMAINTENANCE,"PATINO, ARNULFO",5847 LOMA LINDA ST,"7, ZONE",571T,77085,CLOSED,2020-10-14,10:44 AM
175893,Tree Removal,2020-10-14 11:53 AM,Tree Removal Inspection,TREEMAINTENANCE,"BLANCHETTE, PETER",4137  DOVER ,"6, ZONE",535T,5654c,CLOSED,2020-10-14,11:53 AM
175894,Tree Trim,2020-10-14 01:17 PM,Tree Trim Inspection,TREEMAINTENANCE,"BLANCHETTE, PETER",5402 S CROOKED CREEK ,"5, ZONE",536W,5754c,CLOSED,2020-10-14,01:17 PM
175895,Tree Trim,2020-10-14 03:17 PM,Tree Trim Inspection,TREEMAINTENANCE,"PATINO, ARNULFO",8918 BRAE ACRES RD,"7, ZONE",530P,77074,CLOSED,2020-10-14,03:17 PM
175899,Tree Trim,2020-10-14 04:50 PM,Tree Trim Inspection,TREEMAINTENANCE,"UF - JONES, CODY", 600 OXFORD ST&3200 WHITE OAK DR,"3, ZONE",493A,5358c,CLOSED,2020-10-14,04:50 PM
175902,Tree Trim,2020-10-14 05:09 PM,Tree Trim Inspection,TREEMAINTENANCE,"BLANCHETTE, PETER",3334 AIRPORT ,"6, ZONE",573F,5352b,CLOSED,2020-10-14,05:09 PM
175903,Tree Removal,2020-10-14 05:25 PM,Tree Removal Inspection,TREEMAINTENANCE,"UF - JONES, CODY",5212  KIAM ,"3, ZONE",492C,5258d,CLOSED,2020-10-14,05:25 PM
175904,Tree Trim,2020-10-14 05:31 PM,Tree Trim Inspection,TREEMAINTENANCE,"BLANCHETTE, PETER",4430  LEELAND ,"5, ZONE",494X,5456b,CLOSED,2020-10-14,05:31 PM
175905,Tree Trim,2020-10-14 05:53 PM,Tree Trim Inspection,TREEMAINTENANCE,"UF - JONES, CODY",7002  CAROTHERS ,"4, ZONE",454M,5560b,CLOSED,2020-10-14,05:53 PM
175906,Tree Trim,2020-10-14 08:32 PM,Tree Trim Inspection,TREEMAINTENANCE,"UF - JONES, CODY",14110  SANDFIELD ,"2, ZONE",488K,4757d,CLOSED,2020-10-14,08:32 PM
175907,Tree Trim,2020-10-14 09:17 PM,Tree Trim Inspection,TREEMAINTENANCE,"UF - JONES, CODY",904  DALLAS ,"1, ZONE",493Q,5457c,CLOSED,2020-10-14,09:17 PM
175908,Tree Trim,2020-10-14 09:35 PM,Tree Trim Inspection,TREEMAINTENANCE,"BLANCHETTE, PETER",6319  SHERINGHAM ,"7, ZONE",571P,5151c,CLOSED,2020-10-14,09:35 PM
175909,Tree Trim,2020-10-15 02:24 AM,Tree Trim Inspection,TREEMAINTENANCE,"BLANCHETTE, PETER", 1800 NASA PKWY&17900 SATURN LN,"5, ZONE",619S,6049d,CLOSED,2020-10-15,02:24 AM
175910,Tree Trim,2020-10-15 03:23 AM,Tree Trim Inspection,TREEMAINTENANCE,"PATINO, ARNULFO",11111 LANDS WALK DR,"2, ZONE",529X,77099,CLOSED,2020-10-15,03:23 AM
175911,Tree Trim,2020-10-15 08:32 AM,Tree Trim Inspection,TREEMAINTENANCE,"PATINO, ARNULFO"," 9900 KEEGAN RD&12100 SPRING GROVE DR,HOUSTON TX ","2, ZONE",529S,4853b,CLOSED,2020-10-15,08:32 AM
175912,Tree Trim,2020-10-15 09:43 AM,Tree Trim Inspection,TREEMAINTENANCE,"UF - JONES, CODY",1527 JOHANNA DR,"3, ZONE",451X,77055,CLOSED,2020-10-15,09:43 AM
175913,Tree Trim,2020-10-15 09:45 AM,Tree Trim Inspection,TREEMAINTENANCE,"UF - JONES, CODY", 1828 COUNTER POINT DR&7500 HIGHCREST DR,"3, ZONE",451T,5159c,CLOSED,2020-10-15,09:45 AM
175914,Tree Trim,2020-10-15 09:49 AM,Tree Trim Inspection,TREEMAINTENANCE,"UF - JONES, CODY", 8100 AMELIA RD&1900 SPENWICK DR,"3, ZONE",451S,5159c,CLOSED,2020-10-15,09:49 AM
175915,Tree Trim,2020-10-15 09:49 AM,Tree Trim Inspection,TREEMAINTENANCE,"UF - JONES, CODY", 8180 RAVENWOOD CIR&1952 SPENWICK DR,"3, ZONE",451S,5159c,CLOSED,2020-10-15,09:49 AM
175916,Tree Removal,2020-10-15 10:12 AM,Tree Removal Inspection,TREEMAINTENANCE,"BLANCHETTE, PETER",11022  SAGEMEADOW ,"6, ZONE",616B,5750b,CLOSED,2020-10-15,10:12 AM
175917,Tree Trim,2020-10-15 10:29 AM,Tree Trim Inspection,TREEMAINTENANCE,"UF - JONES, CODY",2203  CAMPBELL ,"3, ZONE",450P,5059a,CLOSED,2020-10-15,10:29 AM
175918,Tree Trim,2020-10-15 10:33 AM,Tree Trim Inspection,TREEMAINTENANCE,"UF - JONES, CODY",11214  ASH CREEK ,"3, ZONE",489B,4858b,CLOSED,2020-10-15,10:33 AM
175919,Tree Removal,2020-10-15 11:13 AM,Tree Removal Inspection,TREEMAINTENANCE,"UF - JONES, CODY",2247  ROBINHOOD ,"7, ZONE",532C,5255b,CLOSED,2020-10-15,11:13 AM
175920,Tree Removal,2020-10-15 11:32 AM,Tree Removal Inspection,TREEMAINTENANCE,"UF - JONES, CODY",1902  HUGE OAKS ,"3, ZONE",451S,5159c,CLOSED,2020-10-15,11:32 AM
175921,Tree Trim,2020-10-15 12:01 PM,Tree Trim Inspection,TREEMAINTENANCE,"UF - JONES, CODY",1100 W 34TH ,"3, ZONE",452Q,5260d,CLOSED,2020-10-15,12:01 PM
175923,Tree Trim,2020-10-15 01:47 PM,Tree Trim Inspection,TREEMAINTENANCE,"BLANCHETTE, PETER",919  ROPER ,"5, ZONE",576E,5753c,CLOSED,2020-10-15,01:47 PM
175924,Tree Removal,2020-10-15 02:16 PM,Tree Removal Inspection,TREEMAINTENANCE,"PATINO, ARNULFO",1752  KIPLING ,"2, ZONE",492V,5356a,CLOSED,2020-10-15,02:16 PM
175925,Tree Trim,2020-10-15 02:57 PM,Tree Trim Inspection,TREEMAINTENANCE,"UF - POLOVTSEV, SERA",4102  RUSTIC WOODS ,"4, ZONE",297X,5870c,CLOSED,2020-10-15,02:57 PM
175926,Tree Trim,2020-10-15 03:09 PM,Tree Trim Inspection,TREEMAINTENANCE,"UF - POLOVTSEV, SERA",8002  AIRLINE ,"4, ZONE",413T,5362a,CLOSED,2020-10-15,03:09 PM
175927,Tree Trim,2020-10-15 03:17 PM,Tree Trim Inspection,TREEMAINTENANCE,"UF - POLOVTSEV, SERA", 9800 LUM LN&9080 STERLINGSHIRE ST,"4, ZONE",455D,5661b,CLOSED,2020-10-15,03:17 PM
175928,Tree Trim,2020-10-15 03:48 PM,Tree Trim Inspection,TREEMAINTENANCE,"PATINO, ARNULFO",5103 WILLOWBEND BLVD,"7, ZONE",531Y,77035,CLOSED,2020-10-15,03:48 PM
175930,Tree Trim,2020-10-15 04:20 PM,Tree Trim Inspection,TREEMAINTENANCE,"PATINO, ARNULFO",7607 HARPERS GLEN LN,"2, ZONE",528L,77072,CLOSED,2020-10-15,04:20 PM
175934,Tree Trim,2020-10-15 04:53 PM,Tree Trim Inspection,TREEMAINTENANCE,"PATINO, ARNULFO",5102 WILLOWBEND BLVD,"7, ZONE",531Y,77035,CLOSED,2020-10-15,04:53 PM
175936,Tree Trim,2020-10-15 05:31 PM,Tree Trim Inspection,TREEMAINTENANCE,"BLANCHETTE, PETER",7025  AVENUE O ,"5, ZONE",495S,5557d,CLOSED,2020-10-15,05:31 PM
175937,Tree Trim,2020-10-15 05:58 PM,Tree Trim Inspection,TREEMAINTENANCE,"BLANCHETTE, PETER",8428  JOHN ,"5, ZONE",535F,5655a,CLOSED,2020-10-15,05:58 PM
175938,Tree Trim,2020-10-15 09:51 PM,Tree Trim Inspection,TREEMAINTENANCE,"UF - JONES, CODY", 4900 ALMEDA RD&1800 ROSEDALE ST,"7, ZONE",493X,5356d,CLOSED,2020-10-15,09:51 PM
175939,Tree Trim,2020-10-16 04:04 AM,Tree Trim Inspection,TREEMAINTENANCE,"BLANCHETTE, PETER",1120  MOY ,"2, ZONE",492G,5258d,CLOSED,2020-10-16,04:04 AM
175940,Tree Code Violation,2020-10-16 04:36 AM,Tree Code Violation Inspection,TREEPROTECTION,"UF - BURKES, JEREMY",1220  CALUMET ,"7, ZONE",533A,5356d,CLOSED,2020-10-16,04:36 AM
175941,Tree Trim,2020-10-16 09:17 AM,Tree Trim Inspection,TREEMAINTENANCE,"BLANCHETTE, PETER",1606  ROSEDALE ,"7, ZONE",493X,5356d,CLOSED,2020-10-16,09:17 AM
175942,Tree Removal,2020-10-16 10:18 AM,Tree Removal Inspection,TREEMAINTENANCE,"BLANCHETTE, PETER", 1300 ROY ST&5100 SCHULER ST,"2, ZONE",492G,5258d,CLOSED,2020-10-16,10:18 AM
175943,Tree Trim,2020-10-16 11:12 AM,Tree Trim Inspection,TREEMAINTENANCE,"BLANCHETTE, PETER",5722  GROVETON ,"6, ZONE",574E,5452b,CLOSED,2020-10-16,11:12 AM
175944,Tree Trim,2020-10-16 11:39 AM,Tree Trim Inspection,TREEMAINTENANCE,"BLANCHETTE, PETER",6720 S HAYWOOD ,"6, ZONE",535W,5553b,CLOSED,2020-10-16,11:39 AM
175945,Tree Trim,2020-10-16 12:12 PM,Tree Trim Inspection,TREEMAINTENANCE,"BLANCHETTE, PETER",8110  CREEKBEND ,"7, ZONE",530X,5053c,CLOSED,2020-10-16,12:12 PM
175946,Tree Trim,2020-10-16 01:21 PM,Tree Trim Inspection,TREEMAINTENANCE,"BLANCHETTE, PETER",2009  JOHNSON ,"2, ZONE",493F,5358d,CLOSED,2020-10-16,01:21 PM
175947,Tree Trim,2020-10-16 01:37 PM,Tree Trim Inspection,TREEMAINTENANCE,"UF - JONES, CODY",9423  MEADOWCROFT ,"2, ZONE",490X,5056c,CLOSED,2020-10-16,01:37 PM
175948,Tree Trim,2020-10-16 02:09 PM,Tree Trim Inspection,TREEMAINTENANCE,"UF - JONES, CODY", 4100 GREELEY ST&700 W MAIN ST,"2, ZONE",493S,5356b,CLOSED,2020-10-16,02:09 PM
175949,Tree Trim,2020-10-16 02:29 PM,Tree Trim Inspection,TREEMAINTENANCE,"UF - JONES, CODY",3039  SKYPARK ,"2, ZONE",488Y,4855a,CLOSED,2020-10-16,02:29 PM
175950,Tree Trim,2020-10-16 02:33 PM,Tree Trim Inspection,TREEMAINTENANCE,"UF - JONES, CODY",2112  COLQUITT ,"2, ZONE",492Y,5256b,CLOSED,2020-10-16,02:33 PM
175952,Tree Trim,2020-10-16 02:51 PM,Tree Trim Inspection,TREEMAINTENANCE,"UF - JONES, CODY",1733  HAWTHORNE ,"2, ZONE",492V,5356a,CLOSED,2020-10-16,02:51 PM
175953,Tree Trim,2020-10-16 03:03 PM,Tree Trim Inspection,TREEMAINTENANCE,"UF - POLOVTSEV, SERA",3211  HIGHLAND LAURELS ,"4, ZONE",297X,5870c,CLOSED,2020-10-16,03:03 PM
175954,Tree Removal,2020-10-16 03:21 PM,Tree Removal Inspection,TREEMAINTENANCE,"BLANCHETTE, PETER",4130  HUEY ,"6, ZONE",534M,5555d,CLOSED,2020-10-16,03:21 PM
175960,Tree Trim,2020-10-16 04:35 PM,Tree Trim Inspection,TREEMAINTENANCE,"UF - JONES, CODY",2511  VALLEYFIELD ,"3, ZONE",450Q,5059a,CLOSED,2020-10-16,04:35 PM
175961,Tree Trim,2020-10-16 04:36 PM,Tree Trim Inspection,TREEMAINTENANCE,"PATINO, ARNULFO",8407  SHARPVIEW ,"2, ZONE",530K,5054a,CLOSED,2020-10-16,04:36 PM
175962,Tree Trim,2020-10-17 12:05 PM,Tree Trim Inspection,TREEMAINTENANCE,"BLANCHETTE, PETER",7443  CULLEN ,"6, ZONE",533V,5454c,CLOSED,2020-10-17,12:05 PM
175963,Tree Removal,2020-10-17 04:25 PM,Tree Removal Inspection,TREEMAINTENANCE,"PATINO, ARNULFO",4204  BLOSSOM ,"2, ZONE",492M,5357a,CLOSED,2020-10-17,04:25 PM
175964,Tree Removal,2020-10-17 06:32 PM,Tree Removal Inspection,TREEMAINTENANCE,"UF - JONES, CODY",2430  AIRLINE ,"3, ZONE",453T,5359b,CLOSED,2020-10-17,06:32 PM
175965,Tree Code Violation,2020-10-18 03:26 PM,Tree Code Violation Inspection,TREEPROTECTION,"BLANCHETTE, PETER",8330 DUNLAP,"7, ZONE",531N,5154c,CLOSED,2020-10-18,03:26 PM
175969,Tree Trim,2020-10-19 07:44 AM,Tree Trim Inspection,TREEMAINTENANCE,"UF - POLOVTSEV, SERA", 200 E 11TH ST&1100 HARVARD ST,"3, ZONE",453W,5358a,CLOSED,2020-10-19,07:44 AM
175970,Tree Trim,2020-10-19 08:11 AM,Tree Trim Inspection,TREEMAINTENANCE,"UF - POLOVTSEV, SERA",3915  RUSTIC WOODS ,"4, ZONE",297X,5870c,CLOSED,2020-10-19,08:11 AM
175971,Tree Removal,2020-10-19 09:20 AM,Tree Removal Inspection,TREEMAINTENANCE,"UF - JONES, CODY",5362  FAIRDALE ,"2, ZONE",491Y,5156d,CLOSED,2020-10-19,09:20 AM
175972,Tree Trim,2020-10-19 10:08 AM,Tree Trim Inspection,TREEMAINTENANCE,"UF - POLOVTSEV, SERA",6610  TUSKEGEE ,"3, ZONE",412X,5261b,CLOSED,2020-10-19,10:08 AM
175973,Tree Removal,2020-10-19 10:35 AM,Tree Removal Inspection,TREEMAINTENANCE,"UF - POLOVTSEV, SERA",1240  HEIGHTS ,"3, ZONE",453W,5359c,CLOSED,2020-10-19,10:35 AM
175974,Tree Trim,2020-10-19 10:39 AM,Tree Trim Inspection,TREEMAINTENANCE,"BLANCHETTE, PETER",6717  SHERMAN ,"5, ZONE",494V,5556b,CLOSED,2020-10-19,10:39 AM
175975,Tree Removal,2020-10-19 11:09 AM,Tree Removal Inspection,TREEMAINTENANCE,"UF - POLOVTSEV, SERA",5610  DOROTHY ANN ,"4, ZONE",453A,5361c,CLOSED,2020-10-19,11:09 AM
175976,Tree Trim,2020-10-19 11:53 AM,Tree Trim Inspection,TREEMAINTENANCE,"UF - JONES, CODY",2313  MORSE ,"2, ZONE",492V,5356a,CLOSED,2020-10-19,11:53 AM
175977,Tree Removal,2020-10-19 11:55 AM,Tree Removal Inspection,TREEMAINTENANCE,"BLANCHETTE, PETER",7643  HEREFORD ,"6, ZONE",535S,5654c,CLOSED,2020-10-19,11:55 AM
175978,Tree Removal,2020-10-19 12:22 PM,Tree Removal Inspection,TREEMAINTENANCE,"UF - POLOVTSEV, SERA",8911  LEYCREST ,"4, ZONE",455M,5660b,CLOSED,2020-10-19,12:22 PM
175980,Tree Removal,2020-10-19 02:12 PM,Tree Removal Inspection,TREEMAINTENANCE,"UF - POLOVTSEV, SERA",5601 W 34TH ,"3, ZONE",451Q,5159a,CLOSED,2020-10-19,02:12 PM
175986,Tree Removal,2020-10-19 04:04 PM,Tree Removal Inspection,TREEMAINTENANCE,"BLANCHETTE, PETER",9462  FUQUA (BLACKHAWK PARK),"6, ZONE",575V,5751c,CLOSED,2020-10-19,04:04 PM
175987,Tree Trim,2020-10-19 04:10 PM,Tree Trim Inspection,TREEMAINTENANCE,"BLANCHETTE, PETER",5443  WILLOWBEND ,"7, ZONE",531X,5153a,CLOSED,2020-10-19,04:10 PM
175988,Tree Removal,2020-10-19 04:13 PM,Tree Removal Inspection,TREEMAINTENANCE,"PATINO, ARNULFO",9001 BRIAR FOREST DR,"2, ZONE",490P,77024,CLOSED,2020-10-19,04:13 PM
175989,Tree Trim,2020-10-19 04:38 PM,Tree Trim Inspection,TREEMAINTENANCE,"BLANCHETTE, PETER",16103  BANTAM RIDGE ,"7, ZONE",611C,5150d,CLOSED,2020-10-19,04:38 PM
175994,Tree Trim,2020-10-20 08:49 AM,Tree Trim Inspection,TREEMAINTENANCE,"BLANCHETTE, PETER",7004  SANTA FE ,"6, ZONE",574D,5553d,CLOSED,2020-10-20,08:49 AM
175998,Tree Trim,2020-10-20 01:01 PM,Tree Trim Inspection,TREEMAINTENANCE,"UF - POLOVTSEV, SERA",6202  QUIET VILLAGE ,"7, ZONE",611B,5150c,CLOSED,2020-10-20,01:01 PM
175999,Tree Trim,2020-10-20 01:06 PM,Tree Trim Inspection,TREEMAINTENANCE,"UF - POLOVTSEV, SERA", 7900 RAMPART ST&5600 VALERIE ST,"7, ZONE",531J,5154a,CLOSED,2020-10-20,01:06 PM
176000,Tree Code Violation,2020-10-20 01:26 PM,Tree Code Violation Inspection,TREEPROTECTION,"UF - POLOVTSEV, SERA",5030  DARNELL ,"7, ZONE",531Q,5154d,CLOSED,2020-10-20,01:26 PM
176002,Tree Trim,2020-10-20 01:41 PM,Tree Trim Inspection,TREEMAINTENANCE,"UF - JONES, CODY",8910  KENTSHIRE ,"4, ZONE",415Z,5661b,CLOSED,2020-10-20,01:41 PM
176003,Tree Removal,2020-10-20 02:04 PM,Tree Removal Inspection,TREEMAINTENANCE,"BLANCHETTE, PETER",212 N BRYAN ,"5, ZONE",494P,5557c,CLOSED,2020-10-20,02:04 PM
176005,Tree Trim,2020-10-20 02:32 PM,Tree Trim Inspection,TREEMAINTENANCE,"UF - JONES, CODY", 2506 AIRLINE DR&800 SERVICE ST,"3, ZONE",453T,5359b,CLOSED,2020-10-20,02:32 PM
176006,Tree Removal,2020-10-20 02:32 PM,Tree Removal Inspection,TREEMAINTENANCE,"BLANCHETTE, PETER",4946  ALASKA ,"5, ZONE",535R,5654b,CLOSED,2020-10-20,02:32 PM
176009,Tree Removal,2020-10-20 03:59 PM,Tree Removal Inspection,TREEMAINTENANCE,"BLANCHETTE, PETER",8102  SANDHURST ,"6, ZONE",534W,5453b,CLOSED,2020-10-20,03:59 PM
176010,Tree Removal,2020-10-20 05:43 PM,Tree Removal Inspection,TREEMAINTENANCE,"UF - POLOVTSEV, SERA",6630  IMOGENE ,"7, ZONE",530R,5054d,CLOSED,2020-10-20,05:43 PM
176011,Tree Trim,2020-10-20 06:37 PM,Tree Trim Inspection,TREEMAINTENANCE,"UF - POLOVTSEV, SERA",8115  LUGARY ,"7, ZONE",530Q,5054b,CLOSED,2020-10-20,06:37 PM
176012,Tree Trim,2020-10-20 09:03 PM,Tree Trim Inspection,TREEMAINTENANCE,"UF - JONES, CODY",10110  WESTVIEW ,"3, ZONE",450W,4958b,CLOSED,2020-10-20,09:03 PM
176013,Tree Trim,2020-10-20 11:21 PM,Tree Trim Inspection,TREEMAINTENANCE,"UF - POLOVTSEV, SERA",1862  BRANARD ,"2, ZONE",492V,5356a,CLOSED,2020-10-20,11:21 PM
176015,Tree Removal,2020-10-21 07:55 AM,Tree Removal Inspection,TREEMAINTENANCE,"PATINO, ARNULFO",5622 DRYAD DR,"7, ZONE",571A,77035,CLOSED,2020-10-21,07:55 AM
176018,Tree Trim,2020-10-21 09:42 AM,Tree Trim Inspection,TREEMAINTENANCE,"UF - POLOVTSEV, SERA",9211  HADDICK ,"4, ZONE",455C,5661c,CLOSED,2020-10-21,09:42 AM
176019,Tree Trim,2020-10-21 11:24 AM,Tree Trim Inspection,TREEMAINTENANCE,"UF - POLOVTSEV, SERA",5205  SHREVEPORT ,"4, ZONE",454L,5560c,CLOSED,2020-10-21,11:24 AM
176021,Tree Trim,2020-10-21 11:44 AM,Tree Trim Inspection,TREEMAINTENANCE,"UF - POLOVTSEV, SERA", 2300 KINGWOOD DR&2600 WOODLAND HILLS DR,"4, ZONE",336C,5769a,CLOSED,2020-10-21,11:44 AM
176022,Tree Removal,2020-10-21 12:20 PM,Tree Removal Inspection,TREEMAINTENANCE,"PATINO, ARNULFO",4058 MCDERMED DR,"7, ZONE",532S,77025,CLOSED,2020-10-21,12:20 PM
176024,Tree Removal,2020-10-21 01:39 PM,Tree Removal Inspection,TREEMAINTENANCE,"UF - POLOVTSEV, SERA",700  NORTHWOOD ,"3, ZONE",453X,5359d,CLOSED,2020-10-21,01:39 PM
176025,Tree Removal,2020-10-21 02:59 PM,Tree Removal Inspection,TREEMAINTENANCE,"PATINO, ARNULFO",11215 SHANNON HILLS DR,"2, ZONE",529P,77099,CLOSED,2020-10-21,02:59 PM
176028,Tree Trim,2020-10-21 03:32 PM,Tree Trim Inspection,TREEMAINTENANCE,"BLANCHETTE, PETER",1507  REDWAY ,"5, ZONE",618K,6049a,CLOSED,2020-10-21,03:32 PM
176029,Tree Trim,2020-10-21 04:30 PM,Tree Trim Inspection,TREEMAINTENANCE,"UF - POLOVTSEV, SERA", 7900 KIRBY DR&7900 MAIN ST,"7, ZONE",532L,5254b,CLOSED,2020-10-21,04:30 PM
176030,Tree Trim,2020-10-21 05:03 PM,Tree Trim Inspection,TREEMAINTENANCE,"UF - POLOVTSEV, SERA",5509  ASHBY ,"7, ZONE",532D,5355a,CLOSED,2020-10-21,05:03 PM
176031,Tree Trim,2020-10-21 06:16 PM,Tree Trim Inspection,TREEMAINTENANCE,"UF - POLOVTSEV, SERA",808  HIGHLAND ,"3, ZONE",493B,5358b,CLOSED,2020-10-21,06:16 PM
176032,Tree Trim,2020-10-21 10:39 PM,Tree Trim Inspection,TREEMAINTENANCE,"BLANCHETTE, PETER", 4800 BELLFORT ST&8400 CULLEN BLVD,"6, ZONE",533Z,5453a,CLOSED,2020-10-21,10:39 PM
176038,Tree Removal,2020-10-22 09:40 AM,Tree Removal Inspection,TREEMAINTENANCE,"UF - JONES, CODY",1917  ASHLAND ,"3, ZONE",452V,5359c,CLOSED,2020-10-22,09:40 AM
176039,Tree Trim,2020-10-22 10:12 AM,Tree Trim Inspection,TREEMAINTENANCE,"UF - POLOVTSEV, SERA",717  PACIFIC ,"2, ZONE",493S,5357d,CLOSED,2020-10-22,10:12 AM
176040,Tree Planting,2020-10-22 10:27 AM,Tree Planting Inspection,TREEPROTECTION,"UF - BURKES, JEREMY",1502  ASBURY ,"2, ZONE",492G,5258d,CLOSED,2020-10-22,10:27 AM
176041,Tree Removal,2020-10-22 10:40 AM,Tree Removal Inspection,TREEMAINTENANCE,"PATINO, ARNULFO",8312 LA ROCHE LN,"2, ZONE",530N,77036,CLOSED,2020-10-22,10:40 AM
176042,Tree Trim,2020-10-22 11:59 AM,Tree Trim Inspection,TREEMAINTENANCE,"UF - POLOVTSEV, SERA",9210  HOMESTEAD ,"4, ZONE",454H,5561d,CLOSED,2020-10-22,11:59 AM
176043,Tree Trim,2020-10-22 12:03 PM,Tree Trim Inspection,TREEMAINTENANCE,"UF - JONES, CODY",2448  CARMEL ,"3, ZONE",412W,5161b,CLOSED,2020-10-22,12:03 PM
176044,Tree Trim,2020-10-22 12:35 PM,Tree Trim Inspection,TREEMAINTENANCE,"UF - JONES, CODY",7515  WOODRIDGE ,"3, ZONE",451X,5158a,CLOSED,2020-10-22,12:35 PM
176045,Tree Stump Grinding,2020-10-22 01:05 PM,Tree Stump Inspection,TREEMAINTENANCE,"BLANCHETTE, PETER",4395  VARSITY ,"6, ZONE",534A,5455b,CLOSED,2020-10-22,01:05 PM
176049,Tree Removal,2020-10-22 01:53 PM,Tree Removal Inspection,TREEMAINTENANCE,"BLANCHETTE, PETER",3102  NITA ,"6, ZONE",573F,5352b,CLOSED,2020-10-22,01:53 PM
176050,Tree Trim,2020-10-22 02:45 PM,Tree Trim Inspection,TREEMAINTENANCE,"UF - JONES, CODY",6517 W MONTGOMERY ,"3, ZONE",412Y,5261b,CLOSED,2020-10-22,02:45 PM
176053,Tree Removal,2020-10-22 04:27 PM,Tree Removal Inspection,TREEMAINTENANCE,"UF - POLOVTSEV, SERA",6123  BRIAR ROSE ,"2, ZONE",491N,5156a,CLOSED,2020-10-22,04:27 PM
176054,Tree Trim,2020-10-22 05:10 PM,Tree Trim Inspection,TREEMAINTENANCE,"UF - POLOVTSEV, SERA",2914  BASSINGHAM ,"4, ZONE",297N,5771d,CLOSED,2020-10-22,05:10 PM
176055,Tree Removal,2020-10-22 07:57 PM,Tree Removal Inspection,TREEMAINTENANCE,"UF - JONES, CODY",505 E 9TH ,"3, ZONE",493A,5358a,CLOSED,2020-10-22,07:57 PM
176056,Tree Removal,2020-10-23 09:52 AM,Tree Removal Inspection,TREEMAINTENANCE,"UF - POLOVTSEV, SERA",5303  CREEKBEND ,"7, ZONE",531X,5153d,CLOSED,2020-10-23,09:52 AM
176057,Tree Trim,2020-10-23 10:40 AM,Tree Trim Inspection,TREEMAINTENANCE,"UF - POLOVTSEV, SERA",9709  BELLAIRE ,"2, ZONE",529H,4955d,CLOSED,2020-10-23,10:40 AM
176058,Tree Trim,2020-10-23 01:05 PM,Tree Trim Inspection,TREEMAINTENANCE,"UF - POLOVTSEV, SERA",1600  SUMMER ,"2, ZONE",493F,5358d,CLOSED,2020-10-23,01:05 PM
176059,Tree Trim,2020-10-23 01:09 PM,Tree Trim Inspection,TREEMAINTENANCE,"UF - POLOVTSEV, SERA",1850 REED RD,"7, ZONE",572D,77051,CLOSED,2020-10-23,01:09 PM
176060,Tree Trim,2020-10-23 01:25 PM,Tree Trim Inspection,TREEMAINTENANCE,"UF - POLOVTSEV, SERA", 14800 BATHURST DR&3900 SMOOTH OAK LN,"7, ZONE",572S,5251d,CLOSED,2020-10-23,01:25 PM
176061,Tree Trim,2020-10-23 01:27 PM,Tree Trim Inspection,TREEMAINTENANCE,"UF - POLOVTSEV, SERA",5942  HERMANN PARK ,"7, ZONE",533A,5355b,CLOSED,2020-10-23,01:27 PM
176062,Tree Removal,2020-10-23 02:51 PM,Tree Removal Inspection,TREEMAINTENANCE,"UF - POLOVTSEV, SERA",2301  DRYDEN ,"7, ZONE",532G,5255b,CLOSED,2020-10-23,02:51 PM
176063,Tree Trim,2020-10-23 03:05 PM,Tree Trim Inspection,TREEMAINTENANCE,"BLANCHETTE, PETER",526  HENKE ,"4, ZONE",494H,5558c,CLOSED,2020-10-23,03:05 PM
176064,Tree Trim,2020-10-23 03:30 PM,Tree Trim Inspection,TREEMAINTENANCE,"UF - POLOVTSEV, SERA", 4000 LATMA DR&9100 STELLA LINK RD,"7, ZONE",532N,5254c,CLOSED,2020-10-23,03:30 PM
176066,Tree Trim,2020-10-23 05:12 PM,Tree Trim Inspection,TREEMAINTENANCE,"BLANCHETTE, PETER",2706  EAGLE ,"6, ZONE",493Y,5456c,CLOSED,2020-10-23,05:12 PM
176067,Tree Removal,2020-10-23 05:16 PM,Tree Removal Inspection,TREEMAINTENANCE,"BLANCHETTE, PETER",5815  CAVALCADE ,"4, ZONE",454Y,5559c,CLOSED,2020-10-23,05:16 PM
176068,Tree Trim,2020-10-23 06:17 PM,Tree Trim Inspection,TREEMAINTENANCE,"UF - JONES, CODY",1538  BEVIS ,"3, ZONE",452Y,5259d,CLOSED,2020-10-23,06:17 PM
176069,Tree Trim,2020-10-23 10:40 PM,Tree Trim Inspection,TREEMAINTENANCE,"UF - JONES, CODY",729  USENER ,"3, ZONE",493B,5358b,CLOSED,2020-10-23,10:40 PM
176070,Tree Trim,2020-10-24 12:21 AM,Tree Trim Inspection,TREEMAINTENANCE,"UF - JONES, CODY",859  USENER ,"3, ZONE",493B,5358d,CLOSED,2020-10-24,12:21 AM
176071,Tree Removal,2020-10-24 03:54 AM,Tree Removal Inspection,TREEMAINTENANCE,"UF - POLOVTSEV, SERA",310  MAGNOLIA ,"4, ZONE",298X,5970a,CLOSED,2020-10-24,03:54 AM
176072,Tree Trim,2020-10-24 09:20 AM,Tree Trim Inspection,TREEMAINTENANCE,"UF - POLOVTSEV, SERA",7903  STROUD ,"2, ZONE",530K,5054a,CLOSED,2020-10-24,09:20 AM
176073,Tree Trim,2020-10-24 01:19 PM,Tree Trim Inspection,TREEMAINTENANCE,"BLANCHETTE, PETER",7102  EDNA ,"6, ZONE",534R,5554d,CLOSED,2020-10-24,01:19 PM
176074,Tree Removal,2020-10-24 02:52 PM,Tree Removal Inspection,TREEMAINTENANCE,"UF - JONES, CODY",9206  SANDLE ,"3, ZONE",412S,5262c,CLOSED,2020-10-24,02:52 PM
176075,Tree Removal,2020-10-24 03:30 PM,Tree Removal Inspection,TREEMAINTENANCE,"UF - JONES, CODY", 400 W 16TH ST&1600 ASHLAND ST,"3, ZONE",452Z,5359c,CLOSED,2020-10-24,03:30 PM
176076,Tree Trim,2020-10-24 09:06 PM,Tree Trim Inspection,TREEMAINTENANCE,"UF - JONES, CODY",610  OXFORD ,"3, ZONE",493A,5358a,CLOSED,2020-10-24,09:06 PM
176077,Tree Removal,2020-10-25 03:49 AM,Tree Removal Inspection,TREEMAINTENANCE,"UF - JONES, CODY",2519  HOUSTON ,"3, ZONE",493C,5358d,CLOSED,2020-10-25,03:49 AM
176084,Tree Removal,2020-10-26 09:06 AM,Tree Removal Inspection,TREEMAINTENANCE,"UF - POLOVTSEV, SERA",5334  DARLINGHURST ,"7, ZONE",571Q,5151b,CLOSED,2020-10-26,09:06 AM
176085,Tree Trim,2020-10-26 09:19 AM,Tree Trim Inspection,TREEMAINTENANCE,"BLANCHETTE, PETER",3302 WHITE OAK AND BAMBOO ,"3, ZONE",493A,5358c,CLOSED,2020-10-26,09:19 AM
176086,Tree Trim,2020-10-26 10:00 AM,Tree Trim Inspection,TREEMAINTENANCE,"BLANCHETTE, PETER", 10700 SEAFORD DR&10418 SOUTHPORT DR,"6, ZONE",576T,5751b,CLOSED,2020-10-26,10:00 AM
176088,Tree Trim,2020-10-26 01:06 PM,Tree Trim Inspection,TREEMAINTENANCE,"UF - POLOVTSEV, SERA",13111  CARVEL ,"2, ZONE",528L,4854a,CLOSED,2020-10-26,01:06 PM
176089,Tree Trim,2020-10-26 01:17 PM,Tree Trim Inspection,TREEMAINTENANCE,"UF - POLOVTSEV, SERA",5102  KELLEY ,"4, ZONE",454Q,5559a,CLOSED,2020-10-26,01:17 PM
176090,Tree Trim,2020-10-26 01:36 PM,Tree Trim Inspection,TREEMAINTENANCE,"UF - POLOVTSEV, SERA",10500  CLIFFWOOD ,"7, ZONE",531Z,5153b,CLOSED,2020-10-26,01:36 PM
176091,Tree Trim,2020-10-26 04:29 PM,Tree Trim Inspection,TREEMAINTENANCE,"UF - POLOVTSEV, SERA",1102  NANTUCKET ,"2, ZONE",491N,5157c,CLOSED,2020-10-26,04:29 PM
176092,Tree Trim,2020-10-27 06:40 AM,Tree Trim Inspection,TREEMAINTENANCE,"BLANCHETTE, PETER",4510 I  WOODSIDE ,"5, ZONE",494T,5456b,CLOSED,2020-10-27,06:40 AM
176096,Tree Removal,2020-10-27 07:37 AM,Tree Removal Inspection,TREEMAINTENANCE,"UF - JONES, CODY",1414  LUMPKIN ,"3, ZONE",449Z,4958a,CLOSED,2020-10-27,07:37 AM
176098,Tree Removal,2020-10-27 08:46 AM,Tree Removal Inspection,TREEMAINTENANCE,"UF - POLOVTSEV, SERA",2212  TANGLEY ,"7, ZONE",532C,5355a,CLOSED,2020-10-27,08:46 AM
176099,Tree Trim,2020-10-27 09:14 AM,Tree Trim Inspection,TREEMAINTENANCE,"BLANCHETTE, PETER",4014  ROSELAND ,"2, ZONE",493S,5356b,CLOSED,2020-10-27,09:14 AM
176100,Tree Trim,2020-10-27 09:47 AM,Tree Trim Inspection,TREEMAINTENANCE,"UF - JONES, CODY",12327  CHESSINGTON ,"7, ZONE",569H,4952b,CLOSED,2020-10-27,09:47 AM
176101,Tree Trim,2020-10-27 10:42 AM,Tree Trim Inspection,TREEMAINTENANCE,"UF - JONES, CODY", 400 W 16TH ST&1600 ASHLAND ST,"3, ZONE",452Z,5359c,CLOSED,2020-10-27,10:42 AM
176103,Tree Trim,2020-10-27 12:00 PM,Tree Trim Inspection,TREEMAINTENANCE,"UF - POLOVTSEV, SERA",6230  GREAT OAKS ,"4, ZONE",415E,5563b,CLOSED,2020-10-27,12:00 PM
176104,Tree Trim,2020-10-27 12:37 PM,Tree Trim Inspection,TREEMAINTENANCE,"UF - POLOVTSEV, SERA", 6700 INDIAN FALLS DR&15600 RIDGEROCK RD,"7, ZONE",571W,5150a,CLOSED,2020-10-27,12:37 PM
176105,Tree Trim,2020-10-27 12:45 PM,Tree Trim Inspection,TREEMAINTENANCE,"UF - POLOVTSEV, SERA", 5100 BLISS ST&8100 ELROD ST,"5, ZONE",535U,5654d,CLOSED,2020-10-27,12:45 PM
176106,Tree Trim,2020-10-27 12:56 PM,Tree Trim Inspection,TREEMAINTENANCE,"BLANCHETTE, PETER",11102  SAGETRAIL ,"6, ZONE",616B,5750d,CLOSED,2020-10-27,12:56 PM
176108,Tree Trim,2020-10-27 01:09 PM,Tree Trim Inspection,TREEMAINTENANCE,"UF - JONES, CODY",970  DOLLY WRIGHT ,"3, ZONE",412T,5262d,CLOSED,2020-10-27,01:09 PM
176109,Tree Trim,2020-10-27 01:13 PM,Tree Trim Inspection,TREEMAINTENANCE,"UF - JONES, CODY",531  OXFORD ,"3, ZONE",493A,5358c,CLOSED,2020-10-27,01:13 PM
176110,Tree Removal,2020-10-27 01:15 PM,Tree Removal Inspection,TREEMAINTENANCE,"UF - JONES, CODY", 4000 PEPPERMILL RD&9100 PITNER RD,"3, ZONE",450L,5060c,CLOSED,2020-10-27,01:15 PM
176111,Tree Removal,2020-10-27 01:16 PM,Tree Removal Inspection,TREEMAINTENANCE,"UF - POLOVTSEV, SERA",8720  MEMORIAL DRIVE,"2, ZONE",490A,4958d,CLOSED,2020-10-27,01:16 PM
176112,Tree Removal,2020-10-27 01:21 PM,Tree Removal Inspection,TREEMAINTENANCE,"UF - JONES, CODY",2005  MASON ,"2, ZONE",493P,5357d,CLOSED,2020-10-27,01:21 PM
176115,Tree Trim,2020-10-27 02:11 PM,Tree Trim Inspection,TREEMAINTENANCE,"UF - POLOVTSEV, SERA", 7400 BAHIA LN&15400 RUPPSTOCK RD,"7, ZONE",570Z,5150a,CLOSED,2020-10-27,02:11 PM
176117,Tree Trim,2020-10-27 02:20 PM,Tree Trim Inspection,TREEMAINTENANCE,"UF - POLOVTSEV, SERA",2511  CARROLTON ,"6, ZONE",534F,5555a,CLOSED,2020-10-27,02:20 PM
176119,Tree Trim,2020-10-27 02:30 PM,Tree Trim Inspection,TREEMAINTENANCE,"UF - POLOVTSEV, SERA",300  MERCURY ,"4, ZONE",496A,5658b,CLOSED,2020-10-27,02:30 PM
176122,Tree Trim,2020-10-27 02:58 PM,Tree Trim Inspection,TREEMAINTENANCE,"UF - POLOVTSEV, SERA",14418  HIRAM CLARKE ,"7, ZONE",571R,5251c,CLOSED,2020-10-27,02:58 PM
176123,Tree Removal,2020-10-27 03:16 PM,Tree Removal Inspection,TREEMAINTENANCE,"UF - POLOVTSEV, SERA",8122  CAROLWOOD ,"4, ZONE",455F,5660a,CLOSED,2020-10-27,03:16 PM
176124,Tree Trim,2020-10-27 03:36 PM,Tree Trim Inspection,TREEMAINTENANCE,"UF - POLOVTSEV, SERA", 7500 KELVING ST&2400 UNDERWOOD ST,"7, ZONE",532L,5255d,CLOSED,2020-10-27,03:36 PM
176126,Tree Removal,2020-10-27 06:23 PM,Tree Removal Inspection,TREEMAINTENANCE,"UF - JONES, CODY",11415  SPRING GROVE ,"2, ZONE",529X,4853d,CLOSED,2020-10-27,06:23 PM
176127,Tree Trim,2020-10-27 07:55 PM,Tree Trim Inspection,TREEMAINTENANCE,"UF - POLOVTSEV, SERA",806  FAIRBANKS ,"4, ZONE",453V,5459a,CLOSED,2020-10-27,07:55 PM
176128,Tree Trim,2020-10-27 09:53 PM,Tree Trim Inspection,TREEMAINTENANCE,"BLANCHETTE, PETER", 466 TRESVANT DR.,"5, ZONE",617R,5949d,CLOSED,2020-10-27,09:53 PM
176130,Tree Trim,2020-10-28 02:02 AM,Tree Trim Inspection,TREEMAINTENANCE,"UF - POLOVTSEV, SERA", 100 CAVALCADE ST&3000 NORTH FWY,"4, ZONE",453U,5359d,CLOSED,2020-10-28,02:02 AM
176131,Tree Trim,2020-10-28 03:43 AM,Tree Trim Inspection,TREEMAINTENANCE,"UF - JONES, CODY",12619  HUNTING BROOK ,"2, ZONE",528V,4853a,CLOSED,2020-10-28,03:43 AM
176132,Tree Trim,2020-10-28 08:04 AM,Tree Trim Inspection,TREEMAINTENANCE,"UF - JONES, CODY", 500 BOMAR ST&1900 WHITNEY ST,"2, ZONE",493N,5357d,CLOSED,2020-10-28,08:04 AM
176135,Tree Trim,2020-10-28 08:47 AM,Tree Trim Inspection,TREEMAINTENANCE,"UF - POLOVTSEV, SERA", 4300 BERAN DR&13600 QUENTION DR,"7, ZONE",572J,5252c,CLOSED,2020-10-28,08:47 AM
176136,Tree Trim,2020-10-28 09:00 AM,Tree Trim Inspection,TREEMAINTENANCE,"UF - JONES, CODY", 10000 HAMMERLY BLVD&2300 ROSEFIELD DR,"3, ZONE",450N,4959b,CLOSED,2020-10-28,09:00 AM
176137,Tree Removal,2020-10-28 09:04 AM,Tree Removal Inspection,TREEMAINTENANCE,"UF - POLOVTSEV, SERA",3702  DUMBARTON ,"7, ZONE",532J,5254a,CLOSED,2020-10-28,09:04 AM
176138,Tree Trim,2020-10-28 09:05 AM,Tree Trim Inspection,TREEMAINTENANCE,"UF - JONES, CODY", 10000 HAMMERLY BLVD&2300 ROSEFIELD DR,"3, ZONE",450N,4959b,CLOSED,2020-10-28,09:05 AM
176139,Tree Trim,2020-10-28 09:09 AM,Tree Trim Inspection,TREEMAINTENANCE,"UF - POLOVTSEV, SERA", 14130 MEMORIAL DR&632 RANCHO BAUER DR,"2, ZONE",489E,4857b,CLOSED,2020-10-28,09:09 AM
176140,Tree Trim,2020-10-28 09:39 AM,Tree Trim Inspection,TREEMAINTENANCE,"UF - POLOVTSEV, SERA",5511  IRVINGTON ,"4, ZONE",453U,5459a,CLOSED,2020-10-28,09:39 AM
176141,Tree Trim,2020-10-28 11:04 AM,Tree Trim Inspection,TREEMAINTENANCE,"UF - JONES, CODY",2148  SUL ROSS ,"2, ZONE",492U,5256b,CLOSED,2020-10-28,11:04 AM
176142,Tree Trim,2020-10-28 11:12 AM,Tree Trim Inspection,TREEMAINTENANCE,"UF - JONES, CODY", 400 CHIMNEY ROCK RD&5700 INDIAN CIR,"2, ZONE",491F,5157a,CLOSED,2020-10-28,11:12 AM
176143,Tree Trim,2020-10-28 11:23 AM,Tree Trim Inspection,TREEMAINTENANCE,"UF - POLOVTSEV, SERA", 800 ENGLISH ST&5300 IRVINGTON BLVD,"4, ZONE",453V,5459a,CLOSED,2020-10-28,11:23 AM
176144,Tree Removal,2020-10-28 11:32 AM,Tree Removal Inspection,TREEMAINTENANCE,"UF - POLOVTSEV, SERA", 2500 S SH 6&14600 WESTHEIMER RD,"2, ZONE",488S,4756c,CLOSED,2020-10-28,11:32 AM
176145,Tree Removal,2020-10-28 12:20 PM,Tree Removal Inspection,TREEMAINTENANCE,"UF - JONES, CODY",4909  CRAWFORD ,"7, ZONE",493X,5356d,CLOSED,2020-10-28,12:20 PM
176146,Tree Trim,2020-10-28 12:30 PM,Tree Trim Inspection,TREEMAINTENANCE,"UF - POLOVTSEV, SERA",3819  CETTI ,"4, ZONE",453Z,5459c,CLOSED,2020-10-28,12:30 PM
176147,Tree Trim,2020-10-28 12:45 PM,Tree Trim Inspection,TREEMAINTENANCE,"BLANCHETTE, PETER",9111  CULLEN ,"6, ZONE",573D,5453c,CLOSED,2020-10-28,12:45 PM
176148,Tree Removal,2020-10-28 01:17 PM,Tree Removal Inspection,TREEMAINTENANCE,"UF - JONES, CODY",12218  CORONA ,"2, ZONE",529J,4854b,CLOSED,2020-10-28,01:17 PM
176149,Tree Trim,2020-10-28 01:53 PM,Tree Trim Inspection,TREEMAINTENANCE,"BLANCHETTE, PETER", 7100 REED RD&6800 WALTRIP ST,"6, ZONE",534Z,5553b,CLOSED,2020-10-28,01:53 PM
176150,Tree Trim,2020-10-28 02:16 PM,Tree Trim Inspection,TREEMAINTENANCE,"UF - POLOVTSEV, SERA",13434  TOWNWOOD ,"7, ZONE",572K,5252d,CLOSED,2020-10-28,02:16 PM
176154,Tree Trim,2020-10-28 04:09 PM,Tree Trim Inspection,TREEMAINTENANCE,"UF - JONES, CODY",625  COLUMBIA ,"3, ZONE",493A,5358a,CLOSED,2020-10-28,04:09 PM
176155,Tree Trim,2020-10-28 04:54 PM,Tree Trim Inspection,TREEMAINTENANCE,"UF - POLOVTSEV, SERA", 10200 GREEN RIVER DR&10190 LEY RD,"4, ZONE",456F,5760a,CLOSED,2020-10-28,04:54 PM
176156,Tree Trim,2020-10-28 05:27 PM,Tree Trim Inspection,TREEMAINTENANCE,"BLANCHETTE, PETER", 4422 CANAL ST&2 EASTWOOD ST&100 N EASTWOOD ST,"5, ZONE",494P,5457d,CLOSED,2020-10-28,05:27 PM
176157,Tree Trim,2020-10-29 06:26 AM,Tree Trim Inspection,TREEMAINTENANCE,"UF - POLOVTSEV, SERA",10947  DUNVEGAN ,"4, ZONE",496F,5758a,CLOSED,2020-10-29,06:26 AM
176158,Tree Code Violation,2020-10-29 06:35 AM,Tree Code Violation Inspection,TREEPROTECTION,"UF - POLOVTSEV, SERA",2390  KIRBY ,"2, ZONE",492U,5256b,CLOSED,2020-10-29,06:35 AM
176160,Tree Trim,2020-10-29 09:13 AM,Tree Trim Inspection,TREEMAINTENANCE,"UF - POLOVTSEV, SERA",1735  NORFOLK ,"2, ZONE",492Z,5356c,CLOSED,2020-10-29,09:13 AM
176161,Tree Trim,2020-10-29 09:13 AM,Tree Trim Inspection,TREEMAINTENANCE,"UF - JONES, CODY",2211  NAOMI ,"7, ZONE",532R,5354c,CLOSED,2020-10-29,09:13 AM
176162,Tree Trim,2020-10-29 10:06 AM,Tree Trim Inspection,TREEMAINTENANCE,"UF - JONES, CODY",4225  BELLAIRE ,"7, ZONE",532E,5255c,CLOSED,2020-10-29,10:06 AM
176163,Tree Trim,2020-10-29 10:37 AM,Tree Trim Inspection,TREEMAINTENANCE,"BLANCHETTE, PETER", 7100 REED RD&6800 WALTRIP ST,"6, ZONE",534Z,5553b,CLOSED,2020-10-29,10:37 AM
176164,Tree Removal,2020-10-29 10:42 AM,Tree Removal Inspection,TREEMAINTENANCE,"UF - POLOVTSEV, SERA",109  STRATFORD ,"2, ZONE",493T,5357d,CLOSED,2020-10-29,10:42 AM
176166,Tree Trim,2020-10-29 11:06 AM,Tree Trim Inspection,TREEMAINTENANCE,"BLANCHETTE, PETER",3819  YELLOWSTONE ,"6, ZONE",533L,5454a,CLOSED,2020-10-29,11:06 AM
176167,Tree Trim,2020-10-29 01:33 PM,Tree Trim Inspection,TREEMAINTENANCE,"UF - JONES, CODY", 100 W 6TH ST&600 HEIGHTS BLVD&3600 WHITE OAK DR,"3, ZONE",493A,5358c,CLOSED,2020-10-29,01:33 PM
176168,Tree Trim,2020-10-29 02:07 PM,Tree Trim Inspection,TREEMAINTENANCE,"UF - POLOVTSEV, SERA",13703  LOCKE ,"2, ZONE",488T,4756d,CLOSED,2020-10-29,02:07 PM
176173,Tree Removal,2020-10-29 03:35 PM,Tree Removal Inspection,TREEMAINTENANCE,"UF - POLOVTSEV, SERA",1951  VERMONT ,"2, ZONE",492R,5357c,CLOSED,2020-10-29,03:35 PM
176176,Tree Removal,2020-10-29 05:35 PM,Tree Removal Inspection,TREEMAINTENANCE,"UF - JONES, CODY",5935  HIGH STAR ,"7, ZONE",531E,5155c,CLOSED,2020-10-29,05:35 PM
176178,Tree Trim,2020-10-29 06:18 PM,Tree Trim Inspection,TREEMAINTENANCE,"UF - POLOVTSEV, SERA",1748  KIPLING ,"2, ZONE",492V,5356a,CLOSED,2020-10-29,06:18 PM
176179,Tree Trim,2020-10-29 06:33 PM,Tree Trim Inspection,TREEMAINTENANCE,"BLANCHETTE, PETER",8245  JET PILOT ,"6, ZONE",575K,5652c,CLOSED,2020-10-29,06:33 PM
176180,Tree Trim,2020-10-29 07:50 PM,Tree Trim Inspection,TREEMAINTENANCE,"UF - JONES, CODY",9302  PORTAL ,"7, ZONE",530W,4953d,CLOSED,2020-10-29,07:50 PM
176181,Tree Trim,2020-10-29 07:51 PM,Tree Trim Inspection,TREEMAINTENANCE,"UF - BURKES, JEREMY",2148  SUL ROSS ,"2, ZONE",492U,5256b,CLOSED,2020-10-29,07:51 PM
176182,Tree Removal,2020-10-29 08:01 PM,Tree Removal Inspection,TREEMAINTENANCE,"BLANCHETTE, PETER",12123  SABO ,"6, ZONE",576Y,5751d,CLOSED,2020-10-29,08:01 PM
176183,Tree Removal,2020-10-29 08:20 PM,Tree Removal Inspection,TREEMAINTENANCE,"BLANCHETTE, PETER",7418  THUROW ,"6, ZONE",535N,5554b,CLOSED,2020-10-29,08:20 PM
176184,Tree Removal,2020-10-29 10:44 PM,Tree Removal Inspection,TREEMAINTENANCE,"BLANCHETTE, PETER",6309 MARTIN LUTHER KING BLVD,"6, ZONE",534N,5454b,CLOSED,2020-10-29,10:44 PM
176185,Tree Trim,2020-10-30 05:32 AM,Tree Trim Inspection,TREEMAINTENANCE,"PATINO, ARNULFO",2020 HERMANN DR,"7, ZONE",533B,77030,CLOSED,2020-10-30,05:32 AM
176186,Tree Trim,2020-10-30 05:38 AM,Tree Trim Inspection,TREEMAINTENANCE,"UF - POLOVTSEV, SERA",1310  GREGG ,"4, ZONE",494F,5458d,CLOSED,2020-10-30,05:38 AM
176187,Tree Trim,2020-10-30 07:25 AM,Tree Trim Inspection,TREEMAINTENANCE,"BLANCHETTE, PETER",12989  MARTIN LUTHER KING ,"6, ZONE",574N,5451b,CLOSED,2020-10-30,07:25 AM
176189,Tree Trim,2020-10-30 09:48 AM,Tree Trim Inspection,TREEMAINTENANCE,"PATINO, ARNULFO",11123  ASHCOTT ,"2, ZONE",529F,4955c,CLOSED,2020-10-30,09:48 AM
176190,Tree Trim,2020-10-30 09:51 AM,Tree Trim Inspection,TREEMAINTENANCE,"UF - JONES, CODY",5047  SPRING FOREST ,"3, ZONE",451C,5161d,CLOSED,2020-10-30,09:51 AM
176191,Tree Trim,2020-10-30 10:07 AM,Tree Trim Inspection,TREEMAINTENANCE,"UF - JONES, CODY",7327  AQUA ,"2, ZONE",529J,4854b,CLOSED,2020-10-30,10:07 AM
176192,Tree Removal,2020-10-30 10:21 AM,Tree Removal Inspection,TREEMAINTENANCE,"UF - JONES, CODY",11402  STANCLIFF ,"2, ZONE",529X,4853d,CLOSED,2020-10-30,10:21 AM
176193,Tree Removal,2020-10-30 10:58 AM,Tree Removal Inspection,TREEMAINTENANCE,"UF - JONES, CODY",9838  BRIARWILD ,"3, ZONE",450S,4959d,CLOSED,2020-10-30,10:58 AM
176195,Tree Trim,2020-10-30 11:17 AM,Tree Trim Inspection,TREEMAINTENANCE,"UF - JONES, CODY",10403  TIMBEROAK ,"3, ZONE",449V,4959c,CLOSED,2020-10-30,11:17 AM
176196,Tree Trim,2020-10-30 11:34 AM,Tree Trim Inspection,TREEMAINTENANCE,"UF - POLOVTSEV, SERA",8222  AUTUMN ,"4, ZONE",454G,5560a,CLOSED,2020-10-30,11:34 AM
176197,Tree Trim,2020-10-30 11:46 AM,Tree Trim Inspection,TREEMAINTENANCE,"BLANCHETTE, PETER",5831  KENILWOOD ,"6, ZONE",534X,5453b,CLOSED,2020-10-30,11:46 AM
176199,Tree Removal,2020-10-30 12:57 PM,Tree Removal Inspection,TREEMAINTENANCE,"BLANCHETTE, PETER", 2500 E OREM DR&12100 SKYVIEW MANOR DR,"6, ZONE",573K,5351b,CLOSED,2020-10-30,12:57 PM
176200,Tree Trim,2020-10-30 01:26 PM,Tree Trim Inspection,TREEMAINTENANCE,"UF - POLOVTSEV, SERA",16355  ANGEL ISLAND ,"7, ZONE",611B,5150d,CLOSED,2020-10-30,01:26 PM
176201,Tree Trim,2020-10-30 02:17 PM,Tree Trim Inspection,TREEMAINTENANCE,"UF - POLOVTSEV, SERA",2400  WESTHEIMER ,"2, ZONE",492U,5256b,CLOSED,2020-10-30,02:17 PM
176202,Tree Removal,2020-10-30 02:32 PM,Tree Removal Inspection,TREEMAINTENANCE,"UF - POLOVTSEV, SERA",1500  MCGOWEN ,"5, ZONE",493U,5356b,CLOSED,2020-10-30,02:32 PM
176203,Tree Trim,2020-10-30 02:38 PM,Tree Trim Inspection,TREEMAINTENANCE,"UF - JONES, CODY",3602  TRAILWOOD ,"6, ZONE",534K,5555c,CLOSED,2020-10-30,02:38 PM
176204,Tree Removal,2020-10-30 02:46 PM,Tree Removal Inspection,TREEMAINTENANCE,"UF - POLOVTSEV, SERA", 2600 CRAWFORD ST&1600 MCGOWEN ST,"6, ZONE",493U,5456a,CLOSED,2020-10-30,02:46 PM
176205,Tree Removal,2020-10-30 03:01 PM,Tree Removal Inspection,TREEMAINTENANCE,"UF - JONES, CODY",3605  ASCOT ,"3, ZONE",452S,5259a,CLOSED,2020-10-30,03:01 PM
176206,Tree Stump Grinding,2020-10-30 03:45 PM,Tree Stump Inspection,TREEMAINTENANCE,"UF - POLOVTSEV, SERA",307  WELCH ,"2, ZONE",493N,5357d,CLOSED,2020-10-30,03:45 PM
176207,Tree Trim,2020-10-30 03:46 PM,Tree Trim Inspection,TREEMAINTENANCE,"UF - JONES, CODY",13223  AGARITA ,"2, ZONE",528G,4855c,CLOSED,2020-10-30,03:46 PM
176209,Tree Trim,2020-10-31 12:54 AM,Tree Trim Inspection,TREEMAINTENANCE,"UF - JONES, CODY",11122  ASHCOTT ,"2, ZONE",529F,4955c,CLOSED,2020-10-31,12:54 AM
176210,Tree Trim,2020-10-31 01:00 AM,Tree Trim Inspection,TREEMAINTENANCE,"PATINO, ARNULFO",11122  ASHCOTT ,"2, ZONE",529F,4955c,CLOSED,2020-10-31,01:00 AM
176211,Tree Trim,2020-10-31 01:02 AM,Tree Trim Inspection,TREEMAINTENANCE,"PATINO, ARNULFO",11122  ASHCOTT ,"2, ZONE",529F,4955c,CLOSED,2020-10-31,01:02 AM
176212,Tree Trim,2020-10-31 10:53 PM,Tree Trim Inspection,TREEMAINTENANCE,"UF - POLOVTSEV, SERA", 0 W LOOP FWY S&4500 POST OAK PKWY,"2, ZONE",491R,5157d,CLOSED,2020-10-31,10:53 PM
176213,Tree Planting,2020-10-31 11:46 PM,Tree Planting Inspection,TREEPROTECTION,"UF - BURKES, JEREMY",6401  COPPAGE ,"2, ZONE",492F,5258d,CLOSED,2020-10-31,11:46 PM
176214,Tree Trim,2020-11-01 01:13 AM,Tree Trim Inspection,TREEMAINTENANCE,"UF - JONES, CODY",8906  BOB WHITE ,"7, ZONE",530R,5054d,CLOSED,2020-11-01,01:13 AM
176215,Tree Trim,2020-11-01 01:27 PM,Tree Trim Inspection,TREEMAINTENANCE,"UF - JONES, CODY",202 E 23RD ST,"3, ZONE",453S,77008,CLOSED,2020-11-01,01:27 PM
176216,Tree Trim,2020-11-01 02:40 PM,Tree Trim Inspection,TREEMAINTENANCE,"UF - JONES, CODY", 10800 BEAMER RD&10600 FUQUA ST&10778 SEAFORD DR,"5, ZONE",576T,5751d,CLOSED,2020-11-01,02:40 PM
176219,Tree Trim,2020-11-02 08:56 AM,Tree Trim Inspection,TREEMAINTENANCE,"UF - POLOVTSEV, SERA",114  OWENS ,"5, ZONE",495U,5656b,CLOSED,2020-11-02,08:56 AM
176220,Tree Trim,2020-11-02 09:17 AM,Tree Trim Inspection,TREEMAINTENANCE,"BLANCHETTE, PETER",9043  BRANDON ,"6, ZONE",533Y,5453c,CLOSED,2020-11-02,09:17 AM
176222,Tree Trim,2020-11-02 09:38 AM,Tree Trim Inspection,TREEMAINTENANCE,"UF - JONES, CODY",6600  CORPORATE ,"2, ZONE",529H,4955d,CLOSED,2020-11-02,09:38 AM
176223,Tree Trim,2020-11-02 09:40 AM,Tree Trim Inspection,TREEMAINTENANCE,"UF - POLOVTSEV, SERA",14300  BRIAR FOREST ,"2, ZONE",488J,4757c,CLOSED,2020-11-02,09:40 AM
176224,Tree Trim,2020-11-02 10:01 AM,Tree Trim Inspection,TREEMAINTENANCE,"UF - JONES, CODY",10218  HUNTINGTON DALE ,"2, ZONE",528V,4853a,CLOSED,2020-11-02,10:01 AM
176225,Tree Removal,2020-11-02 11:02 AM,Tree Removal Inspection,TREEMAINTENANCE,"UF - POLOVTSEV, SERA",1801  SCHWEIKHARDT ,"4, ZONE",494G,5558c,CLOSED,2020-11-02,11:02 AM
176226,Tree Trim,2020-11-02 11:15 AM,Tree Trim Inspection,TREEMAINTENANCE,"UF - POLOVTSEV, SERA",13547  AMBROSE ,"7, ZONE",572K,5252d,CLOSED,2020-11-02,11:15 AM
176227,Tree Trim,2020-11-02 12:56 PM,Tree Trim Inspection,TREEMAINTENANCE,"UF - POLOVTSEV, SERA",7029  AVENUE E ,"5, ZONE",494V,5556b,CLOSED,2020-11-02,12:56 PM
176228,Tree Trim,2020-11-02 01:27 PM,Tree Trim Inspection,TREEMAINTENANCE,"UF - JONES, CODY", 9500 BLACKHAWK BLVD&9400 FUQUA ST,"6, ZONE",575V,5751c,CLOSED,2020-11-02,01:27 PM
176229,Tree Removal,2020-11-02 01:41 PM,Tree Removal Inspection,TREEMAINTENANCE,"UF - JONES, CODY",11119  SAGETRAIL ,"6, ZONE",616B,5750d,CLOSED,2020-11-02,01:41 PM
176230,Tree Trim,2020-11-02 01:46 PM,Tree Trim Inspection,TREEMAINTENANCE,"UF - JONES, CODY",7827  GLOVER ,"6, ZONE",535K,5655c,CLOSED,2020-11-02,01:46 PM
176231,Tree Trim,2020-11-02 01:47 PM,Tree Trim Inspection,TREEMAINTENANCE,"UF - JONES, CODY",11115  SAGETRAIL ,"6, ZONE",616B,5750d,CLOSED,2020-11-02,01:47 PM
176232,Tree Trim,2020-11-02 01:52 PM,Tree Trim Inspection,TREEMAINTENANCE,"UF - BURKES, JEREMY",11115  SAGETRAIL ,"6, ZONE",616B,5750d,CLOSED,2020-11-02,01:52 PM
176233,Tree Trim,2020-11-02 02:18 PM,Tree Trim Inspection,TREEMAINTENANCE,"BLANCHETTE, PETER",2950  OLD SPANISH ,"6, ZONE",533K,5355d,CLOSED,2020-11-02,02:18 PM
176234,Tree Trim,2020-11-02 02:47 PM,Tree Trim Inspection,TREEMAINTENANCE,"UF - POLOVTSEV, SERA",7603  LAURA KOPPE ,"4, ZONE",455E,5561d,CLOSED,2020-11-02,02:47 PM
176235,Tree Removal,2020-11-02 03:36 PM,Tree Removal Inspection,TREEMAINTENANCE,"UF - POLOVTSEV, SERA",6035 W AIRPORT ,"7, ZONE",570H,5052b,CLOSED,2020-11-02,03:36 PM
176237,Tree Removal,2020-11-02 04:22 PM,Tree Removal Inspection,TREEMAINTENANCE,"UF - POLOVTSEV, SERA",1902  HUGE OAKS ,"3, ZONE",451S,5159c,CLOSED,2020-11-02,04:22 PM
176238,Tree Removal,2020-11-02 06:49 PM,Tree Removal Inspection,TREEMAINTENANCE,"UF - POLOVTSEV, SERA",404 W 17TH ,"3, ZONE",452Z,5359c,CLOSED,2020-11-02,06:49 PM
176239,Tree Trim,2020-11-02 09:44 PM,Tree Trim Inspection,TREEMAINTENANCE,"UF - JONES, CODY",10911BLK -12100BLK  SABO ,"5, ZONE",576T,5751d,CLOSED,2020-11-02,09:44 PM
176240,Tree Trim,2020-11-03 07:34 AM,Tree Trim Inspection,TREEMAINTENANCE,"UF - JONES, CODY",2918  WHEELER ,"6, ZONE",533C,5456c,CLOSED,2020-11-03,07:34 AM
176243,Tree Removal,2020-11-03 09:01 AM,Tree Removal Inspection,TREEMAINTENANCE,"UF - POLOVTSEV, SERA",11215  DALEBROOK ,"4, ZONE",415N,5562b,CLOSED,2020-11-03,09:01 AM
176244,Tree Trim,2020-11-03 09:37 AM,Tree Trim Inspection,TREEMAINTENANCE,"UF - POLOVTSEV, SERA", 300 W 20TH ST&2000 RUTLAND ST,"3, ZONE",452V,5359c,CLOSED,2020-11-03,09:37 AM
176249,Tree Removal,2020-11-03 11:38 AM,Tree Removal Inspection,TREEMAINTENANCE,"UF - POLOVTSEV, SERA",4058  MCDERMED ,"7, ZONE",532W,5253a,CLOSED,2020-11-03,11:38 AM
176250,Tree Trim,2020-11-03 12:08 PM,Tree Trim Inspection,TREEMAINTENANCE,"UF - POLOVTSEV, SERA",102  SUPER ,"5, ZONE",494T,5457d,CLOSED,2020-11-03,12:08 PM
176251,Tree Trim,2020-11-03 12:18 PM,Tree Trim Inspection,TREEMAINTENANCE,"UF - JONES, CODY", 8600 AIRPORT BLVD&7800 MONROE RD,"6, ZONE",575C,5653d,CLOSED,2020-11-03,12:18 PM
176252,Tree Trim,2020-11-03 12:19 PM,Tree Trim Inspection,TREEMAINTENANCE,"UF - JONES, CODY", 8300 AIRPORT BLVD&8800 RUTHBY ST,"6, ZONE",575C,5653c,CLOSED,2020-11-03,12:19 PM
176253,Tree Trim,2020-11-03 02:53 PM,Tree Trim Inspection,TREEMAINTENANCE,"UF - JONES, CODY", 3000 BERING DR&5800 DOLORES ST,"2, ZONE",491X,5156c,CLOSED,2020-11-03,02:53 PM
176254,Tree Removal,2020-11-03 02:56 PM,Tree Removal Inspection,TREEMAINTENANCE,"UF - POLOVTSEV, SERA",3825  GRAMERCY ,"7, ZONE",532E,5255c,CLOSED,2020-11-03,02:56 PM
176257,Tree Trim,2020-11-03 05:18 PM,Tree Trim Inspection,TREEMAINTENANCE,"BLANCHETTE, PETER",6601  CONLEY ,"6, ZONE",533M,5454a,CLOSED,2020-11-03,05:18 PM
176267,Tree Trim,2020-11-04 10:01 AM,Tree Trim Inspection,TREEMAINTENANCE,"UF - POLOVTSEV, SERA", 5770 BIRDWOOD RD&8900 HILLCROFT AVE,"7, ZONE",531N,5154c,CLOSED,2020-11-04,10:01 AM
176269,Tree Removal,2020-11-04 10:30 AM,Tree Removal Inspection,TREEMAINTENANCE,"UF - JONES, CODY",6002  GREEN FALLS ,"3, ZONE",411P,5162a,CLOSED,2020-11-04,10:30 AM
176270,Tree Trim,2020-11-04 11:08 AM,Tree Trim Inspection,TREEMAINTENANCE,"UF - POLOVTSEV, SERA",353  EADO PARK ,"5, ZONE",494J,5457b,CLOSED,2020-11-04,11:08 AM
176271,Tree Removal,2020-11-04 11:13 AM,Tree Removal Inspection,TREEMAINTENANCE,"UF - JONES, CODY",12734  VILLAWOOD ,"2, ZONE",528M,4854a,CLOSED,2020-11-04,11:13 AM
176272,Tree Removal,2020-11-04 11:14 AM,Tree Removal Inspection,TREEMAINTENANCE,"BLANCHETTE, PETER",4922  PERRY ,"5, ZONE",534J,5454b,CLOSED,2020-11-04,11:14 AM
176273,Tree Trim,2020-11-04 11:43 AM,Tree Trim Inspection,TREEMAINTENANCE,"UF - POLOVTSEV, SERA",4741  WARM SPRINGS ,"7, ZONE",571C,5153d,CLOSED,2020-11-04,11:43 AM
176274,Tree Trim,2020-11-04 11:51 AM,Tree Trim Inspection,TREEMAINTENANCE,"UF - JONES, CODY",14681 W LAKE HOUSTON ,"4, ZONE",377T,5865c,CLOSED,2020-11-04,11:51 AM
176275,Tree Trim,2020-11-04 12:01 PM,Tree Trim Inspection,TREEMAINTENANCE,"BLANCHETTE, PETER",7031  EASTWOOD ,"6, ZONE",533R,5454c,CLOSED,2020-11-04,12:01 PM
176276,Tree Trim,2020-11-04 12:05 PM,Tree Trim Inspection,TREEMAINTENANCE,"UF - JONES, CODY",915  ALEXANDER ,"3, ZONE",492D,5358a,CLOSED,2020-11-04,12:05 PM
176277,Tree Trim,2020-11-04 12:20 PM,Tree Trim Inspection,TREEMAINTENANCE,"UF - POLOVTSEV, SERA",6310  COSTA MESA ,"7, ZONE",611B,5150c,CLOSED,2020-11-04,12:20 PM
176278,Tree Trim,2020-11-04 12:31 PM,Tree Trim Inspection,TREEMAINTENANCE,"BLANCHETTE, PETER",15122  MCCONN ,"6, ZONE",617R,5949a,CLOSED,2020-11-04,12:31 PM
176279,Tree Trim,2020-11-04 12:44 PM,Tree Trim Inspection,TREEMAINTENANCE,"UF - POLOVTSEV, SERA",5119  PORTER RIDGE ,"7, ZONE",611C,5150d,CLOSED,2020-11-04,12:44 PM
176280,Tree Trim,2020-11-04 12:46 PM,Tree Trim Inspection,TREEMAINTENANCE,"UF - POLOVTSEV, SERA",7810  CHASECREEK ,"7, ZONE",570V,5051d,CLOSED,2020-11-04,12:46 PM
176281,Tree Removal,2020-11-04 01:39 PM,Tree Removal Inspection,TREEMAINTENANCE,"UF - POLOVTSEV, SERA",5003  CHEENA ,"7, ZONE",531U,5153b,CLOSED,2020-11-04,01:39 PM
176282,Tree Trim,2020-11-04 01:43 PM,Tree Trim Inspection,TREEMAINTENANCE,"BLANCHETTE, PETER",4922  KELSO ,"6, ZONE",534N,5454b,CLOSED,2020-11-04,01:43 PM
176283,Tree Removal,2020-11-04 02:44 PM,Tree Removal Inspection,TREEMAINTENANCE,"UF - JONES, CODY",32 B  LANA ,"2, ZONE",491V,5256a,CLOSED,2020-11-04,02:44 PM
176287,Tree Trim,2020-11-04 04:23 PM,Tree Trim Inspection,TREEMAINTENANCE,"UF - POLOVTSEV, SERA",6422 DARLINGHURST DR,"7, ZONE",571P,77085,CLOSED,2020-11-04,04:23 PM
176288,Tree Removal,2020-11-05 08:11 AM,Tree Removal Inspection,TREEMAINTENANCE,"BLANCHETTE, PETER",3100 BROAD @ WYNONA,"6, ZONE",534M,5555c,CLOSED,2020-11-05,08:11 AM
176289,Tree Trim,2020-11-05 09:09 AM,Tree Trim Inspection,TREEMAINTENANCE,"BLANCHETTE, PETER", 9776 BLACKHAWK BLVD&0 S SAM HOUSTON PKWY E,"6, ZONE",575Z,5751c,CLOSED,2020-11-05,09:09 AM
176292,Tree Removal,2020-11-05 10:40 AM,Tree Removal Inspection,TREEMAINTENANCE,"BLANCHETTE, PETER",10300  SCOTT ,"6, ZONE",573G,5452a,CLOSED,2020-11-05,10:40 AM
176293,Tree Removal,2020-11-05 10:42 AM,Tree Removal Inspection,TREEMAINTENANCE,"BLANCHETTE, PETER", 3600 BLOOMFIELD ST&10100 SCOTT ST,"6, ZONE",573C,5452a,CLOSED,2020-11-05,10:42 AM
176295,Tree Trim,2020-11-05 11:16 AM,Tree Trim Inspection,TREEMAINTENANCE,"UF - JONES, CODY",17406  SUNDROP ,"3, ZONE",447T,4658a,CLOSED,2020-11-05,11:16 AM
176296,Tree Trim,2020-11-05 11:35 AM,Tree Trim Inspection,TREEMAINTENANCE,"UF - JONES, CODY", 3100 S GESSNER RD&9700 MEADOWGLEN LN,"2, ZONE",490W,4956d,CLOSED,2020-11-05,11:35 AM
176297,Tree Trim,2020-11-05 12:41 PM,Tree Trim Inspection,TREEMAINTENANCE,"UF - JONES, CODY", 11700 BISSONNET ST&9450 KETCHWOOD DR,"2, ZONE",529S,4853b,CLOSED,2020-11-05,12:41 PM
176299,Tree Trim,2020-11-05 01:06 PM,Tree Trim Inspection,TREEMAINTENANCE,"UF - JONES, CODY",14300  BRIAR FOREST ,"2, ZONE",488J,4757c,CLOSED,2020-11-05,01:06 PM
176301,Tree Trim,2020-11-05 01:41 PM,Tree Trim Inspection,TREEMAINTENANCE,"UF - POLOVTSEV, SERA",211  NORTHWOOD ,"4, ZONE",453X,5358b,CLOSED,2020-11-05,01:41 PM
176303,Tree Trim,2020-11-05 05:28 PM,Tree Trim Inspection,TREEMAINTENANCE,"UF - POLOVTSEV, SERA",6338  WAYNE ,"4, ZONE",454P,5460d,CLOSED,2020-11-05,05:28 PM
176304,Tree Trim,2020-11-05 08:22 PM,Tree Trim Inspection,TREEMAINTENANCE,"UF - POLOVTSEV, SERA", 700 N 78TH ST&7800 CANAL ST,"5, ZONE",495X,5656a,CLOSED,2020-11-05,08:22 PM
176305,Tree Trim,2020-11-05 11:04 PM,Tree Trim Inspection,TREEMAINTENANCE,"UF - POLOVTSEV, SERA",5600  COURT ,"7, ZONE",611B,5150d,CLOSED,2020-11-05,11:04 PM
176306,Tree Trim,2020-11-05 11:15 PM,Tree Trim Inspection,TREEMAINTENANCE,"BLANCHETTE, PETER", 2500 E OREM DR&12100 SKYVIEW MANOR DR,"6, ZONE",573K,5351b,CLOSED,2020-11-05,11:15 PM
176307,Tree Trim,2020-11-06 06:59 AM,Tree Trim Inspection,TREEMAINTENANCE,"UF - JONES, CODY",10243  KNOBOAK ,"3, ZONE",450S,4959d,CLOSED,2020-11-06,06:59 AM
176308,Tree Trim,2020-11-06 08:59 AM,Tree Trim Inspection,TREEMAINTENANCE,"BLANCHETTE, PETER", 2922  VAN ETTEN,"6, ZONE",533K,5355d,CLOSED,2020-11-06,08:59 AM
176311,Tree Trim,2020-11-06 09:53 AM,Tree Trim Inspection,TREEMAINTENANCE,"UF - POLOVTSEV, SERA", 2100 FLETCHER ST&400 PASCHALL ST,"4, ZONE",493G,5458c,CLOSED,2020-11-06,09:53 AM
176312,Tree Removal,2020-11-06 09:54 AM,Tree Removal Inspection,TREEMAINTENANCE,"UF - JONES, CODY",6602  GOLDSPIER ,"3, ZONE",411Z,5161b,CLOSED,2020-11-06,09:54 AM
176313,Tree Removal,2020-11-06 10:48 AM,Tree Removal Inspection,TREEMAINTENANCE,"UF - JONES, CODY",6908  APOLLO ,"3, ZONE",412X,5261a,CLOSED,2020-11-06,10:48 AM
176314,Tree Trim,2020-11-06 10:55 AM,Tree Trim Inspection,TREEMAINTENANCE,"UF - JONES, CODY", 5900 BLACK GUM DR&7000 COLE CREEK DR,"3, ZONE",451A,5061d,CLOSED,2020-11-06,10:55 AM
176315,Tree Trim,2020-11-06 11:42 AM,Tree Trim Inspection,TREEMAINTENANCE,"UF - POLOVTSEV, SERA",5455  RICHMOND ,"2, ZONE",491X,5156d,CLOSED,2020-11-06,11:42 AM
176316,Tree Trim,2020-11-06 12:18 PM,Tree Trim Inspection,TREEMAINTENANCE,"BLANCHETTE, PETER",7115  GARDEN ,"5, ZONE",535E,5555b,CLOSED,2020-11-06,12:18 PM
176317,Tree Trim,2020-11-06 12:22 PM,Tree Trim Inspection,TREEMAINTENANCE,"UF - POLOVTSEV, SERA",8618  FERRIS ,"7, ZONE",531P,5154d,CLOSED,2020-11-06,12:22 PM
176318,Tree Trim,2020-11-06 12:44 PM,Tree Trim Inspection,TREEMAINTENANCE,"PATINO, ARNULFO",2110 MANOR GREEN DR,"2, ZONE",489P,77077,CLOSED,2020-11-06,12:44 PM
176319,Tree Removal,2020-11-06 12:52 PM,Tree Removal Inspection,TREEMAINTENANCE,"BLANCHETTE, PETER",11306  MURR ,"6, ZONE",573M,5452d,CLOSED,2020-11-06,12:52 PM
176320,Tree Trim,2020-11-06 01:52 PM,Tree Trim Inspection,TREEMAINTENANCE,"UF - JONES, CODY",5010  BIRCHMONT ,"3, ZONE",451C,5161d,CLOSED,2020-11-06,01:52 PM
176321,Tree Code Violation,2020-11-06 02:21 PM,Tree Code Violation Inspection,TREEPROTECTION,"BLANCHETTE, PETER",6629  SHERMAN ,"5, ZONE",494V,5556b,CLOSED,2020-11-06,02:21 PM
176324,Tree Removal,2020-11-06 03:51 PM,Tree Removal Inspection,TREEMAINTENANCE,"UF - POLOVTSEV, SERA",12914  MANDRAKE ,"7, ZONE",571G,5152d,CLOSED,2020-11-06,03:51 PM
176325,Tree Trim,2020-11-07 07:44 PM,Tree Trim Inspection,TREEMAINTENANCE,"UF - POLOVTSEV, SERA",4848  PIN OAK ,"7, ZONE",531D,5155b,CLOSED,2020-11-07,07:44 PM
176326,Tree Removal,2020-11-08 12:09 PM,Tree Removal Inspection,TREEMAINTENANCE,"UF - POLOVTSEV, SERA",7711  APACHE PLUME ,"7, ZONE",570C,5052b,CLOSED,2020-11-08,12:09 PM
176330,Tree Trim,2020-11-08 06:02 PM,Tree Trim Inspection,TREEMAINTENANCE,"UF - POLOVTSEV, SERA", 10600 RAMPART ST&5800 WILLOWBEND BLVD,"7, ZONE",531W,5153a,CLOSED,2020-11-08,06:02 PM
176331,Tree Trim,2020-11-09 09:00 AM,Tree Trim Inspection,TREEMAINTENANCE,"BLANCHETTE, PETER",12502  WHITTINGTON ,"2, ZONE",488R,4856a,CLOSED,2020-11-09,09:00 AM
176335,Tree Removal,2020-11-09 10:35 AM,Tree Removal Inspection,TREEMAINTENANCE,"BLANCHETTE, PETER",5515  CRAWFORD ,"6, ZONE",533B,5356d,CLOSED,2020-11-09,10:35 AM
176337,Tree Trim,2020-11-09 11:59 AM,Tree Trim Inspection,TREEMAINTENANCE,"UF - JONES, CODY", 10000 LONG POINT RD&1400 WITTE RD,"3, ZONE",450W,4958b,CLOSED,2020-11-09,11:59 AM
176338,Tree Code Violation,2020-11-09 01:08 PM,Tree Code Violation Inspection,TREEPROTECTION,"UF - BURKES, JEREMY", 4022 BADEN ST&100 IRENE ST,"4, ZONE",453Y,5459c,CLOSED,2020-11-09,01:08 PM
176339,Tree Trim,2020-11-09 02:13 PM,Tree Trim Inspection,TREEMAINTENANCE,"UF - POLOVTSEV, SERA", 9000 BOB WHITE DR&6300 REAMER ST,"7, ZONE",530R,5054d,CLOSED,2020-11-09,02:13 PM
176341,Tree Trim,2020-11-09 03:23 PM,Tree Trim Inspection,TREEMAINTENANCE,"UF - POLOVTSEV, SERA",7101  RENWICK ,"7, ZONE",531F,5155c,CLOSED,2020-11-09,03:23 PM
176346,Tree Trim,2020-11-09 03:32 PM,Tree Trim Inspection,TREEMAINTENANCE,"UF - POLOVTSEV, SERA",2802  SOCKEYE ,"7, ZONE",572L,5252d,CLOSED,2020-11-09,03:32 PM
176348,Tree Trim,2020-11-09 03:43 PM,Tree Trim Inspection,TREEMAINTENANCE,"UF - JONES, CODY",17406  SUNDROP ,"3, ZONE",447T,4658a,CLOSED,2020-11-09,03:43 PM
176349,Tree Trim,2020-11-09 04:15 PM,Tree Trim Inspection,TREEMAINTENANCE,"BLANCHETTE, PETER",5202  STUYVESANT ,"6, ZONE",534K,5455d,CLOSED,2020-11-09,04:15 PM
176352,Tree Removal,2020-11-10 07:16 AM,Tree Removal Inspection,TREEMAINTENANCE,"UF - POLOVTSEV, SERA",7433  BISSONNET ,"7, ZONE",530Q,5054d,CLOSED,2020-11-10,07:16 AM
176353,Tree Trim,2020-11-10 09:01 AM,Tree Trim Inspection,TREEMAINTENANCE,"UF - JONES, CODY",8221  OREBO ,"3, ZONE",412S,5262c,CLOSED,2020-11-10,09:01 AM
176354,Tree Removal,2020-11-10 09:35 AM,Tree Removal Inspection,TREEMAINTENANCE,"UF - JONES, CODY",701  ARLINGTON ,"3, ZONE",493A,5358a,CLOSED,2020-11-10,09:35 AM
176355,Tree Trim,2020-11-10 10:13 AM,Tree Trim Inspection,TREEMAINTENANCE,"BLANCHETTE, PETER", 4100 BROADWAY ST&8100 DIXIE DR,"6, ZONE",535T,5654c,CLOSED,2020-11-10,10:13 AM
176356,Tree Trim,2020-11-10 10:32 AM,Tree Trim Inspection,TREEMAINTENANCE,"UF - JONES, CODY", 600 COLUMBIA ST&3300 WHITE OAK DR,"3, ZONE",493A,5358c,CLOSED,2020-11-10,10:32 AM
176357,Tree Removal,2020-11-10 10:50 AM,Tree Removal Inspection,TREEMAINTENANCE,"BLANCHETTE, PETER",7138  KELLER ,"5, ZONE",535E,5555d,CLOSED,2020-11-10,10:50 AM
176358,Tree Trim,2020-11-10 11:55 AM,Tree Trim Inspection,TREEMAINTENANCE,"PATINO, ARNULFO",14839 TUTTLE POINT DR,"2, ZONE",487Z,77082,CLOSED,2020-11-10,11:55 AM
176360,Tree Trim,2020-11-10 12:16 PM,Tree Trim Inspection,TREEMAINTENANCE,"BLANCHETTE, PETER",7029  AVENUE E ,"5, ZONE",494V,5556b,CLOSED,2020-11-10,12:16 PM
176361,Tree Stump Grinding,2020-11-10 12:25 PM,Tree Stump Inspection,TREEMAINTENANCE,"PATINO, ARNULFO",9518 BEVERLY HILL ST,"2, ZONE",490X,77063,CLOSED,2020-11-10,12:25 PM
176363,Tree Trim,2020-11-10 12:29 PM,Tree Trim Inspection,TREEMAINTENANCE,"UF - JONES, CODY",8803  LYNDONNILLE FALLS ,"4, ZONE",455D,5661b,CLOSED,2020-11-10,12:29 PM
176365,Tree Trim,2020-11-10 01:01 PM,Tree Trim Inspection,TREEMAINTENANCE,"UF - JONES, CODY",2317  DEUTSER ,"4, ZONE",414W,5461a,CLOSED,2020-11-10,01:01 PM
176366,Tree Trim,2020-11-10 02:52 PM,Tree Trim Inspection,TREEMAINTENANCE,"UF - POLOVTSEV, SERA",15814  RIDGEROE ,"7, ZONE",611D,5250c,CLOSED,2020-11-10,02:52 PM
176367,Tree Trim,2020-11-10 04:04 PM,Tree Trim Inspection,TREEMAINTENANCE,"UF - POLOVTSEV, SERA", 8300 BRAES BLVD&3800 N BRAESWOOD BLVD&3800 GLEN ARBOR DR,"7, ZONE",532J,5254a,CLOSED,2020-11-10,04:04 PM
176370,Tree Removal,2020-11-11 09:54 AM,Tree Removal Inspection,TREEMAINTENANCE,"UF - JONES, CODY",717 W 39TH ,"3, ZONE",452Q,5260d,CLOSED,2020-11-11,09:54 AM
176371,Tree Trim,2020-11-11 10:19 AM,Tree Trim Inspection,TREEMAINTENANCE,"UF - POLOVTSEV, SERA", 10200 W BELLFORT AVE&11500 KEEGANS RIDGE RD,"7, ZONE",569D,4952b,CLOSED,2020-11-11,10:19 AM
176372,Tree Trim,2020-11-11 10:53 AM,Tree Trim Inspection,TREEMAINTENANCE,"UF - JONES, CODY",1538  BEVIS ,"3, ZONE",452Y,5259d,CLOSED,2020-11-11,10:53 AM
176373,Tree Trim,2020-11-11 02:15 PM,Tree Trim Inspection,TREEMAINTENANCE,"BLANCHETTE, PETER",7125  DILLON ,"6, ZONE",574D,5553d,CLOSED,2020-11-11,02:15 PM
176374,Tree Removal,2020-11-11 02:35 PM,Tree Removal Inspection,TREEMAINTENANCE,"BLANCHETTE, PETER",11322  SAGEBURROW ,"6, ZONE",616F,5750d,CLOSED,2020-11-11,02:35 PM
176375,Tree Trim,2020-11-11 03:16 PM,Tree Trim Inspection,TREEMAINTENANCE,"UF - JONES, CODY",5726  ARBOR VITAE ,"3, ZONE",451B,5161c,CLOSED,2020-11-11,03:16 PM
176376,Tree Removal,2020-11-11 03:58 PM,Tree Removal Inspection,TREEMAINTENANCE,"BLANCHETTE, PETER",2311  RUNNELS ,"5, ZONE",494J,5457b,CLOSED,2020-11-11,03:58 PM
176377,Tree Trim,2020-11-11 04:24 PM,Tree Trim Inspection,TREEMAINTENANCE,"UF - JONES, CODY",1246  LORRAINE ,"4, ZONE",493H,5458c,CLOSED,2020-11-11,04:24 PM
176382,Tree Trim,2020-11-12 02:24 AM,Tree Trim Inspection,TREEMAINTENANCE,"BLANCHETTE, PETER", 5900 CULLEN BLVD&4424 DU PONT ST,"6, ZONE",533M,5455d,CLOSED,2020-11-12,02:24 AM
176384,Tree Trim,2020-11-12 08:41 AM,Tree Trim Inspection,TREEMAINTENANCE,"UF - JONES, CODY", 4826 DE MILO,"3, ZONE",451G,5160b,CLOSED,2020-11-12,08:41 AM
176385,Tree Trim,2020-11-12 09:48 AM,Tree Trim Inspection,TREEMAINTENANCE,"BLANCHETTE, PETER", 7503 HEREFORD STREET ,"6, ZONE",535S,5554d,CLOSED,2020-11-12,09:48 AM
176386,Tree Removal,2020-11-12 10:09 AM,Tree Removal Inspection,TREEMAINTENANCE,"UF - POLOVTSEV, SERA",3454  CLEARVIEW VILLA ,"7, ZONE",532X,5253b,CLOSED,2020-11-12,10:09 AM
176387,Tree Trim,2020-11-12 10:17 AM,Tree Trim Inspection,TREEMAINTENANCE,"BLANCHETTE, PETER",11227  SAGEMEADOW ,"6, ZONE",616B,5750b,CLOSED,2020-11-12,10:17 AM
176388,Tree Trim,2020-11-12 10:28 AM,Tree Trim Inspection,TREEMAINTENANCE,"BLANCHETTE, PETER", 4400 CLAY ST&1400 FASHION ST,"5, ZONE",494T,5456b,CLOSED,2020-11-12,10:28 AM
176389,Tree Stump Grinding,2020-11-12 10:39 AM,Tree Stump Inspection,TREEMAINTENANCE,"BLANCHETTE, PETER",6106  WESTOVER ,"6, ZONE",534Y,5553a,CLOSED,2020-11-12,10:39 AM
176391,Tree Trim,2020-11-12 11:05 AM,Tree Trim Inspection,TREEMAINTENANCE,"BLANCHETTE, PETER",16226  LA AVENIDA ,"5, ZONE",618N,5949d,CLOSED,2020-11-12,11:05 AM
176393,Tree Trim,2020-11-12 11:42 AM,Tree Trim Inspection,TREEMAINTENANCE,"PATINO, ARNULFO", 5500 W OREM DR&13800 S POST OAK RD HOUSTON TX ,"7, ZONE",571L,5151b,CLOSED,2020-11-12,11:42 AM
176394,Tree Trim,2020-11-12 11:43 AM,Tree Trim Inspection,TREEMAINTENANCE,"BLANCHETTE, PETER",4708  OATS ,"5, ZONE",494G,5558c,CLOSED,2020-11-12,11:43 AM
176395,Tree Trim,2020-11-12 12:40 PM,Tree Trim Inspection,TREEMAINTENANCE,"UF - JONES, CODY",1500  CROMWELL ,"4, ZONE",413U,5462a,CLOSED,2020-11-12,12:40 PM
176396,Tree Trim,2020-11-12 01:11 PM,Tree Trim Inspection,TREEMAINTENANCE,"PATINO, ARNULFO",2112  GENTRY ,"4, ZONE",493D,5458c,CLOSED,2020-11-12,01:11 PM
176398,Tree Trim,2020-11-12 01:20 PM,Tree Trim Inspection,TREEMAINTENANCE,"UF - JONES, CODY",1618  FULTON ,"4, ZONE",493H,5458c,CLOSED,2020-11-12,01:20 PM
176399,Tree Removal,2020-11-12 01:37 PM,Tree Removal Inspection,TREEMAINTENANCE,"BLANCHETTE, PETER",12739  CORNING ,"6, ZONE",616D,5850a,CLOSED,2020-11-12,01:37 PM
176400,Tree Trim,2020-11-12 02:51 PM,Tree Trim Inspection,TREEMAINTENANCE,"PATINO, ARNULFO", 9300 FONDREN RD&7000 WANDA LN HOUSTON TX ,"7, ZONE",530V,5054d,CLOSED,2020-11-12,02:51 PM
176401,Tree Trim,2020-11-12 02:52 PM,Tree Trim Inspection,TREEMAINTENANCE,"UF - JONES, CODY",9519  BALSAM ,"4, ZONE",455D,5661b,CLOSED,2020-11-12,02:52 PM
176402,Tree Trim,2020-11-12 03:12 PM,Tree Trim Inspection,TREEMAINTENANCE,"BLANCHETTE, PETER",2110  MANOR GREEN ,"2, ZONE",489T,4856b,CLOSED,2020-11-12,03:12 PM
176404,Tree Trim,2020-11-13 02:48 AM,Tree Trim Inspection,TREEMAINTENANCE,"UF - POLOVTSEV, SERA", 11000 BRAESRIDGE DR&7700 PORTAL DR,"7, ZONE",530Y,5053d,CLOSED,2020-11-13,02:48 AM
176405,Tree Trim,2020-11-13 05:28 AM,Tree Trim Inspection,TREEMAINTENANCE,"UF - POLOVTSEV, SERA",4301  WESTPARK ,"2, ZONE",491Z,5256c,CLOSED,2020-11-13,05:28 AM
176408,Tree Trim,2020-11-13 08:28 AM,Tree Trim Inspection,TREEMAINTENANCE,"UF - POLOVTSEV, SERA",428  HAWTHORNE ,"2, ZONE",493T,5356b,CLOSED,2020-11-13,08:28 AM
176409,Tree Removal,2020-11-13 08:38 AM,Tree Removal Inspection,TREEMAINTENANCE,"PATINO, ARNULFO",726  ALLSTON ,"2, ZONE",492D,5358a,CLOSED,2020-11-13,08:38 AM
176410,Tree Trim,2020-11-13 08:39 AM,Tree Trim Inspection,TREEMAINTENANCE,"UF - JONES, CODY",724  ALLSTON ,"2, ZONE",492D,5358a,CLOSED,2020-11-13,08:39 AM
176411,Tree Trim,2020-11-13 09:36 AM,Tree Trim Inspection,TREEMAINTENANCE,"UF - POLOVTSEV, SERA",6600  CORPORATE ,"2, ZONE",529H,4955d,CLOSED,2020-11-13,09:36 AM
176415,Tree Trim,2020-11-13 11:53 AM,Tree Trim Inspection,TREEMAINTENANCE,"UF - POLOVTSEV, SERA",3374  BOYNTON ,"7, ZONE",572K,5252d,CLOSED,2020-11-13,11:53 AM
176416,Tree Removal,2020-11-13 12:32 PM,Tree Removal Inspection,TREEMAINTENANCE,"UF - POLOVTSEV, SERA",3210  ORANGE ,"4, ZONE",494E,5458d,CLOSED,2020-11-13,12:32 PM
176417,Tree Removal,2020-11-13 12:40 PM,Tree Removal Inspection,TREEMAINTENANCE,"UF - JONES, CODY",6318  HAMBLEN ,"3, ZONE",375W,5564b,CLOSED,2020-11-13,12:40 PM
176418,Tree Removal,2020-11-13 12:44 PM,Tree Removal Inspection,TREEMAINTENANCE,"UF - JONES, CODY",7154  CURRY ,"4, ZONE",454J,5460d,CLOSED,2020-11-13,12:44 PM
176421,Tree Trim,2020-11-13 01:31 PM,Tree Trim Inspection,TREEMAINTENANCE,"UF - POLOVTSEV, SERA",2827 HOHL ST,"4, ZONE",454E,77093,CLOSED,2020-11-13,01:31 PM
176422,Tree Trim,2020-11-13 02:29 PM,Tree Trim Inspection,TREEMAINTENANCE,"UF - JONES, CODY",1103 WALTON ST,"3, ZONE",453X,77009,CLOSED,2020-11-13,02:29 PM
176423,Tree Removal,2020-11-13 03:04 PM,Tree Removal Inspection,TREEMAINTENANCE,"UF - POLOVTSEV, SERA",6509 EASTLAND ST,"4, ZONE",455P,77028,CLOSED,2020-11-13,03:04 PM
176424,Tree Trim,2020-11-13 06:25 PM,Tree Trim Inspection,TREEMAINTENANCE,"UF - POLOVTSEV, SERA",8500 CHIMNEY ROCK RD,"7, ZONE",531P,77096,CLOSED,2020-11-13,06:25 PM
176425,Tree Removal,2020-11-14 03:55 AM,Tree Removal Inspection,TREEMAINTENANCE,"PATINO, ARNULFO", 300 W POLK ST&1200 STANFORD ST,"2, ZONE",493N,5357d,CLOSED,2020-11-14,03:55 AM
176426,Tree Removal,2020-11-14 03:56 AM,Tree Removal Inspection,TREEMAINTENANCE,"PATINO, ARNULFO", 300 W POLK ST&1200 STANFORD ST,"2, ZONE",493N,5357d,CLOSED,2020-11-14,03:56 AM
176427,Tree Code Violation,2020-11-14 03:58 AM,Tree Code Violation Inspection,TREEPROTECTION,"UF - BURKES, JEREMY", 300 W POLK ST&1200 STANFORD ST,"2, ZONE",493N,5357d,CLOSED,2020-11-14,03:58 AM
176428,Tree Removal,2020-11-14 10:52 AM,Tree Removal Inspection,TREEMAINTENANCE,"UF - POLOVTSEV, SERA",4922  PRAIRIE RIDGE ,"7, ZONE",611C,5150d,CLOSED,2020-11-14,10:52 AM
176429,Tree Removal,2020-11-14 12:05 PM,Tree Removal Inspection,TREEMAINTENANCE,"BLANCHETTE, PETER",9651 MEADOWBRIAR LN,"2, ZONE",490W,4956d,CLOSED,2020-11-14,12:05 PM
176430,Tree Removal,2020-11-14 12:42 PM,Tree Removal Inspection,TREEMAINTENANCE,"UF - POLOVTSEV, SERA",1816  BANKS ,"7, ZONE",492Z,5356c,CLOSED,2020-11-14,12:42 PM
176431,Tree Removal,2020-11-15 12:11 AM,Tree Removal Inspection,TREEMAINTENANCE,"UF - JONES, CODY",1117  COLUMBIA ,"3, ZONE",453W,5358a,CLOSED,2020-11-15,12:11 AM
176432,Tree Removal,2020-11-15 07:19 AM,Tree Removal Inspection,TREEMAINTENANCE,"UF - POLOVTSEV, SERA", 5000 GREENBRIAR DR&2300 ROBINHOOD ST,"7, ZONE",532C,5255b,CLOSED,2020-11-15,07:19 AM
176433,Tree Removal,2020-11-15 08:16 AM,Tree Removal Inspection,TREEMAINTENANCE,"UF - JONES, CODY",3410  ALMINGTON ,"3, ZONE",411V,5162d,CLOSED,2020-11-15,08:16 AM
176434,Tree Trim,2020-11-15 08:32 AM,Tree Trim Inspection,TREEMAINTENANCE,"BLANCHETTE, PETER",11306  MURR ,"6, ZONE",573M,5452d,CLOSED,2020-11-15,08:32 AM
176435,Tree Removal,2020-11-15 09:17 AM,Tree Removal Inspection,TREEMAINTENANCE,"UF - POLOVTSEV, SERA",2319  TANGLEY ,"7, ZONE",532C,5255b,CLOSED,2020-11-15,09:17 AM
176436,Tree Trim,2020-11-15 11:16 AM,Tree Trim Inspection,TREEMAINTENANCE,"UF - POLOVTSEV, SERA",1649  HAROLD ,"2, ZONE",492V,5356a,CLOSED,2020-11-15,11:16 AM
176440,Tree Removal,2020-11-16 10:17 AM,Tree Removal Inspection,TREEMAINTENANCE,"UF - POLOVTSEV, SERA", 7300 BROWNSVILLE ST&418 PORT ST,"4, ZONE",495A,5558b,CLOSED,2020-11-16,10:17 AM
176441,Tree Trim,2020-11-16 11:00 AM,Tree Trim Inspection,TREEMAINTENANCE,"UF - POLOVTSEV, SERA",9640 S WILCREST ,"2, ZONE",529U,4953a,CLOSED,2020-11-16,11:00 AM
176442,Tree Trim,2020-11-16 11:15 AM,Tree Trim Inspection,TREEMAINTENANCE,"BLANCHETTE, PETER",4915  KELSO ,"6, ZONE",534N,5454b,CLOSED,2020-11-16,11:15 AM
176443,Tree Trim,2020-11-16 02:10 PM,Tree Trim Inspection,TREEMAINTENANCE,"UF - POLOVTSEV, SERA", 14800 BATHURST DR&3900 SMOOTH OAK LN,"7, ZONE",572S,5251d,CLOSED,2020-11-16,02:10 PM
176445,Tree Trim,2020-11-16 02:13 PM,Tree Trim Inspection,TREEMAINTENANCE,"BLANCHETTE, PETER",7514  DIXIE ,"6, ZONE",535S,5554d,CLOSED,2020-11-16,02:13 PM
176447,Tree Removal,2020-11-16 02:42 PM,Tree Removal Inspection,TREEMAINTENANCE,"UF - JONES, CODY",1117  COLUMBIA ,"3, ZONE",453W,5358a,CLOSED,2020-11-16,02:42 PM
176453,Tree Trim,2020-11-16 10:23 PM,Tree Trim Inspection,TREEMAINTENANCE,"UF - POLOVTSEV, SERA",2625  REED ,"7, ZONE",573A,5353d,CLOSED,2020-11-16,10:23 PM
176455,Tree Trim,2020-11-17 07:25 AM,Tree Trim Inspection,TREEMAINTENANCE,"BLANCHETTE, PETER", 932 RAMADA DR&16600 SEA LARK RD,"5, ZONE",618P,6049c,CLOSED,2020-11-17,07:25 AM
176456,Tree Trim,2020-11-17 07:50 AM,Tree Trim Inspection,TREEMAINTENANCE,"UF - POLOVTSEV, SERA",10515  MAIN ,"7, ZONE",532T,5253b,CLOSED,2020-11-17,07:50 AM
176457,Tree Trim,2020-11-17 08:07 AM,Tree Trim Inspection,TREEMAINTENANCE,"PATINO, ARNULFO",5690 RANKIN RD,"4, ZONE",374F,77032,CLOSED,2020-11-17,08:07 AM
176458,Tree Trim,2020-11-17 08:08 AM,Tree Trim Inspection,TREEMAINTENANCE,"PATINO, ARNULFO",16825 JHON F KENNEDY HOUSTON TX ,"4, ZONE",374K,5466d,CLOSED,2020-11-17,08:08 AM
176462,Tree Trim,2020-11-17 10:50 AM,Tree Trim Inspection,TREEMAINTENANCE,"UF - POLOVTSEV, SERA",3211  ROCKYRIDGE ,"2, ZONE",490X,5056c,CLOSED,2020-11-17,10:50 AM
176467,Tree Removal,2020-11-17 01:51 PM,Tree Removal Inspection,TREEMAINTENANCE,"BLANCHETTE, PETER",2103  FLAGSTONE ,"5, ZONE",536S,5754c,CLOSED,2020-11-17,01:51 PM
176468,Tree Trim,2020-11-17 06:03 PM,Tree Trim Inspection,TREEMAINTENANCE,"PATINO, ARNULFO",7327 DARIEN ST,"4, ZONE",454M,77028,CLOSED,2020-11-17,06:03 PM
176475,Tree Removal,2020-11-18 10:00 AM,Tree Removal Inspection,TREEMAINTENANCE,"PATINO, ARNULFO",8025 CHATEAU ST,"4, ZONE",455P,77028,CLOSED,2020-11-18,10:00 AM
176476,Tree Trim,2020-11-18 10:10 AM,Tree Trim Inspection,TREEMAINTENANCE,"UF - POLOVTSEV, SERA", 12600 ASHCLIFT DR&3100 ASHLOCK DR,"2, ZONE",488Z,4856c,CLOSED,2020-11-18,10:10 AM
176478,Tree Trim,2020-11-18 10:17 AM,Tree Trim Inspection,TREEMAINTENANCE,"PATINO, ARNULFO",10614 BENTLEY ST,"4, ZONE",414X,77093,CLOSED,2020-11-18,10:17 AM
176480,Tree Trim,2020-11-18 10:51 AM,Tree Trim Inspection,TREEMAINTENANCE,"UF - POLOVTSEV, SERA", 200 QUITMAN ST&2300 SOUTH ST,"4, ZONE",493G,5458c,CLOSED,2020-11-18,10:51 AM
176481,Tree Trim,2020-11-18 11:33 AM,Tree Trim Inspection,TREEMAINTENANCE,"UF - POLOVTSEV, SERA",4411  NOBLE ,"4, ZONE",494B,5558a,CLOSED,2020-11-18,11:33 AM
176482,Tree Trim,2020-11-18 11:38 AM,Tree Trim Inspection,TREEMAINTENANCE,"BLANCHETTE, PETER",10126  KIRKDALE ,"6, ZONE",576X,5751d,CLOSED,2020-11-18,11:38 AM
176483,Tree Trim,2020-11-18 11:50 AM,Tree Trim Inspection,TREEMAINTENANCE,"UF - POLOVTSEV, SERA",410  HOFFMAN ,"4, ZONE",494D,5558a,CLOSED,2020-11-18,11:50 AM
176484,Tree Trim,2020-11-18 12:32 PM,Tree Trim Inspection,TREEMAINTENANCE,"UF - JONES, CODY",7902  SINFONIA ,"3, ZONE",410J,4962b,CLOSED,2020-11-18,12:32 PM
176488,Tree Removal,2020-11-18 02:40 PM,Tree Removal Inspection,TREEMAINTENANCE,"UF - JONES, CODY",3401 N SHEPHERD ,"3, ZONE",452R,5260d,CLOSED,2020-11-18,02:40 PM
176490,Tree Trim,2020-11-18 03:18 PM,Tree Trim Inspection,TREEMAINTENANCE,"BLANCHETTE, PETER",1046  EASTLAKE ,"5, ZONE",576E,5752a,CLOSED,2020-11-18,03:18 PM
176491,Tree Trim,2020-11-18 04:51 PM,Tree Trim Inspection,TREEMAINTENANCE,"UF - POLOVTSEV, SERA",12222  BISSONNET ,"2, ZONE",529S,4853b,CLOSED,2020-11-18,04:51 PM
176492,Tree Trim,2020-11-18 06:39 PM,Tree Trim Inspection,TREEMAINTENANCE,"UF - JONES, CODY",3901  PINEMONT ,"3, ZONE",452E,5260a,CLOSED,2020-11-18,06:39 PM
176493,Tree Trim,2020-11-19 04:44 AM,Tree Trim Inspection,TREEMAINTENANCE,"UF - POLOVTSEV, SERA",10719  CHEVY CHASE ,"2, ZONE",489U,4956a,CLOSED,2020-11-19,04:44 AM
176494,Tree Trim,2020-11-19 05:05 AM,Tree Trim Inspection,TREEMAINTENANCE,"UF - POLOVTSEV, SERA",301 E COWAN ,"2, ZONE",492K,5257b,CLOSED,2020-11-19,05:05 AM
176498,Tree Trim,2020-11-19 08:58 AM,Tree Trim Inspection,TREEMAINTENANCE,"UF - POLOVTSEV, SERA",4400  EIGEL ,"2, ZONE",492H,5358c,CLOSED,2020-11-19,08:58 AM
176499,Tree Trim,2020-11-19 09:02 AM,Tree Trim Inspection,TREEMAINTENANCE,"UF - POLOVTSEV, SERA",124  LITTLE YORK ,"4, ZONE",413T,5362d,CLOSED,2020-11-19,09:02 AM
176501,Tree Removal,2020-11-19 11:53 AM,Tree Removal Inspection,TREEMAINTENANCE,"UF - JONES, CODY",9001  KEMPWOOD ,"3, ZONE",450Q,5059a,CLOSED,2020-11-19,11:53 AM
176502,Tree Removal,2020-11-19 03:13 PM,Tree Removal Inspection,TREEMAINTENANCE,"UF - JONES, CODY",10006  CEDARDALE ,"3, ZONE",450W,4958b,CLOSED,2020-11-19,03:13 PM
176503,Tree Removal,2020-11-19 03:51 PM,Tree Removal Inspection,TREEMAINTENANCE,"BLANCHETTE, PETER",7607  FIR ,"5, ZONE",535F,5655a,CLOSED,2020-11-19,03:51 PM
176505,Tree Trim,2020-11-19 05:06 PM,Tree Trim Inspection,TREEMAINTENANCE,"UF - JONES, CODY",3303  THEYSEN ,"3, ZONE",450L,5060c,CLOSED,2020-11-19,05:06 PM
176510,Tree Trim,2020-11-20 07:41 AM,Tree Trim Inspection,TREEMAINTENANCE,"BLANCHETTE, PETER",13210  LAND ,"6, ZONE",573P,5451a,CLOSED,2020-11-20,07:41 AM
176513,Tree Removal,2020-11-20 09:20 AM,Tree Removal Inspection,TREEMAINTENANCE,"BLANCHETTE, PETER",643  SHAWNEE ,"5, ZONE",576F,5752a,CLOSED,2020-11-20,09:20 AM
176515,Tree Removal,2020-11-20 10:21 AM,Tree Removal Inspection,TREEMAINTENANCE,"UF - JONES, CODY", 100 E 11TH ST&100 W 11TH ST&1100 HEIGHTS BLVD,"3, ZONE",453W,5358a,CLOSED,2020-11-20,10:21 AM
176516,Tree Removal,2020-11-20 11:06 AM,Tree Removal Inspection,TREEMAINTENANCE,"UF - JONES, CODY",4934  BROOM ,"3, ZONE",451G,5160b,CLOSED,2020-11-20,11:06 AM
176517,Tree Removal,2020-11-20 11:46 AM,Tree Removal Inspection,TREEMAINTENANCE,"UF - POLOVTSEV, SERA",503  MARIE ,"4, ZONE",493G,5458c,CLOSED,2020-11-20,11:46 AM
176518,Tree Removal,2020-11-20 12:23 PM,Tree Removal Inspection,TREEMAINTENANCE,"UF - JONES, CODY",2771  ESSEX ,"2, ZONE",492S,5256a,CLOSED,2020-11-20,12:23 PM
176521,Tree Removal,2020-11-20 09:45 PM,Tree Removal Inspection,TREEMAINTENANCE,"UF - POLOVTSEV, SERA", 4100 HILLCROFT AVE&7700 WESTPARK DR,"2, ZONE",530D,5055b,CLOSED,2020-11-20,09:45 PM
176522,Tree Trim,2020-11-20 10:22 PM,Tree Trim Inspection,TREEMAINTENANCE,"UF - JONES, CODY",821 W 30TH ,"3, ZONE",452Q,5259b,CLOSED,2020-11-20,10:22 PM
176523,Tree Removal,2020-11-21 05:58 AM,Tree Removal Inspection,TREEMAINTENANCE,"UF - POLOVTSEV, SERA",2000 N MACGREGOR ,"7, ZONE",533E,5355d,CLOSED,2020-11-21,05:58 AM
176528,Tree Trim,2020-11-23 08:48 AM,Tree Trim Inspection,TREEMAINTENANCE,"UF - POLOVTSEV, SERA",12703  CORONA ,"2, ZONE",528M,4854a,CLOSED,2020-11-23,08:48 AM
176529,Tree Trim,2020-11-23 10:29 AM,Tree Trim Inspection,TREEMAINTENANCE,"UF - POLOVTSEV, SERA", 1300 FRAWLEY ST&4600 GANO ST,"4, ZONE",453V,5459c,CLOSED,2020-11-23,10:29 AM
176531,Tree Removal,2020-11-23 10:44 AM,Tree Removal Inspection,TREEMAINTENANCE,"UF - POLOVTSEV, SERA",4909  CRAWFORD ,"7, ZONE",493X,5356d,CLOSED,2020-11-23,10:44 AM
176533,Tree Removal,2020-11-23 11:50 AM,Tree Removal Inspection,TREEMAINTENANCE,"UF - JONES, CODY",6908  APOLLO ,"3, ZONE",412X,5261a,CLOSED,2020-11-23,11:50 AM
176534,Tree Trim,2020-11-23 12:06 PM,Tree Trim Inspection,TREEMAINTENANCE,"UF - JONES, CODY",1529 INDIANA ST&2100 YUPON ST,"2, ZONE",492R,5357c,CLOSED,2020-11-23,12:06 PM
176535,Tree Trim,2020-11-23 02:34 PM,Tree Trim Inspection,TREEMAINTENANCE,"UF - JONES, CODY",221 E 30TH ,"3, ZONE",453N,5359a,CLOSED,2020-11-23,02:34 PM
176536,Tree Planting,2020-11-23 02:49 PM,Tree Planting Inspection,TREEPROTECTION,"PATINO, ARNULFO",5711  DUMFRIES ,"7, ZONE",531S,5153a,CLOSED,2020-11-23,02:49 PM
176537,Tree Trim,2020-11-23 02:53 PM,Tree Trim Inspection,TREEMAINTENANCE,"UF - POLOVTSEV, SERA",4823  COURT ,"7, ZONE",611C,5150d,CLOSED,2020-11-23,02:53 PM
176541,Tree Trim,2020-11-24 06:04 AM,Tree Trim Inspection,TREEMAINTENANCE,"UF - POLOVTSEV, SERA",11019  HILLCROFT ,"7, ZONE",531W,5153c,CLOSED,2020-11-24,06:04 AM
176542,Tree Trim,2020-11-24 07:03 AM,Tree Trim Inspection,TREEMAINTENANCE,"UF - JONES, CODY", 1300 FRAWLEY ST&4600 GANO ST,"4, ZONE",453V,5459c,CLOSED,2020-11-24,07:03 AM
176543,Tree Trim,2020-11-24 07:09 AM,Tree Trim Inspection,TREEMAINTENANCE,"UF - POLOVTSEV, SERA", 1300 FRAWLEY ST&4600 GANO ST,"4, ZONE",453V,5459c,CLOSED,2020-11-24,07:09 AM
176546,Tree Trim,2020-11-24 08:18 AM,Tree Trim Inspection,TREEMAINTENANCE,"BLANCHETTE, PETER",7220  AVENUE L ,"5, ZONE",495S,5556b,CLOSED,2020-11-24,08:18 AM
176547,Tree Removal,2020-11-24 10:01 AM,Tree Removal Inspection,TREEMAINTENANCE,"BLANCHETTE, PETER",7634  ERATH ,"5, ZONE",535A,5556d,CLOSED,2020-11-24,10:01 AM
176548,Tree Trim,2020-11-24 11:48 AM,Tree Trim Inspection,TREEMAINTENANCE,"BLANCHETTE, PETER", 3003 ALTUS DR,"6, ZONE",573K,5352d,CLOSED,2020-11-24,11:48 AM
176549,Tree Removal,2020-11-24 01:15 PM,Tree Removal Inspection,TREEMAINTENANCE,"UF - POLOVTSEV, SERA",11101  GESSNER (MARIAN PARK),"7, ZONE",530X,5053c,CLOSED,2020-11-24,01:15 PM
176551,Tree Trim,2020-11-24 01:27 PM,Tree Trim Inspection,TREEMAINTENANCE,"UF - POLOVTSEV, SERA",12000 7TH ST,"2, ZONE",529A,77072,CLOSED,2020-11-24,01:27 PM
176559,Tree Trim,2020-11-25 07:15 AM,Tree Trim Inspection,TREEMAINTENANCE,"BLANCHETTE, PETER",208 N PALMER ST,"5, ZONE",494N,5457d,CLOSED,2020-11-25,07:15 AM
176560,Tree Trim,2020-11-25 09:23 AM,Tree Trim Inspection,TREEMAINTENANCE,"UF - POLOVTSEV, SERA", 9600 BEVERLY HILL ST&3276 S GESSNER RD,"2, ZONE",490W,4956d,CLOSED,2020-11-25,09:23 AM
176561,Tree Trim,2020-11-25 09:50 AM,Tree Trim Inspection,TREEMAINTENANCE,"UF - POLOVTSEV, SERA",424  CRESTWOOD ,"2, ZONE",492F,5257b,CLOSED,2020-11-25,09:50 AM
176567,Tree Removal,2020-11-25 01:00 PM,Tree Removal Inspection,TREEMAINTENANCE,"UF - POLOVTSEV, SERA", 11500 RICHMOND AVE&3100 WOODLAND PARK DR,"2, ZONE",489X,4856d,CLOSED,2020-11-25,01:00 PM
176568,Tree Trim,2020-11-25 03:01 PM,Tree Trim Inspection,TREEMAINTENANCE,"UF - POLOVTSEV, SERA",4303  WILLOW BEACH ,"2, ZONE",529F,4855d,CLOSED,2020-11-25,03:01 PM
176569,Tree Trim,2020-11-26 02:14 PM,Tree Trim Inspection,TREEMAINTENANCE,"UF - JONES, CODY",3507  COLLEEN WOODS ,"3, ZONE",450M,5060d,CLOSED,2020-11-26,02:14 PM
176570,Tree Trim,2020-11-26 04:03 PM,Tree Trim Inspection,TREEMAINTENANCE,"BLANCHETTE, PETER",4111  KEWANEE ,"6, ZONE",533Y,5453a,CLOSED,2020-11-26,04:03 PM
176571,Tree Trim,2020-11-27 12:45 AM,Tree Trim Inspection,TREEMAINTENANCE,"UF - POLOVTSEV, SERA", 396 W LOOP FWY N&8596 MEMORIAL DR,"2, ZONE",491H,5158d,CLOSED,2020-11-27,12:45 AM
176572,Tree Trim,2020-11-27 09:59 AM,Tree Trim Inspection,TREEMAINTENANCE,"PATINO, ARNULFO",13434 TOWNWOOD DR,"7, ZONE",572K,77045,CLOSED,2020-11-27,09:59 AM
176573,Tree Trim,2020-11-27 10:18 AM,Tree Trim Inspection,TREEMAINTENANCE,"UF - POLOVTSEV, SERA",3118  SAN JACINTO ,"2, ZONE",493T,5356b,CLOSED,2020-11-27,10:18 AM
176574,Tree Trim,2020-11-27 11:40 AM,Tree Trim Inspection,TREEMAINTENANCE,"BLANCHETTE, PETER",7323  KRUEGER ,"6, ZONE",534S,5454d,CLOSED,2020-11-27,11:40 AM
176575,Tree Trim,2020-11-27 03:08 PM,Tree Trim Inspection,TREEMAINTENANCE,"UF - POLOVTSEV, SERA",2016  WELLINGTON ,"4, ZONE",413Z,5461a,CLOSED,2020-11-27,03:08 PM
176576,Tree Removal,2020-11-27 04:05 PM,Tree Removal Inspection,TREEMAINTENANCE,"UF - JONES, CODY",6602  MAYBANK ,"3, ZONE",451U,5159d,CLOSED,2020-11-27,04:05 PM
176577,Tree Removal,2020-11-28 10:46 AM,Tree Removal Inspection,TREEMAINTENANCE,"BLANCHETTE, PETER",5845 SOUTHLEA ST,"6, ZONE",534P,77033,CLOSED,2020-11-28,10:46 AM
176578,Tree Trim,2020-11-28 02:36 PM,Tree Trim Inspection,TREEMAINTENANCE,"BLANCHETTE, PETER",7150 JAPONICA ST,"5, ZONE",535E,5555b,CLOSED,2020-11-28,02:36 PM
176579,Tree Removal,2020-11-28 05:35 PM,Tree Removal Inspection,TREEMAINTENANCE,"UF - POLOVTSEV, SERA",12619  ASHFORD HILLS ,"2, ZONE",488R,4856a,CLOSED,2020-11-28,05:35 PM
176580,Tree Removal,2020-11-28 06:17 PM,Tree Removal Inspection,TREEMAINTENANCE,"UF - POLOVTSEV, SERA",7002  ROSWELL ,"4, ZONE",453Q,5360d,CLOSED,2020-11-28,06:17 PM
176581,Tree Removal,2020-11-29 08:22 AM,Tree Removal Inspection,TREEMAINTENANCE,"UF - POLOVTSEV, SERA",12619  ASHFORD HILLS ,"2, ZONE",488R,4856a,CLOSED,2020-11-29,08:22 AM
176583,Tree Trim,2020-11-30 09:37 AM,Tree Trim Inspection,TREEMAINTENANCE,"UF - JONES, CODY",7302  RIDGE OAK ,"3, ZONE",411P,5162c,CLOSED,2020-11-30,09:37 AM
176585,Tree Removal,2020-11-30 10:47 AM,Tree Removal Inspection,TREEMAINTENANCE,"BLANCHETTE, PETER",4701  ANDERSON ,"7, ZONE",571V,5250a,CLOSED,2020-11-30,10:47 AM
176586,Tree Removal,2020-11-30 11:12 AM,Tree Removal Inspection,TREEMAINTENANCE,"UF - JONES, CODY",4826  DE MILO ,"3, ZONE",451G,5160b,CLOSED,2020-11-30,11:12 AM
176587,Tree Removal,2020-11-30 11:51 AM,Tree Removal Inspection,TREEMAINTENANCE,"UF - POLOVTSEV, SERA",7019  LACY HILL ,"2, ZONE",530E,4955d,CLOSED,2020-11-30,11:51 AM
176588,Tree Removal,2020-11-30 12:42 PM,Tree Removal Inspection,TREEMAINTENANCE,"BLANCHETTE, PETER",4801  AVENUE H ,"5, ZONE",494P,5557c,CLOSED,2020-11-30,12:42 PM
176589,Tree Removal,2020-11-30 01:18 PM,Tree Removal Inspection,TREEMAINTENANCE,"UF - POLOVTSEV, SERA",908  KIPLING ,"2, ZONE",493S,5356a,CLOSED,2020-11-30,01:18 PM
176590,Tree Trim,2020-11-30 02:26 PM,Tree Trim Inspection,TREEMAINTENANCE,"BLANCHETTE, PETER",8560  GULF ,"6, ZONE",535Y,5653b,CLOSED,2020-11-30,02:26 PM
176591,Tree Trim,2020-11-30 02:33 PM,Tree Trim Inspection,TREEMAINTENANCE,"UF - JONES, CODY",4315  HAIN ,"4, ZONE",453Y,5459c,CLOSED,2020-11-30,02:33 PM
176593,Tree Trim,2020-11-30 03:28 PM,Tree Trim Inspection,TREEMAINTENANCE,"UF - POLOVTSEV, SERA",3737  SYNOTT ,"2, ZONE",528C,4855a,CLOSED,2020-11-30,03:28 PM
176597,Tree Trim,2020-12-01 07:13 AM,Tree Trim Inspection,TREEMAINTENANCE,"UF - POLOVTSEV, SERA", 8300 LANGDON LN&7900 MARY BATES BLVD,"2, ZONE",530K,5054a,CLOSED,2020-12-01,07:13 AM
176598,Tree Trim,2020-12-01 09:34 AM,Tree Trim Inspection,TREEMAINTENANCE,"UF - POLOVTSEV, SERA",13245  FONDREN ,"7, ZONE",570M,5051b,CLOSED,2020-12-01,09:34 AM
176599,Tree Removal,2020-12-01 09:53 AM,Tree Removal Inspection,TREEMAINTENANCE,"BLANCHETTE, PETER",3602  TRAILWOOD ,"6, ZONE",534K,5555c,CLOSED,2020-12-01,09:53 AM
176601,Tree Removal,2020-12-01 10:58 AM,Tree Removal Inspection,TREEMAINTENANCE,"UF - POLOVTSEV, SERA",3801  KOEHLER ,"2, ZONE",492H,5358c,CLOSED,2020-12-01,10:58 AM
176602,Tree Stump Grinding,2020-12-01 11:21 AM,Tree Stump Inspection,TREEMAINTENANCE,"UF - JONES, CODY",4036  CASTOR ,"3, ZONE",453J,5360c,CLOSED,2020-12-01,11:21 AM
176603,Tree Trim,2020-12-01 11:24 AM,Tree Trim Inspection,TREEMAINTENANCE,"UF - JONES, CODY",4036  CASTOR ,"3, ZONE",453J,5360c,CLOSED,2020-12-01,11:24 AM
176604,Tree Removal,2020-12-01 11:47 AM,Tree Removal Inspection,TREEMAINTENANCE,"UF - JONES, CODY",6603  MAYBANK ,"3, ZONE",451U,5159d,CLOSED,2020-12-01,11:47 AM
176605,Tree Removal,2020-12-01 12:19 PM,Tree Removal Inspection,TREEMAINTENANCE,"BLANCHETTE, PETER",2218  ANN ,"5, ZONE",494J,5457b,CLOSED,2020-12-01,12:19 PM
176606,Tree Removal,2020-12-01 12:23 PM,Tree Removal Inspection,TREEMAINTENANCE,"UF - JONES, CODY",8218  AVERT ,"3, ZONE",412Q,5262b,CLOSED,2020-12-01,12:23 PM
176608,Tree Removal,2020-12-01 03:05 PM,Tree Removal Inspection,TREEMAINTENANCE,"UF - POLOVTSEV, SERA",13800  WESTERLOCH ,"2, ZONE",488K,4757d,CLOSED,2020-12-01,03:05 PM
176610,Tree Removal,2020-12-01 04:32 PM,Tree Removal Inspection,TREEMAINTENANCE,"UF - JONES, CODY",4216  AIRLINE ,"3, ZONE",453K,5360d,CLOSED,2020-12-01,04:32 PM
176611,Tree Removal,2020-12-01 04:56 PM,Tree Removal Inspection,TREEMAINTENANCE,"UF - POLOVTSEV, SERA",15534  WINTER BRIAR ,"7, ZONE",571X,5150a,CLOSED,2020-12-01,04:56 PM
176612,Tree Removal,2020-12-01 05:02 PM,Tree Removal Inspection,TREEMAINTENANCE,"UF - BURKES, JEREMY", 2500 FOREST GARDEN DR&4800 KINGWOOD DR,"4, ZONE",337C,5870c,CLOSED,2020-12-01,05:02 PM
176617,Tree Removal,2020-12-02 10:02 AM,Tree Removal Inspection,TREEMAINTENANCE,"BLANCHETTE, PETER",13210  LAND ,"6, ZONE",573P,5451a,CLOSED,2020-12-02,10:02 AM
176618,Tree Trim,2020-12-02 10:11 AM,Tree Trim Inspection,TREEMAINTENANCE,"UF - JONES, CODY", 7400 ANTOINE DR&7400 DEEP FOREST DR&5700 MAPLE HILL DR,"3, ZONE",411U,5162c,CLOSED,2020-12-02,10:11 AM
176619,Tree Stump Grinding,2020-12-02 11:59 AM,Tree Stump Inspection,TREEMAINTENANCE,"UF - POLOVTSEV, SERA",3103  VIRGINIA ,"2, ZONE",492U,5256b,CLOSED,2020-12-02,11:59 AM
176620,Tree Trim,2020-12-02 12:05 PM,Tree Trim Inspection,TREEMAINTENANCE,"BLANCHETTE, PETER", 3300 FRANCIS ST&3326 NETTLETON ST,"6, ZONE",493Z,5456c,CLOSED,2020-12-02,12:05 PM
176624,Tree Trim,2020-12-02 02:09 PM,Tree Trim Inspection,TREEMAINTENANCE,"UF - POLOVTSEV, SERA",4807  WEAVER ,"4, ZONE",454L,5560a,CLOSED,2020-12-02,02:09 PM
176625,Tree Trim,2020-12-02 02:23 PM,Tree Trim Inspection,TREEMAINTENANCE,"UF - POLOVTSEV, SERA",7203  FINCH ,"4, ZONE",454M,5560b,CLOSED,2020-12-02,02:23 PM
176626,Tree Trim,2020-12-02 02:43 PM,Tree Trim Inspection,TREEMAINTENANCE,"UF - POLOVTSEV, SERA",5603  PORTAL ,"7, ZONE",531W,5153c,CLOSED,2020-12-02,02:43 PM
176627,Tree Trim,2020-12-02 02:54 PM,Tree Trim Inspection,TREEMAINTENANCE,"UF - POLOVTSEV, SERA", 3120 ARKANSAS ST&3300 ROLAND ST,"4, ZONE",454W,5458b,CLOSED,2020-12-02,02:54 PM
176628,Tree Trim,2020-12-02 03:32 PM,Tree Trim Inspection,TREEMAINTENANCE,"UF - POLOVTSEV, SERA",8618  FERRIS ,"7, ZONE",531P,5154d,CLOSED,2020-12-02,03:32 PM
176629,Tree Trim,2020-12-02 04:42 PM,Tree Trim Inspection,TREEMAINTENANCE,"UF - POLOVTSEV, SERA",15534  WINTER BRIAR ,"7, ZONE",571X,5150a,CLOSED,2020-12-02,04:42 PM
176630,Tree Removal,2020-12-03 08:12 AM,Tree Removal Inspection,TREEMAINTENANCE,"UF - POLOVTSEV, SERA",15827  IRONFORK ,"7, ZONE",571X,5150b,CLOSED,2020-12-03,08:12 AM
176635,Tree Removal,2020-12-03 08:55 AM,Tree Removal Inspection,TREEMAINTENANCE,"BLANCHETTE, PETER",2307  TIERWESTER ,"6, ZONE",493Z,5456a,CLOSED,2020-12-03,08:55 AM
176638,Tree Code Violation,2020-12-03 09:43 AM,Tree Code Violation Inspection,TREEPROTECTION,"UF - JONES, CODY",1222  COLUMBIA ,"3, ZONE",453W,5358a,CLOSED,2020-12-03,09:43 AM
176639,Tree Removal,2020-12-03 10:02 AM,Tree Removal Inspection,TREEMAINTENANCE,"UF - JONES, CODY",1516  STORY ,"3, ZONE",451Y,5159d,CLOSED,2020-12-03,10:02 AM
176640,Tree Removal,2020-12-03 10:35 AM,Tree Removal Inspection,TREEMAINTENANCE,"BLANCHETTE, PETER",7521  AVENUE F ,"5, ZONE",495W,5556b,CLOSED,2020-12-03,10:35 AM
176641,Tree Trim,2020-12-03 10:41 AM,Tree Trim Inspection,TREEMAINTENANCE,"BLANCHETTE, PETER",7301  AVENUE F ,"5, ZONE",495S,5556b,CLOSED,2020-12-03,10:41 AM
176642,Tree Trim,2020-12-03 12:41 PM,Tree Trim Inspection,TREEMAINTENANCE,"UF - POLOVTSEV, SERA",9662  BEVERLY HILL ,"2, ZONE",490W,4956d,CLOSED,2020-12-03,12:41 PM
176643,Tree Trim,2020-12-03 01:31 PM,Tree Trim Inspection,TREEMAINTENANCE,"UF - POLOVTSEV, SERA",5219  EIGEL ,"2, ZONE",492G,5258d,CLOSED,2020-12-03,01:31 PM
176644,Tree Trim,2020-12-03 01:47 PM,Tree Trim Inspection,TREEMAINTENANCE,"UF - POLOVTSEV, SERA", 10800 STELLA LINK RD&4000 WILLOWBEND BLVD,"7, ZONE",532W,5253a,CLOSED,2020-12-03,01:47 PM
176645,Tree Trim,2020-12-03 02:06 PM,Tree Trim Inspection,TREEMAINTENANCE,"BLANCHETTE, PETER",3511  ASKEW ,"6, ZONE",534L,5555c,CLOSED,2020-12-03,02:06 PM
176646,Tree Removal,2020-12-03 03:06 PM,Tree Removal Inspection,TREEMAINTENANCE,"UF - POLOVTSEV, SERA",14522  ZENITH ,"7, ZONE",572T,5251d,CLOSED,2020-12-03,03:06 PM
176647,Tree Removal,2020-12-03 03:08 PM,Tree Removal Inspection,TREEMAINTENANCE,"UF - JONES, CODY",2607  BEVIS ,"3, ZONE",452U,5259b,CLOSED,2020-12-03,03:08 PM
176648,Tree Trim,2020-12-03 03:48 PM,Tree Trim Inspection,TREEMAINTENANCE,"UF - JONES, CODY",6706  LODGE ,"3, ZONE",451J,5060d,CLOSED,2020-12-03,03:48 PM
176653,Tree Trim,2020-12-03 06:18 PM,Tree Trim Inspection,TREEMAINTENANCE,"BLANCHETTE, PETER", 12450 CULLEN BLVD&4400 E OREM DR,"6, ZONE",573M,5452c,CLOSED,2020-12-03,06:18 PM
176654,Tree Trim,2020-12-04 03:00 AM,Tree Trim Inspection,TREEMAINTENANCE,"UF - POLOVTSEV, SERA",456  CHEATHAM ,"4, ZONE",298Y,5970b,CLOSED,2020-12-04,03:00 AM
176655,Tree Trim,2020-12-04 03:02 AM,Tree Trim Inspection,TREEMAINTENANCE,"UF - POLOVTSEV, SERA",348  MAGNOLIA ,"4, ZONE",298X,5970a,CLOSED,2020-12-04,03:02 AM
176657,Tree Trim,2020-12-04 09:19 AM,Tree Trim Inspection,TREEMAINTENANCE,"UF - POLOVTSEV, SERA",1908  RICHMOND ,"2, ZONE",492Z,5356c,CLOSED,2020-12-04,09:19 AM
176659,Tree Trim,2020-12-04 11:33 AM,Tree Trim Inspection,TREEMAINTENANCE,"UF - JONES, CODY",13403  FOREST PINES VILLAGE ,"3, ZONE",372K,5266c,CLOSED,2020-12-04,11:33 AM
176660,Tree Trim,2020-12-04 01:28 PM,Tree Trim Inspection,TREEMAINTENANCE,"UF - JONES, CODY",809  MERRILL ,"3, ZONE",493B,5358b,CLOSED,2020-12-04,01:28 PM
176661,Tree Trim,2020-12-04 02:12 PM,Tree Trim Inspection,TREEMAINTENANCE,"UF - POLOVTSEV, SERA", 13300 BRIAR FOREST DR&1700 ELDRIDGE PKWY,"2, ZONE",488K,4757d,CLOSED,2020-12-04,02:12 PM
176662,Tree Trim,2020-12-04 02:13 PM,Tree Trim Inspection,TREEMAINTENANCE,"UF - JONES, CODY",5106  WIPPRECHT ,"4, ZONE",454U,5559a,CLOSED,2020-12-04,02:13 PM
176663,Tree Trim,2020-12-04 02:43 PM,Tree Trim Inspection,TREEMAINTENANCE,"UF - JONES, CODY",1112 E 16TH ,"3, ZONE",453W,5359d,CLOSED,2020-12-04,02:43 PM
176664,Tree Trim,2020-12-04 02:45 PM,Tree Trim Inspection,TREEMAINTENANCE,"UF - JONES, CODY", 1000 E 40TH 1/2 ST&4000 EUROPA ST,"3, ZONE",453N,5360d,CLOSED,2020-12-04,02:45 PM
176668,Tree Trim,2020-12-04 03:54 PM,Tree Trim Inspection,TREEMAINTENANCE,"UF - POLOVTSEV, SERA",5234  SAN PABLO GARDENS ,"7, ZONE",571G,5152b,CLOSED,2020-12-04,03:54 PM
176669,Tree Trim,2020-12-04 09:42 PM,Tree Trim Inspection,TREEMAINTENANCE,"UF - POLOVTSEV, SERA",3120  LAKE ,"2, ZONE",492U,5256b,CLOSED,2020-12-04,09:42 PM
176670,Tree Trim,2020-12-04 10:51 PM,Tree Trim Inspection,TREEMAINTENANCE,"UF - POLOVTSEV, SERA",7915  PRESTWOOD ,"2, ZONE",530B,5055a,CLOSED,2020-12-04,10:51 PM
176671,Tree Trim,2020-12-05 02:34 AM,Tree Trim Inspection,TREEMAINTENANCE,"UF - POLOVTSEV, SERA",912  COHN ,"2, ZONE",492G,5257b,CLOSED,2020-12-05,02:34 AM
176672,Tree Removal,2020-12-05 04:04 AM,Tree Removal Inspection,TREEMAINTENANCE,"BLANCHETTE, PETER",2802  SILVER BOUGH ,"5, ZONE",578W,5951d,CLOSED,2020-12-05,04:04 AM
176673,Tree Trim,2020-12-05 02:45 PM,Tree Trim Inspection,TREEMAINTENANCE,"UF - POLOVTSEV, SERA", 2000 BLUE WILLOW DR&10600 INWOOD DR,"2, ZONE",489Q,4956a,CLOSED,2020-12-05,02:45 PM
176674,Tree Removal,2020-12-06 05:08 AM,Tree Removal Inspection,TREEMAINTENANCE,"BLANCHETTE, PETER",2326  THETA ,"5, ZONE",576F,5752a,CLOSED,2020-12-06,05:08 AM
176677,Tree Trim,2020-12-07 09:14 AM,Tree Trim Inspection,TREEMAINTENANCE,"UF - POLOVTSEV, SERA", 6600 COPPAGE ST&6400 PICKENS ST,"2, ZONE",492F,5258d,CLOSED,2020-12-07,09:14 AM
176678,Tree Trim,2020-12-07 11:18 AM,Tree Trim Inspection,TREEMAINTENANCE,"UF - POLOVTSEV, SERA",1529  INDIANA ,"2, ZONE",492R,5357c,CLOSED,2020-12-07,11:18 AM
176679,Tree Trim,2020-12-07 11:20 AM,Tree Trim Inspection,TREEMAINTENANCE,"UF - POLOVTSEV, SERA", 1600 INDIANA ST&2100 YUPON ST,"2, ZONE",492R,5357c,CLOSED,2020-12-07,11:20 AM
176680,Tree Trim,2020-12-07 01:21 PM,Tree Trim Inspection,TREEMAINTENANCE,"UF - JONES, CODY",1021  WAVERLY ,"3, ZONE",492D,5358a,CLOSED,2020-12-07,01:21 PM
176687,Tree Trim,2020-12-07 03:28 PM,Tree Trim Inspection,TREEMAINTENANCE,"BLANCHETTE, PETER", 1000 ALTIC ST&5100 POLK ST,"5, ZONE",494X,5556a,CLOSED,2020-12-07,03:28 PM
176689,Tree Removal,2020-12-07 03:39 PM,Tree Removal Inspection,TREEMAINTENANCE,"UF - JONES, CODY", 7900 CAROLWOOD DR&8116 N WAYSIDE DR,"4, ZONE",455F,5560b,CLOSED,2020-12-07,03:39 PM
176690,Tree Trim,2020-12-07 04:22 PM,Tree Trim Inspection,TREEMAINTENANCE,"BLANCHETTE, PETER",313  ESTELLE ,"5, ZONE",494T,5457d,CLOSED,2020-12-07,04:22 PM
176692,Tree Removal,2020-12-08 10:30 AM,Tree Removal Inspection,TREEMAINTENANCE,"BLANCHETTE, PETER",2520  LIVE OAK.,"6, ZONE",493Y,5456c,CLOSED,2020-12-08,10:30 AM
176696,Tree Trim,2020-12-08 11:51 AM,Tree Trim Inspection,TREEMAINTENANCE,"UF - POLOVTSEV, SERA",6404  EAGLE PASS ,"4, ZONE",494D,5558a,CLOSED,2020-12-08,11:51 AM
176699,Tree Trim,2020-12-08 02:35 PM,Tree Trim Inspection,TREEMAINTENANCE,"UF - JONES, CODY",4221  CASTOR ,"3, ZONE",453J,5360c,CLOSED,2020-12-08,02:35 PM
176700,Tree Stump Grinding,2020-12-08 03:54 PM,Tree Stump Inspection,TREEMAINTENANCE,"UF - POLOVTSEV, SERA",6123  BRIAR ROSE ,"2, ZONE",491N,5156a,CLOSED,2020-12-08,03:54 PM
176702,Tree Removal,2020-12-09 01:28 AM,Tree Removal Inspection,TREEMAINTENANCE,"UF - POLOVTSEV, SERA",10523  ALCOTT ,"3, ZONE",449R,4959a,CLOSED,2020-12-09,01:28 AM
176703,Tree Trim,2020-12-09 09:01 AM,Tree Trim Inspection,TREEMAINTENANCE,"UF - POLOVTSEV, SERA",12102  BOHEME ,"2, ZONE",490E,4957b,CLOSED,2020-12-09,09:01 AM
176705,Tree Removal,2020-12-09 10:17 AM,Tree Removal Inspection,TREEMAINTENANCE,"BLANCHETTE, PETER",8331  DETROIT ,"5, ZONE",535L,5654a,CLOSED,2020-12-09,10:17 AM
176706,Tree Removal,2020-12-09 11:05 AM,Tree Removal Inspection,TREEMAINTENANCE,"UF - JONES, CODY", 500 W 18TH ST&1800 NICHOLSON ST,"3, ZONE",452V,5359c,CLOSED,2020-12-09,11:05 AM
176707,Tree Trim,2020-12-09 11:29 AM,Tree Trim Inspection,TREEMAINTENANCE,"BLANCHETTE, PETER",5353  PEASE ,"5, ZONE",494Y,5556c,CLOSED,2020-12-09,11:29 AM
176712,Tree Trim,2020-12-09 03:32 PM,Tree Trim Inspection,TREEMAINTENANCE,"UF - POLOVTSEV, SERA",3802  KNOTTY OAKS ,"7, ZONE",572J,5252d,CLOSED,2020-12-09,03:32 PM
176718,Tree Removal,2020-12-10 03:47 AM,Tree Removal Inspection,TREEMAINTENANCE,"UF - POLOVTSEV, SERA",8115  LUGARY ,"7, ZONE",530Q,5054b,CLOSED,2020-12-10,03:47 AM
176720,Tree Trim,2020-12-10 09:31 AM,Tree Trim Inspection,TREEMAINTENANCE,"UF - POLOVTSEV, SERA",4526 WAYNESBORO HOUSTON TX,"7, ZONE",531Z,5153b,CLOSED,2020-12-10,09:31 AM
176721,Tree Trim,2020-12-10 09:37 AM,Tree Trim Inspection,TREEMAINTENANCE,"UF - POLOVTSEV, SERA",4022  LEMAC ,"7, ZONE",532S,5254c,CLOSED,2020-12-10,09:37 AM
176722,Tree Removal,2020-12-10 10:00 AM,Tree Removal Inspection,TREEMAINTENANCE,"UF - POLOVTSEV, SERA",301 E COWAN ,"2, ZONE",492K,5257b,CLOSED,2020-12-10,10:00 AM
176724,Tree Trim,2020-12-10 10:18 AM,Tree Trim Inspection,TREEMAINTENANCE,"UF - JONES, CODY", 1826 ANGELINE ST&500 SAMUEL ST,"3, ZONE",453T,5359b,CLOSED,2020-12-10,10:18 AM
176725,Tree Trim,2020-12-10 12:23 PM,Tree Trim Inspection,TREEMAINTENANCE,"BLANCHETTE, PETER",100  GILPIN (WILSON MEMORIAL PARK),"5, ZONE",576G,5752b,CLOSED,2020-12-10,12:23 PM
176726,Tree Trim,2020-12-10 12:26 PM,Tree Trim Inspection,TREEMAINTENANCE,"BLANCHETTE, PETER",5333  BERRY CREEK (MEADOWCREEK VILLAGE PARK),"5, ZONE",536S,5754c,CLOSED,2020-12-10,12:26 PM
176727,Tree Trim,2020-12-10 12:28 PM,Tree Trim Inspection,TREEMAINTENANCE,"BLANCHETTE, PETER",3201  SHENANDOAH ,"6, ZONE",533F,5355d,CLOSED,2020-12-10,12:28 PM
176728,Tree Trim,2020-12-10 12:28 PM,Tree Trim Inspection,TREEMAINTENANCE,"BLANCHETTE, PETER",7302  KELLER (PECAN PARK),"5, ZONE",535E,5655c,CLOSED,2020-12-10,12:28 PM
176729,Tree Trim,2020-12-10 12:31 PM,Tree Trim Inspection,TREEMAINTENANCE,"BLANCHETTE, PETER",8200  PARK PLACE (CHARLTON PARK),"5, ZONE",535P,5654a,CLOSED,2020-12-10,12:31 PM
176730,Tree Trim,2020-12-10 12:31 PM,Tree Trim Inspection,TREEMAINTENANCE,"BLANCHETTE, PETER",5802  ARDMORE ,"6, ZONE",533F,5355b,CLOSED,2020-12-10,12:31 PM
176731,Tree Trim,2020-12-10 12:37 PM,Tree Trim Inspection,TREEMAINTENANCE,"BLANCHETTE, PETER", 1000 N 76TH ST&7600 AVENUE J,"5, ZONE",495S,5556b,CLOSED,2020-12-10,12:37 PM
176732,Tree Trim,2020-12-10 12:40 PM,Tree Trim Inspection,TREEMAINTENANCE,"BLANCHETTE, PETER",500  AHRENS (OAK MEADOW PARK),"5, ZONE",536J,5755c,CLOSED,2020-12-10,12:40 PM
176733,Tree Trim,2020-12-10 12:41 PM,Tree Trim Inspection,TREEMAINTENANCE,"BLANCHETTE, PETER",2241  BRONSON (FREEWAY MANOR PARK),"5, ZONE",576F,5753c,CLOSED,2020-12-10,12:41 PM
176734,Tree Trim,2020-12-10 12:45 PM,Tree Trim Inspection,TREEMAINTENANCE,"BLANCHETTE, PETER",541 S 75TH (MASON PARK),"5, ZONE",535A,5556d,CLOSED,2020-12-10,12:45 PM
176735,Tree Trim,2020-12-10 03:33 PM,Tree Trim Inspection,TREEMAINTENANCE,"UF - JONES, CODY",3725  FULTON ,"4, ZONE",453Y,5459c,CLOSED,2020-12-10,03:33 PM
176736,Tree Removal,2020-12-10 04:01 PM,Tree Removal Inspection,TREEMAINTENANCE,"BLANCHETTE, PETER",7305  AVENUE I ,"5, ZONE",495S,5556b,CLOSED,2020-12-10,04:01 PM
176740,Tree Removal,2020-12-11 11:08 AM,Tree Removal Inspection,TREEMAINTENANCE,"BLANCHETTE, PETER",3818  ARBOR ,"6, ZONE",533D,5455a,CLOSED,2020-12-11,11:08 AM
176742,Tree Removal,2020-12-11 01:36 PM,Tree Removal Inspection,TREEMAINTENANCE,"BLANCHETTE, PETER", 3738 W BELLFORT AVE&10100 ICE PALACE DR,"7, ZONE",532S,5253a,CLOSED,2020-12-11,01:36 PM
176743,Tree Removal,2020-12-11 02:56 PM,Tree Removal Inspection,TREEMAINTENANCE,"BLANCHETTE, PETER",6711  AVENUE Q ,"5, ZONE",494R,5557d,CLOSED,2020-12-11,02:56 PM
176744,Tree Removal,2020-12-11 02:59 PM,Tree Removal Inspection,TREEMAINTENANCE,"BLANCHETTE, PETER",2356  RICE ,"7, ZONE",532C,5255b,CLOSED,2020-12-11,02:59 PM
176745,Tree Removal,2020-12-11 03:05 PM,Tree Removal Inspection,TREEMAINTENANCE,"UF - POLOVTSEV, SERA",8701  CLARINGTON ,"4, ZONE",454G,5561c,CLOSED,2020-12-11,03:05 PM
176746,Tree Trim,2020-12-11 05:33 PM,Tree Trim Inspection,TREEMAINTENANCE,"UF - POLOVTSEV, SERA",456  CHEATHAM ,"4, ZONE",298Y,5970b,CLOSED,2020-12-11,05:33 PM
176747,Tree Trim,2020-12-11 05:34 PM,Tree Trim Inspection,TREEMAINTENANCE,"UF - POLOVTSEV, SERA",348  MAGNOLIA POINT ,"4, ZONE",298X,5970a,CLOSED,2020-12-11,05:34 PM
176748,Tree Trim,2020-12-11 05:37 PM,Tree Trim Inspection,TREEMAINTENANCE,"UF - POLOVTSEV, SERA",348  MAGNOLIA ,"4, ZONE",298X,5970a,CLOSED,2020-12-11,05:37 PM
176749,Tree Trim,2020-12-13 12:53 AM,Tree Trim Inspection,TREEMAINTENANCE,"BLANCHETTE, PETER",5900  GULFTON ,"7, ZONE",531A,5155a,CLOSED,2020-12-13,12:53 AM
176750,Tree Removal,2020-12-13 03:26 PM,Tree Removal Inspection,TREEMAINTENANCE,"BLANCHETTE, PETER", 3802 BLODGETT,"6, ZONE",533D,5455a,CLOSED,2020-12-13,03:26 PM
176751,Tree Stump Grinding,2020-12-13 03:30 PM,Tree Stump Inspection,TREEMAINTENANCE,"UF - POLOVTSEV, SERA",6215  HAIGHT ,"4, ZONE",455P,5660c,CLOSED,2020-12-13,03:30 PM
176752,Tree Trim,2020-12-13 04:13 PM,Tree Trim Inspection,TREEMAINTENANCE,"UF - BURKES, JEREMY", 1000 FOUNTAIN VIEW DR&6026 WOODWAY DR,"2, ZONE",491J,5157c,CLOSED,2020-12-13,04:13 PM
176753,Tree Removal,2020-12-13 04:25 PM,Tree Removal Inspection,TREEMAINTENANCE,"UF - JONES, CODY",1010 W 42ND ,"3, ZONE",452K,5260d,CLOSED,2020-12-13,04:25 PM
176754,Tree Removal,2020-12-13 04:40 PM,Tree Removal Inspection,TREEMAINTENANCE,"UF - JONES, CODY",6731  COUCH ,"3, ZONE",412X,5261b,CLOSED,2020-12-13,04:40 PM
176755,Tree Trim,2020-12-13 04:55 PM,Tree Trim Inspection,TREEMAINTENANCE,"BLANCHETTE, PETER",2314  BERKLEY ,"5, ZONE",535F,5655c,CLOSED,2020-12-13,04:55 PM
176758,Tree Trim,2020-12-14 07:38 AM,Tree Trim Inspection,TREEMAINTENANCE,"BLANCHETTE, PETER", 5090 S BRAESWOOD BLVD&0 S RICE AVE,"7, ZONE",531U,5154d,CLOSED,2020-12-14,07:38 AM
176759,Tree Trim,2020-12-14 07:47 AM,Tree Trim Inspection,TREEMAINTENANCE,"UF - POLOVTSEV, SERA", 4700 S BRAESWOOD BLVD&9300 W LOOP FWY S,"7, ZONE",531U,5154d,CLOSED,2020-12-14,07:47 AM
176761,Tree Trim,2020-12-14 08:31 AM,Tree Trim Inspection,TREEMAINTENANCE,"UF - POLOVTSEV, SERA", 4300 BERAN DR&13600 QUENTION DR,"7, ZONE",572J,5252c,CLOSED,2020-12-14,08:31 AM
176762,Tree Removal,2020-12-14 09:12 AM,Tree Removal Inspection,TREEMAINTENANCE,"BLANCHETTE, PETER",5010  COSBY ,"6, ZONE",534N,5454b,CLOSED,2020-12-14,09:12 AM
176764,Tree Trim,2020-12-14 10:25 AM,Tree Trim Inspection,TREEMAINTENANCE,"UF - POLOVTSEV, SERA",8618  FERRIS ,"7, ZONE",531P,5154d,CLOSED,2020-12-14,10:25 AM
176765,Tree Trim,2020-12-14 10:26 AM,Tree Trim Inspection,TREEMAINTENANCE,"UF - JONES, CODY", 2120 ELMVIEW DR&9600 TRUSCON DR,"3, ZONE",450T,5059a,CLOSED,2020-12-14,10:26 AM
176766,Tree Trim,2020-12-14 10:44 AM,Tree Trim Inspection,TREEMAINTENANCE,"BLANCHETTE, PETER",11202 SAGECREEK DR,"6, ZONE",616C,5750b,CLOSED,2020-12-14,10:44 AM
176768,Tree Removal,2020-12-14 11:31 AM,Tree Removal Inspection,TREEMAINTENANCE,"UF - JONES, CODY",2514  AREBA ,"3, ZONE",411Z,5161b,CLOSED,2020-12-14,11:31 AM
176769,Tree Trim,2020-12-14 12:01 PM,Tree Trim Inspection,TREEMAINTENANCE,"BLANCHETTE, PETER",7011  QUINCE ,"5, ZONE",535E,5555d,CLOSED,2020-12-14,12:01 PM
176770,Tree Removal,2020-12-14 12:22 PM,Tree Removal Inspection,TREEMAINTENANCE,"UF - JONES, CODY",8811  FELAND ,"4, ZONE",455G,5661c,CLOSED,2020-12-14,12:22 PM
176771,Tree Removal,2020-12-14 12:28 PM,Tree Removal Inspection,TREEMAINTENANCE,"UF - JONES, CODY",915  NORTHWOOD ,"3, ZONE",453X,5359d,CLOSED,2020-12-14,12:28 PM
176772,Tree Removal,2020-12-14 12:44 PM,Tree Removal Inspection,TREEMAINTENANCE,"UF - JONES, CODY",7058  COLE CREEK ,"3, ZONE",451A,5061d,CLOSED,2020-12-14,12:44 PM
176774,Tree Removal,2020-12-14 01:54 PM,Tree Removal Inspection,TREEMAINTENANCE,"UF - JONES, CODY",4818  WYNNEWOOD ,"4, ZONE",456T,5759a,CLOSED,2020-12-14,01:54 PM
176779,Tree Removal,2020-12-14 02:45 PM,Tree Removal Inspection,TREEMAINTENANCE,"UF - POLOVTSEV, SERA",2049  BRANARD ,"2, ZONE",492U,5356a,CLOSED,2020-12-14,02:45 PM
176780,Tree Trim,2020-12-14 03:54 PM,Tree Trim Inspection,TREEMAINTENANCE,"BLANCHETTE, PETER", 2806 ANITA ST,"6, ZONE",493Y,5456c,CLOSED,2020-12-14,03:54 PM
176781,Tree Removal,2020-12-14 04:57 PM,Tree Removal Inspection,TREEMAINTENANCE,"UF - POLOVTSEV, SERA",5906  YARWELL ,"7, ZONE",531S,5153a,CLOSED,2020-12-14,04:57 PM
176782,Tree Removal,2020-12-14 06:20 PM,Tree Removal Inspection,TREEMAINTENANCE,"UF - JONES, CODY",180  MERCURY ,"4, ZONE",496A,5658b,CLOSED,2020-12-14,06:20 PM
176783,Tree Planting,2020-12-14 06:49 PM,Tree Planting Inspection,TREEPROTECTION,"UF - JONES, CODY",2313  GREGG ,"4, ZONE",494A,5458b,CLOSED,2020-12-14,06:49 PM
176784,Tree Removal,2020-12-14 07:06 PM,Tree Removal Inspection,TREEMAINTENANCE,"UF - JONES, CODY", 7900 FLINTRIDGE DR&8100 N WAYSIDE DR,"4, ZONE",455F,5560b,CLOSED,2020-12-14,07:06 PM
176785,Tree Trim,2020-12-15 01:19 AM,Tree Trim Inspection,TREEMAINTENANCE,"PATINO, ARNULFO",8115  LUGARY ,"7, ZONE",530Q,5054b,CLOSED,2020-12-15,01:19 AM
176786,Tree Removal,2020-12-15 07:28 AM,Tree Removal Inspection,TREEMAINTENANCE,"BLANCHETTE, PETER",202  GRACE ,"5, ZONE",494P,5457d,CLOSED,2020-12-15,07:28 AM
176787,Tree Removal,2020-12-15 09:20 AM,Tree Removal Inspection,TREEMAINTENANCE,"UF - JONES, CODY",810  PAUL QUINN ,"3, ZONE",452C,5261d,CLOSED,2020-12-15,09:20 AM
176788,Tree Trim,2020-12-15 11:32 AM,Tree Trim Inspection,TREEMAINTENANCE,"UF - POLOVTSEV, SERA",1001  BISSONNET ,"7, ZONE",493W,5356d,CLOSED,2020-12-15,11:32 AM
176790,Tree Removal,2020-12-15 12:24 PM,Tree Removal Inspection,TREEMAINTENANCE,"BLANCHETTE, PETER",7718  AVENUE H ,"5, ZONE",495W,5656a,CLOSED,2020-12-15,12:24 PM
176791,Tree Trim,2020-12-15 12:29 PM,Tree Trim Inspection,TREEMAINTENANCE,"UF - JONES, CODY",6303  WILSHIRE ,"3, ZONE",410Z,5061d,CLOSED,2020-12-15,12:29 PM
176794,Tree Removal,2020-12-15 01:41 PM,Tree Removal Inspection,TREEMAINTENANCE,"UF - POLOVTSEV, SERA",7015  KRAUSE ,"7, ZONE",571W,5150c,CLOSED,2020-12-15,01:41 PM
176796,Tree Trim,2020-12-15 02:18 PM,Tree Trim Inspection,TREEMAINTENANCE,"UF - POLOVTSEV, SERA",2122  FREEMAN ,"4, ZONE",493C,5458c,CLOSED,2020-12-15,02:18 PM
176797,Tree Trim,2020-12-15 02:52 PM,Tree Trim Inspection,TREEMAINTENANCE,"UF - POLOVTSEV, SERA",15610  BRIAR SPRING ,"7, ZONE",571X,5150a,CLOSED,2020-12-15,02:52 PM
176798,Tree Trim,2020-12-16 07:47 AM,Tree Trim Inspection,TREEMAINTENANCE,"UF - POLOVTSEV, SERA", 100 BURRESS ST&9000 FULTON ST,"4, ZONE",453F,5361d,CLOSED,2020-12-16,07:47 AM
176801,Tree Trim,2020-12-16 01:53 PM,Tree Trim Inspection,TREEMAINTENANCE,"UF - JONES, CODY",1475 W GRAY ,"2, ZONE",492R,5357c,CLOSED,2020-12-16,01:53 PM
176803,Tree Trim,2020-12-16 03:34 PM,Tree Trim Inspection,TREEMAINTENANCE,"BLANCHETTE, PETER",104  GLENDALE ,"5, ZONE",495W,5556d,CLOSED,2020-12-16,03:34 PM
176804,Tree Removal,2020-12-16 04:26 PM,Tree Removal Inspection,TREEMAINTENANCE,"UF - JONES, CODY",5510  COLLINGSWORTH ,"4, ZONE",454Y,5559c,CLOSED,2020-12-16,04:26 PM
176811,Tree Trim,2020-12-17 03:13 AM,Tree Trim Inspection,TREEMAINTENANCE,"UF - POLOVTSEV, SERA", 2200 DEER SPRINGS DR&1600 WOODLAND HILLS DR,"4, ZONE",336G,5769a,CLOSED,2020-12-17,03:13 AM
176812,Tree Removal,2020-12-17 05:03 AM,Tree Removal Inspection,TREEMAINTENANCE,"UF - POLOVTSEV, SERA",916  COHN ,"2, ZONE",492G,5257b,CLOSED,2020-12-17,05:03 AM
176816,Tree Trim,2020-12-17 08:52 AM,Tree Trim Inspection,TREEMAINTENANCE,"UF - POLOVTSEV, SERA",3435  BRANARD ,"2, ZONE",492T,5256a,CLOSED,2020-12-17,08:52 AM
176817,Tree Trim,2020-12-17 10:04 AM,Tree Trim Inspection,TREEMAINTENANCE,"UF - POLOVTSEV, SERA", 3350 MCCUE RD&5000 SOUTHWEST FWY,"2, ZONE",491Y,5156d,CLOSED,2020-12-17,10:04 AM
176818,Tree Trim,2020-12-17 11:25 AM,Tree Trim Inspection,TREEMAINTENANCE,"BLANCHETTE, PETER",2423 RUTH ST,"6, ZONE",493Y,5356d,CLOSED,2020-12-17,11:25 AM
176819,Tree Planting,2020-12-17 12:17 PM,Tree Planting Inspection,TREEPLANTING,"UF - POLOVTSEV, SERA",2111  BANKS ,"7, ZONE",492Z,5356c,CLOSED,2020-12-17,12:17 PM
176820,Tree Removal,2020-12-17 01:19 PM,Tree Removal Inspection,TREEMAINTENANCE,"UF - JONES, CODY",1513  WHITE OAK ,"3, ZONE",493B,5358b,CLOSED,2020-12-17,01:19 PM
176821,Tree Trim,2020-12-17 01:21 PM,Tree Trim Inspection,TREEMAINTENANCE,"BLANCHETTE, PETER",6540  HEFFERNAN ,"6, ZONE",534Y,5553a,CLOSED,2020-12-17,01:21 PM
176822,Tree Removal,2020-12-17 01:33 PM,Tree Removal Inspection,TREEMAINTENANCE,"BLANCHETTE, PETER",7718  AVENUE H ,"5, ZONE",495W,5656a,CLOSED,2020-12-17,01:33 PM
176823,Tree Trim,2020-12-17 03:00 PM,Tree Trim Inspection,TREEMAINTENANCE,"BLANCHETTE, PETER",5727  NORTHRIDGE ,"6, ZONE",534W,5453b,CLOSED,2020-12-17,03:00 PM
176830,Tree Trim,2020-12-17 04:15 PM,Tree Trim Inspection,TREEMAINTENANCE,"BLANCHETTE, PETER",7318  JAPONICA ,"5, ZONE",535E,5655a,CLOSED,2020-12-17,04:15 PM
176831,Tree Removal,2020-12-17 04:17 PM,Tree Removal Inspection,TREEMAINTENANCE,"BLANCHETTE, PETER",7318  JAPONICA ,"5, ZONE",535E,5655a,CLOSED,2020-12-17,04:17 PM
176832,Tree Trim,2020-12-17 07:16 PM,Tree Trim Inspection,TREEMAINTENANCE,"UF - JONES, CODY",17510  NORTH ,"3, ZONE",332L,5268a,CLOSED,2020-12-17,07:16 PM
176833,Tree Trim,2020-12-17 07:21 PM,Tree Trim Inspection,TREEMAINTENANCE,"UF - JONES, CODY", 2 E FM 1960 RD&17490 NORTH FWY,"3, ZONE",332K,5268a,CLOSED,2020-12-17,07:21 PM
176834,Tree Removal,2020-12-18 05:06 AM,Tree Removal Inspection,TREEMAINTENANCE,"UF - POLOVTSEV, SERA",565  BROWN SADDLE ,"2, ZONE",491K,5157a,CLOSED,2020-12-18,05:06 AM
176835,Tree Trim,2020-12-18 08:25 AM,Tree Trim Inspection,TREEMAINTENANCE,"UF - POLOVTSEV, SERA", 5700 BEECHNUT ST&8400 HILLCROFT AVE,"7, ZONE",531N,5154c,CLOSED,2020-12-18,08:25 AM
176839,Tree Removal,2020-12-18 09:06 AM,Tree Removal Inspection,TREEMAINTENANCE,"BLANCHETTE, PETER",7211  ILEX ,"5, ZONE",535E,5555b,CLOSED,2020-12-18,09:06 AM
176840,Tree Trim,2020-12-18 11:38 AM,Tree Trim Inspection,TREEMAINTENANCE,"UF - POLOVTSEV, SERA",5843  EFFINGHAM ,"7, ZONE",571E,5152a,CLOSED,2020-12-18,11:38 AM
176841,Tree Trim,2020-12-18 11:46 AM,Tree Trim Inspection,TREEMAINTENANCE,"UF - POLOVTSEV, SERA",6115  MCKINSTRY ,"7, ZONE",571P,5151b,CLOSED,2020-12-18,11:46 AM
176842,Tree Trim,2020-12-18 11:48 AM,Tree Trim Inspection,TREEMAINTENANCE,"UF - POLOVTSEV, SERA",6126  MCKINSTRY ,"7, ZONE",571P,5151b,CLOSED,2020-12-18,11:48 AM
176848,Tree Removal,2020-12-18 04:12 PM,Tree Removal Inspection,TREEMAINTENANCE,"UF - POLOVTSEV, SERA",4814  COURT ,"7, ZONE",611C,5150d,CLOSED,2020-12-18,04:12 PM
176849,Tree Removal,2020-12-18 04:28 PM,Tree Removal Inspection,TREEMAINTENANCE,"UF - POLOVTSEV, SERA",2118  GLEN HAVEN ,"7, ZONE",532H,5355c,CLOSED,2020-12-18,04:28 PM
176850,Tree Removal,2020-12-18 10:21 PM,Tree Removal Inspection,TREEMAINTENANCE,"BLANCHETTE, PETER", 5500 BONSRELL ST&1724 HACKNEY ST,"5, ZONE",534C,5556c,CLOSED,2020-12-18,10:21 PM
176851,Tree Trim,2020-12-18 10:32 PM,Tree Trim Inspection,TREEMAINTENANCE,"UF - POLOVTSEV, SERA",4102  LAKE HOUSTON ,"4, ZONE",297T,5870a,CLOSED,2020-12-18,10:32 PM
176852,Tree Removal,2020-12-19 09:11 PM,Tree Removal Inspection,TREEMAINTENANCE,"UF - JONES, CODY",1929  ALLEN ,"2, ZONE",493J,5357b,CLOSED,2020-12-19,09:11 PM
176854,Tree Trim,2020-12-20 12:50 PM,Tree Trim Inspection,TREEMAINTENANCE,"UF - POLOVTSEV, SERA",2005  BRENTWOOD ,"2, ZONE",492R,5357c,CLOSED,2020-12-20,12:50 PM
176855,Tree Removal,2020-12-20 01:34 PM,Tree Removal Inspection,TREEMAINTENANCE,"UF - POLOVTSEV, SERA",12150  FONDREN ,"7, ZONE",570C,5052b,CLOSED,2020-12-20,01:34 PM
176856,Tree Code Violation,2020-12-20 03:52 PM,Tree Code Violation Inspection,TREEPROTECTION,"BLANCHETTE, PETER",1712  BLODGETT ,"7, ZONE",493X,5356d,CLOSED,2020-12-20,03:52 PM
176857,Tree Removal,2020-12-21 08:41 AM,Tree Removal Inspection,TREEMAINTENANCE,"BLANCHETTE, PETER",4548  BRICKER ,"6, ZONE",533V,5453a,CLOSED,2020-12-21,08:41 AM
176860,Tree Removal,2020-12-21 10:37 AM,Tree Removal Inspection,TREEMAINTENANCE,"BLANCHETTE, PETER",1200  CLAY ,"1, ZONE",493Q,5457c,CLOSED,2020-12-21,10:37 AM
176861,Tree Trim,2020-12-21 10:43 AM,Tree Trim Inspection,TREEMAINTENANCE,"BLANCHETTE, PETER",8415  ROWAN ,"2, ZONE",530K,5054a,CLOSED,2020-12-21,10:43 AM
176865,Tree Trim,2020-12-21 02:54 PM,Tree Trim Inspection,TREEMAINTENANCE,"BLANCHETTE, PETER",8506  QUAIL CREST ,"7, ZONE",610C,5049b,CLOSED,2020-12-21,02:54 PM
176867,Tree Removal,2020-12-22 03:07 AM,Tree Removal Inspection,TREEMAINTENANCE,"BLANCHETTE, PETER",8301  PARK PLACE ,"5, ZONE",535Q,5654a,CLOSED,2020-12-22,03:07 AM
176868,Tree Trim,2020-12-22 04:33 AM,Tree Trim Inspection,TREEMAINTENANCE,"UF - POLOVTSEV, SERA",1718  ROY ,"2, ZONE",492G,5258d,CLOSED,2020-12-22,04:33 AM
176871,Tree Trim,2020-12-22 09:33 AM,Tree Trim Inspection,TREEMAINTENANCE,"UF - POLOVTSEV, SERA", 30 E BROAD OAKS DR&2 W BROAD OAKS DR,"2, ZONE",491K,5157a,CLOSED,2020-12-22,09:33 AM
176872,Tree Removal,2020-12-22 11:14 AM,Tree Removal Inspection,TREEMAINTENANCE,"UF - BHATTARAI, NIMESH",8311 MELROSE ST,"4, ZONE",453G,77022,CLOSED,2020-12-22,11:14 AM
176873,Tree Removal,2020-12-22 12:26 PM,Tree Removal Inspection,TREEMAINTENANCE,"UF - JONES, CODY",1229  CORTLANDT ,"3, ZONE",453W,5359c,CLOSED,2020-12-22,12:26 PM
176874,Tree Trim,2020-12-22 12:34 PM,Tree Trim Inspection,TREEMAINTENANCE,"UF - POLOVTSEV, SERA", 1600 AIRPORT BLVD&11900 ALMEDA RD,"7, ZONE",572H,5352a,CLOSED,2020-12-22,12:34 PM
176875,Tree Trim,2020-12-22 01:28 PM,Tree Trim Inspection,TREEMAINTENANCE,"UF - JONES, CODY",1229  CORTLANDT ,"3, ZONE",453W,5359c,CLOSED,2020-12-22,01:28 PM
176877,Tree Removal,2020-12-22 04:15 PM,Tree Removal Inspection,TREEMAINTENANCE,"UF - POLOVTSEV, SERA",5102  RIDGEHAVEN ,"7, ZONE",611C,5150d,CLOSED,2020-12-22,04:15 PM
176878,Tree Trim,2020-12-23 07:37 AM,Tree Trim Inspection,TREEMAINTENANCE,"BLANCHETTE, PETER",6033  HERMANN PARK ,"7, ZONE",533A,5355b,CLOSED,2020-12-23,07:37 AM
176879,Tree Trim,2020-12-23 07:47 AM,Tree Trim Inspection,TREEMAINTENANCE,"UF - POLOVTSEV, SERA", 2600 DAIRY ASHFORD RD&2450 S DAIRY ASHFORD RD&12600 WESTHEIMER RD,"2, ZONE",488V,4856c,CLOSED,2020-12-23,07:47 AM
176880,Tree Trim,2020-12-23 08:24 AM,Tree Trim Inspection,TREEMAINTENANCE,"UF - BURKES, JEREMY",5008  LOCKWOOD ,"4, ZONE",454U,5559a,CLOSED,2020-12-23,08:24 AM
176882,Tree Removal,2020-12-23 10:03 AM,Tree Removal Inspection,TREEMAINTENANCE,"UF - POLOVTSEV, SERA",1519  HAWTHORNE ,"2, ZONE",492V,5356a,CLOSED,2020-12-23,10:03 AM
176883,Tree Removal,2020-12-23 10:27 AM,Tree Removal Inspection,TREEMAINTENANCE,"UF - POLOVTSEV, SERA",7923  BURGOYNE ,"2, ZONE",490V,5056b,CLOSED,2020-12-23,10:27 AM
176884,Tree Removal,2020-12-23 11:09 AM,Tree Removal Inspection,TREEMAINTENANCE,"UF - POLOVTSEV, SERA",1619  BEACHTON ,"2, ZONE",493G,5458c,CLOSED,2020-12-23,11:09 AM
176885,Tree Removal,2020-12-23 12:20 PM,Tree Removal Inspection,TREEMAINTENANCE,"UF - JONES, CODY",6627  CORPUS CHRISTI ,"4, ZONE",494D,5558b,CLOSED,2020-12-23,12:20 PM
176886,Tree Removal,2020-12-23 12:51 PM,Tree Removal Inspection,TREEMAINTENANCE,"UF - POLOVTSEV, SERA", 700 DAIRY ASHFORD RD&14600 MEMORIAL DR,"2, ZONE",488H,4857a,CLOSED,2020-12-23,12:51 PM
176887,Tree Trim,2020-12-24 07:08 AM,Tree Trim Inspection,TREEMAINTENANCE,"UF - POLOVTSEV, SERA", 3200 BISSONNET ST&5300 BUFFALO SPWY,"7, ZONE",492X,5256d,CLOSED,2020-12-24,07:08 AM
176888,Tree Removal,2020-12-24 10:15 AM,Tree Removal Inspection,TREEMAINTENANCE,"UF - POLOVTSEV, SERA", 700 DAIRY ASHFORD RD&14600 MEMORIAL DR,"2, ZONE",488H,4857a,CLOSED,2020-12-24,10:15 AM
176889,Tree Removal,2020-12-24 12:34 PM,Tree Removal Inspection,TREEMAINTENANCE,"UF - POLOVTSEV, SERA",609 N ELDRIDGE ,"2, ZONE",488G,4757b,CLOSED,2020-12-24,12:34 PM
176890,Tree Removal,2020-12-24 01:03 PM,Tree Removal Inspection,TREEMAINTENANCE,"UF - JONES, CODY", 5400 CAREY ST&7100 SHOTWELL ST,"4, ZONE",454L,5560c,CLOSED,2020-12-24,01:03 PM
176891,Tree Trim,2020-12-24 03:52 PM,Tree Trim Inspection,TREEMAINTENANCE,"UF - BURKES, JEREMY", 2600 DAIRY ASHFORD RD&2450 S DAIRY ASHFORD RD&12600 WESTHEIMER RD,"2, ZONE",488V,4856c,CLOSED,2020-12-24,03:52 PM
176892,Tree Removal,2020-12-26 01:50 PM,Tree Removal Inspection,TREEMAINTENANCE,"BLANCHETTE, PETER",8542  COWART ,"5, ZONE",495L,5657a,CLOSED,2020-12-26,01:50 PM
176893,Tree Trim,2020-12-26 02:32 PM,Tree Trim Inspection,TREEMAINTENANCE,"UF - POLOVTSEV, SERA",3522  CHIMNEY ROCK ,"2, ZONE",491X,5156c,CLOSED,2020-12-26,02:32 PM
176894,Tree Trim,2020-12-27 09:56 AM,Tree Trim Inspection,TREEMAINTENANCE,"BLANCHETTE, PETER",8330  LOCKHEED ,"6, ZONE",575E,5652a,CLOSED,2020-12-27,09:56 AM
176895,Tree Removal,2020-12-27 01:53 PM,Tree Removal Inspection,TREEMAINTENANCE,"UF - JONES, CODY",1927  ROXELLA ,"4, ZONE",413Z,5461a,CLOSED,2020-12-27,01:53 PM
176899,Tree Trim,2020-12-28 08:55 AM,Tree Trim Inspection,TREEMAINTENANCE,"BLANCHETTE, PETER",301  LENOX ,"5, ZONE",494U,5556a,CLOSED,2020-12-28,08:55 AM
176901,Tree Removal,2020-12-28 10:37 AM,Tree Removal Inspection,TREEMAINTENANCE,"UF - JONES, CODY",1015  LAMONTE ,"3, ZONE",452K,5260d,CLOSED,2020-12-28,10:37 AM
176902,Tree Trim,2020-12-28 10:49 AM,Tree Trim Inspection,TREEMAINTENANCE,"UF - POLOVTSEV, SERA",4701  BENNING ,"7, ZONE",571D,5153d,CLOSED,2020-12-28,10:49 AM
176903,Tree Trim,2020-12-28 11:06 AM,Tree Trim Inspection,TREEMAINTENANCE,"UF - JONES, CODY",1330  CANDLELIGHT ,"3, ZONE",452F,5260a,CLOSED,2020-12-28,11:06 AM
176905,Tree Trim,2020-12-28 11:55 AM,Tree Trim Inspection,TREEMAINTENANCE,"UF - JONES, CODY",8100  KENTON ,"4, ZONE",455P,5660c,CLOSED,2020-12-28,11:55 AM
176907,Tree Trim,2020-12-28 12:37 PM,Tree Trim Inspection,TREEMAINTENANCE,"UF - JONES, CODY",7431  DEEP FOREST ,"3, ZONE",411T,5162c,CLOSED,2020-12-28,12:37 PM
176908,Tree Removal,2020-12-28 01:31 PM,Tree Removal Inspection,TREEMAINTENANCE,"UF - JONES, CODY",3311  COLLINGSWORTH ,"4, ZONE",454X,5459d,CLOSED,2020-12-28,01:31 PM
176909,Tree Trim,2020-12-28 01:37 PM,Tree Trim Inspection,TREEMAINTENANCE,"UF - JONES, CODY",2022  WAVELL ,"3, ZONE",412N,5262a,CLOSED,2020-12-28,01:37 PM
176911,Tree Trim,2020-12-28 02:08 PM,Tree Trim Inspection,TREEMAINTENANCE,"UF - JONES, CODY",1109 W 21ST ,"3, ZONE",452U,5259d,CLOSED,2020-12-28,02:08 PM
176912,Tree Removal,2020-12-28 03:18 PM,Tree Removal Inspection,TREEMAINTENANCE,"BLANCHETTE, PETER",5200  SELINSKY ,"6, ZONE",574J,5452d,CLOSED,2020-12-28,03:18 PM
176917,Tree Trim,2020-12-29 08:46 AM,Tree Trim Inspection,TREEMAINTENANCE,"BLANCHETTE, PETER",8542  COWART ,"5, ZONE",495L,5657a,CLOSED,2020-12-29,08:46 AM
176918,Tree Trim,2020-12-29 09:01 AM,Tree Trim Inspection,TREEMAINTENANCE,"BLANCHETTE, PETER",7107  QUINCE ,"5, ZONE",535E,5555d,CLOSED,2020-12-29,09:01 AM
176919,Tree Code Violation,2020-12-29 09:06 AM,Tree Code Violation Inspection,TREEPROTECTION,"UF - JONES, CODY",1131  STONECREST ,"3, ZONE",452Q,5259b,CLOSED,2020-12-29,09:06 AM
176920,Tree Trim,2020-12-29 10:27 AM,Tree Trim Inspection,TREEMAINTENANCE,"BLANCHETTE, PETER",5822  SOUTHWIND ,"6, ZONE",534T,5454d,CLOSED,2020-12-29,10:27 AM
176921,Tree Removal,2020-12-29 11:03 AM,Tree Removal Inspection,TREEMAINTENANCE,"UF - JONES, CODY",10731  ROYAL PINE ,"4, ZONE",414S,5462d,CLOSED,2020-12-29,11:03 AM
176925,Tree Trim,2020-12-29 01:17 PM,Tree Trim Inspection,TREEMAINTENANCE,"UF - JONES, CODY", 5500 KANSAS ST&2600 RADCLIFFE ST,"3, ZONE",492C,5258d,CLOSED,2020-12-29,01:17 PM
176926,Tree Trim,2020-12-29 01:23 PM,Tree Trim Inspection,TREEMAINTENANCE,"UF - JONES, CODY", 5500 KANSAS ST&2600 RADCLIFFE ST,"3, ZONE",492C,5258d,CLOSED,2020-12-29,01:23 PM
176927,Tree Trim,2020-12-29 01:29 PM,Tree Trim Inspection,TREEMAINTENANCE,"UF - JONES, CODY", 5300 DARLING ST&2300 DETERING ST,"3, ZONE",492C,5258d,CLOSED,2020-12-29,01:29 PM
176928,Tree Removal,2020-12-29 01:41 PM,Tree Removal Inspection,TREEMAINTENANCE,"PATINO, ARNULFO",1913  BANKS ,"7, ZONE",492Z,5356c,CLOSED,2020-12-29,01:41 PM
176929,Tree Removal,2020-12-29 01:54 PM,Tree Removal Inspection,TREEMAINTENANCE,"UF - JONES, CODY",1812  ELMEN ,"2, ZONE",492R,5357c,CLOSED,2020-12-29,01:54 PM
176930,Tree Removal,2020-12-29 02:10 PM,Tree Removal Inspection,TREEMAINTENANCE,"UF - JONES, CODY",2004 W MCKINNEY ,"2, ZONE",493J,5357b,CLOSED,2020-12-29,02:10 PM
176936,Tree Trim,2020-12-29 03:32 PM,Tree Trim Inspection,TREEMAINTENANCE,"BLANCHETTE, PETER",10006  AVES ,"5, ZONE",576J,5752a,CLOSED,2020-12-29,03:32 PM
176939,Tree Removal,2020-12-29 05:31 PM,Tree Removal Inspection,TREEMAINTENANCE,"UF - POLOVTSEV, SERA",12211  PINE KNOLL ,"2, ZONE",529S,4853b,CLOSED,2020-12-29,05:31 PM
176941,Tree Trim,2020-12-30 08:05 AM,Tree Trim Inspection,TREEMAINTENANCE,"BLANCHETTE, PETER",6116  BEEKMAN ,"6, ZONE",534P,5454b,CLOSED,2020-12-30,08:05 AM
176942,Tree Trim,2020-12-30 09:38 AM,Tree Trim Inspection,TREEMAINTENANCE,"UF - JONES, CODY",11531  FM 1960 ,"4, ZONE",338R,6068a,CLOSED,2020-12-30,09:38 AM
176943,Tree Removal,2020-12-30 09:52 AM,Tree Removal Inspection,TREEMAINTENANCE,"BLANCHETTE, PETER",710  WOODHORN ,"5, ZONE",618J,5949b,CLOSED,2020-12-30,09:52 AM
176944,Tree Removal,2020-12-30 10:04 AM,Tree Removal Inspection,TREEMAINTENANCE,"UF - JONES, CODY",833  ARLINGTON ,"3, ZONE",493A,5358a,CLOSED,2020-12-30,10:04 AM
176945,Tree Removal,2020-12-30 10:07 AM,Tree Removal Inspection,TREEMAINTENANCE,"UF - POLOVTSEV, SERA",5101  RUTHERGLENN ,"7, ZONE",531U,5153b,CLOSED,2020-12-30,10:07 AM
176947,Tree Trim,2020-12-30 01:46 PM,Tree Trim Inspection,TREEMAINTENANCE,"UF - JONES, CODY",4738  BRIARBEND ,"7, ZONE",531Y,5153d,CLOSED,2020-12-30,01:46 PM
176948,Tree Code Violation,2020-12-30 02:12 PM,Tree Code Violation Inspection,TREEPROTECTION,"UF - BURKES, JEREMY",6751  BISSONNET ,"7, ZONE",530R,5054d,CLOSED,2020-12-30,02:12 PM
176953,Tree Trim,2020-12-30 07:51 PM,Tree Trim Inspection,TREEMAINTENANCE,"UF - POLOVTSEV, SERA",944  ARLINGTON ,"3, ZONE",493A,5358a,CLOSED,2020-12-30,07:51 PM
176954,Tree Removal,2020-12-31 07:56 AM,Tree Removal Inspection,TREEMAINTENANCE,"UF - JONES, CODY",6501  MEMORIAL ,"2, ZONE",492K,5257b,CLOSED,2020-12-31,07:56 AM
176955,Tree Removal,2020-12-31 08:54 AM,Tree Removal Inspection,TREEMAINTENANCE,"UF - POLOVTSEV, SERA",1826  RICHMOND ,"2, ZONE",492Z,5356c,CLOSED,2020-12-31,08:54 AM
176956,Tree Removal,2020-12-31 09:38 AM,Tree Removal Inspection,TREEMAINTENANCE,"BLANCHETTE, PETER",4015  JULIET ,"6, ZONE",534L,5555c,CLOSED,2020-12-31,09:38 AM
176957,Tree Removal,2020-12-31 09:40 AM,Tree Removal Inspection,TREEMAINTENANCE,"BLANCHETTE, PETER",4015  JULIET ,"6, ZONE",534L,5555c,CLOSED,2020-12-31,09:40 AM
176958,Tree Removal,2020-12-31 09:57 AM,Tree Removal Inspection,TREEMAINTENANCE,"PATINO, ARNULFO",1836  RICHMOND ,"2, ZONE",492Z,5356c,CLOSED,2020-12-31,09:57 AM
176959,Tree Removal,2020-12-31 10:13 AM,Tree Removal Inspection,TREEMAINTENANCE,"UF - JONES, CODY",8918  IVY SPRING ,"3, ZONE",412L,5263d,CLOSED,2020-12-31,10:13 AM
176960,Tree Trim,2020-12-31 10:29 AM,Tree Trim Inspection,TREEMAINTENANCE,"UF - POLOVTSEV, SERA", 2000 HAMILTON ST&1900 PIERCE ST,"1, ZONE",493U,5456a,CLOSED,2020-12-31,10:29 AM
176961,Tree Trim,2020-12-31 10:29 AM,Tree Trim Inspection,TREEMAINTENANCE,"UF - JONES, CODY",1015  LAMONTE ,"3, ZONE",452K,5260d,CLOSED,2020-12-31,10:29 AM
176963,Tree Removal,2020-12-31 12:27 PM,Tree Removal Inspection,TREEMAINTENANCE,"UF - JONES, CODY",13501  MOBILE ,"4, ZONE",497F,5858a,CLOSED,2020-12-31,12:27 PM
176964,Tree Removal,2020-12-31 12:44 PM,Tree Removal Inspection,TREEMAINTENANCE,"UF - POLOVTSEV, SERA",120  NORTH ,"3, ZONE",493C,5358b,CLOSED,2020-12-31,12:44 PM
176965,Tree Removal,2020-12-31 01:51 PM,Tree Removal Inspection,TREEMAINTENANCE,"UF - JONES, CODY",4613  BILLINGSLEY ,"4, ZONE",453U,5459c,CLOSED,2020-12-31,01:51 PM
176966,Tree Trim,2020-12-31 03:20 PM,Tree Trim Inspection,TREEMAINTENANCE,"UF - POLOVTSEV, SERA",6507  BANTA ,"7, ZONE",571X,5150a,CLOSED,2020-12-31,03:20 PM
176967,Tree Trim,2020-12-31 03:31 PM,Tree Trim Inspection,TREEMAINTENANCE,"UF - POLOVTSEV, SERA",12510  ASHLING ,"2, ZONE",529W,4853d,CLOSED,2020-12-31,03:31 PM
176968,Tree Removal,2020-12-31 07:42 PM,Tree Removal Inspection,TREEMAINTENANCE,"UF - JONES, CODY", 9700 BECKLEY ST&1900 WAVELL ST,"3, ZONE",412N,5262a,CLOSED,2020-12-31,07:42 PM
176969,Tree Removal,2020-12-31 08:08 PM,Tree Removal Inspection,TREEMAINTENANCE,"BLANCHETTE, PETER",11830  KIRKHOLM ,"6, ZONE",576Y,5751d,CLOSED,2020-12-31,08:08 PM
176970,Tree Trim,2020-12-31 09:22 PM,Tree Trim Inspection,TREEMAINTENANCE,"UF - JONES, CODY",540 W 34TH ,"3, ZONE",451R,5160d,CLOSED,2020-12-31,09:22 PM
